000000000000000000000000000000000000000000000000000000000000000001100000011000000000000000000000000011100000001100000000000000000000000000000000000000000000000000000000000000000101000000000000000000000000000000000000011000000000000000000000
000000000000000000000000000000000000000000000000000000000010000001100000001100100000000000000000000000000001001100000000000000000000000100000000000000000000000000000000000000001000100000000000000000000000000000000000000000000000000000000000
000000000000000000000000000000000000000000000000000000010001000000000000000111000000000000000000000000010001001000000000000000000000001010000000000000000000000000000000111000000100000000111000000000000000000000000000000000000000000000000000
000000000000000000000000000000000000000000000000000000011110111110000000000111000000000000000000000000011000110000000000000000000000001010000000000000000000000000000000100100000000000000000000000000000000000000111000000000000000000000000000
000000000000000000000000000000000000000000000000000000000010101110000000000000000000000000000000000000000111100000000000000000000000000100000000000000000000000000000000000010000000000000000000000000001100000000000000000000000000000000001100
000110000000000000000110000000000000000000000000000000101101110001100000000000000000000000000000000000000000100000000000000011000000000000000000000000000000000000000000010100000000000000000000000000011100000000000000000000000000000000010100
000110000000000000000000000000000000000000000000000001001000001001100000000000000000000000000000000000000000000000000000000011000000000000000000000000000000000000000000010000000000000000000000000000010010000000000000000000000000000000011000
000000000000000000000000000000000000000000000000000001001000000000010000000000000000000000000000000000000000000000000000000000000000000000000000000000000000000000000000011110000000000000100000000000010001000000000000011000000000000000000000
000000000000000000000000000000000000000000000000000000101100000011100000000000000000010100000000000000000000000000000000000000000011000000000000000000000000000000000000010110000000000000010000000000000001000000000001101011000000000000000000
000000000000000000000000000000000000000000000000000000011000000001000000000000000000100010000000000000000000000000000000000000000011000000000000000000000000000000000000000000000000000010100000000000000000011110000000001001000000000000000000
000000000000000000000000000000000000000000001100000000000000110000000000000000000000100000000000000000000000000000000000000000000000000000000000000000000110000000000000000000000000000000000000000000000011110111100010001000000000000000000000
000000000000000000000000000000000000000000001100000000000100110000000000000000000001110000000000000000000000000000000000000000100000000000000000000000000110000000000000110000111000101000000000000000000000100000110000000001011000000000000000
000000000000000000000000000000000000000000000000000000000000010000000000000000000111000000000000000000000000100000000000000001010000000000000000000000000000000000000000000000110010010111000000000000000000000001100001000000010000000000000000
000000000001000000000010000000000000000000000000000000000000000000000000000000000111000000000000000000000000110000000000000001010000001110000000000000000000000001000000000000000010011000000000000000000000000011000001001000100000000000000000
000000000010100000000101000000000000000000000000000000000000000000000100000000000111000000000000000000000001101000000000000111100000000000000000000011000000000001000000001100000100001101000000000000000000000000000001110110000000000000000000
000000000011000000000010000000000000000011100000000000000000000000000001000000000000000000000000000000000010101000000000000100000001000000000000000011000000000001000000001110010101000100010000000000000000000000000000000000000000000000000000
000000000000000000000000000000000000000000000000000000000000000000001001000000000000000000000000000000000011110010000000001010000011100000000000000000000000000000000000000001000001001000110000110000000000000000000000000000000000000000000000
000000000000000000000000000000000000000000000000000000000000000000000100000000000000001000000000000000000001101001000000000000001101010000000000000000000000011100011100001101010010011000000000001000000000000000000000000000000000000000000000
000000000000000000000000000000000000000000001000000000000000000000000011110000000000001100000000000000000000000110000000000000111101010000000000000000000000000000000000000001100110000000001100110000000000000000000000000000000000000000000000
000000000000000001010000000000000000000000010100110000000000000000000000001011000000011001000000000000000000000000000000000000000011100000000000000000000000000001000000000000000010000000001100000000000000000000000000000000000000000000000000
000000000000000110000000000010000000000000000110110001100000000000000001000011010000001000100000000000100000000000000000000000000001000000000000000000000000000001000000000000000011100000000000000000000000000000000000000000000000000000000000
000000000000000110000000000010000000000000010110000011101110000000000001001111100000111101000000000001010000000000000000000001000000000000000000000000000000000001000000000000000000100000000000000000000000000000000000000000000000000000000000
000000000110000110000000000010000000000000001100000101010101000000000000010000000011100010000000000000000000000000000000000011100000000000000000000000000000000000000000000000000010100000000000000000000000000000000000000000000000000000000000
000000000110000000000000000000000000000000100000001100000101000000100000001100000001010000010000110000000000000000000000000000011000000000000000000000110000000000000000001000000011000000000000000000000000000000000000000000000000000000000000
000000000000000000000000000000000000000000000000000110000001000000100000001100001100110000010000110110000000000000000000000000011000000000000000000000110000000000000000001100000100000000000000000000000000000000000000000000000000000000000000
000000000000000000000000000000000000000001101111000000010010000001010000000000001101100000000000010000000000000000000000000011011000000000000000000000000000000000000000001010001100000000000000000000000000000000000000000000000000000110000000
000000000000000000000000000000000000000110010001100001010001000000100000000000000101000000000000001000000000000000000000000000100000000000000000000000000000000000000000000011001100000000000000000000001110000000000000000000000110000110000000
000000000000000000000000000000000000000101001011000000100000000000100000000000000000000000000100001000110000000000000000000000000000000000000000000000000100000000100000000110000000000000000000000000000000000000000000000000000110000000000000
000000000000000000000000000000000000001000001110000000000000000000000000000000000110000000000100000100110000000000000000000000000000000000000000000000000100000000000000000100000000000000000000000000010000000000000000000000000000000000000000
000000000000000000000000000011000000000011100100000000000000000000000000000000000000000000000000000111001000000000000000000000000001100011000110010100000100000000000000000000000000000000000000000000000000000000000000000000000000000000000000
000000000000000000000000100011000000010000001000000000000000000000000000000000000000000000000000000001000000000000000000000000000110100010111110100100000000000000001110000000000000000000000000010000111000000000000000000000000000000000000000
000000000000000000000000100000000000100111110000000010000000000011000000000000000000000011100000000000011000000000000000000110000100000000010100000100000000000000000000010000000000000011100000101100001000000000000000000000000000000000000000
000000000000000000000000100000000000010111100010000011000001000010100000000000000000000010100000000000010000000000000000000110000101000001010010001000000000000000000000101000000000000000000000000000011100000000000000000000000000000000000000
000000000000000011000000000000000000000100000101000101000010100001000000000001000000000011100000000000000000000000000001000000000011011101100000010000000000000000000001001000000000000000000000010101010010000000000000000000000000000000000000
000000000000000011000000000000000000010010001000100000000010100000000000000001000000000000000000000000000000000000000111100000000000100010000001100000000000000001000000110000011000000000000000001110101010000000000000000000000000000000000000
000000000000000000000000000000000000010100000101000000000001000000000000000001000000000000000000110000000000000000001110010000000000100010000000000000000000000001000100000000100000000000000000000000000100000000000000000000000000000000000000
000000000000000000000000011000000000001000000010000000000000000000000000000000000000000000000001001000000000000000001001100000000110011100000010000000000000000010000010000001000110000000000000000000000000000000000000000000000000000000000000
000000000000000000000000100100000110000000000000000000000000000000000000000000000000000000000000110000000000000000000111000000001001000000001101100000000000000001101100000010000010000000000000000000000000000000000000000000000000000000000001
000000000000000000000000011000000110000000000000000000000000000000000000000000000000000000000000000000000000001100000010000000000110000000000000000000000000000001111000000010000000000000000000000000000000000000000000000000000000000000000001
000000110000000000000000000000000110000000000001000000000001100000000000000000000000000000000000000000000000010010000000000000000000000000000001010000000000000000000001010011000000000000000000000000000000000000000000000000000000000000000001
000000110000000000000000000000000000000000000010100000000001100000000000000000000000000000000000000000000000010010000000000000000000000000000100010000000000000000000001001000000000000000000000000000000000000000000000000000000000000000000000
011100000000000000000000000000000000000000000001000000000000000000000000000000000000000000000000000000000000001100000000000000000000000000000100110000000000000000000010010000011110000000000000000000000000000000000000000000000000000000011100
000000000000000000000000000000000000000000000000000000000000000000000000000000000000000000000000000000000000000000000000000000000000000000000011100000000000000000000010010000011100000000000000000000000000000000000000000000000000000000000000
000000000000000000000000000000011000000000000000000000000000000000000000000000000000000000000000000000000000000000000000000000000000000000000001000000000000000000000010100000001000000000000000000000000000000000000000000000000000000000000001
000000000000000000000000000000100010100000000000000000000000000000000000000000000000000000000000000000000000000000000000000000000000000000000000000000000011100000000000000000000000000000000100000000000000000000000000000000000000000000000001
000000000000000000000000000000000100010000000000000101000000000000000000000100000000000000000000111000000000000000000000000000000000000000000000000100100000000000000000000000000000000000011100000000000000000110000000000000000000000000000001
100000000000000000000000000000000000010000000000000101110000000000000000001010000000000000000000000000000000000000000000000000000000000000000000000110100000000000000000000000000000001000000000000000000000000110000000000000000000000000000000
110000000000000000000000000000110100011000000000000100001000000000000000000110000000000000000010000010000000000000000000000000000000000000000000000110000000000000011100000000000000010100000100000000000000000000000000000000000000000000000001
111000000000000000000000000000001000100000000000000011011000000000000000000000000000000000000010000010000000000000001100000000000000111000000000000000000000000000000000000000000000010110000011100000000000000000000000001100000000000000000010
001100000000000000000000000000000000000000000000000000000000000000000000000000000000000000000010000010000000000000010010000000000000000000000000000000000000000000000000000000000000110110001100000100000000000000000000001100000000000000000010
110100000000000000000000000000000000000000001000000000000000000000000000000000000000000000000000000000000000000000001100000000000000000000000000000000000000000000000000000000000000000000000000000100000000000000000000000000000000000000000001
111000000000000000000000000000000000000000001000000000000000000000000000000000000000000000000000011000000000000000000000000000000000000000000000000000000000000000000000000000000000000000000000001000110000000000000000000000000011100000000000
000000000000000000000000000000000000000000001000000000000011000000000000000000000000000000000000100100000000000000000000000000000000000000000000000010000000000000000000000000000000000000000000000000110000000000000000000000000000000000000000
000000000000000000000000000000000000000000000000000000000100100000000000000000000000000000000000100100000000100000000000000000000000000000000000000101000000000000000000000000000000000000000000000000000000000000000000000000000000000000000000
000000000000000000001110000000000011000000000011100000000100100000000000000011000000000000000000100100000001010000000000000000000000000000000000000101000000000000000000000000000000000000000000000000000000000000000000000000000000000000000000
000000000000000000000000000000000001011000000000000000000010100000000000000011000000000000011000000000000001010000000000000000000000000000000000000010000000000000000000000000000000000000000000000000000000000000000000000000000000000000000000
000000000000000000000000000000001000000001000000000000000000111100000000000000000000000000111000011100000000100000000010000000000000000000000000000000000000001000000000000000000000000000000000000000000000000000000000000000000000000000000000
000000000000000000000000011000001100010100100000000000000001100110000000000000000000000000101000001000000000000000001100000000000000000000000000000000000000001000000000000000000000000000000000000000000011100000000000000000000001110000000000
000000000000010000000000100100000110000001000000000000000000111111100000000000000000000000010000000000000000000000001100001100000000000000000000000000000000001000000000000000000000000000000000111000000011100000000000000000000000100000000000
000000000000010000011000011000001100001111000000000000000000010010010000000000001000000000001001100011000000000000001100001100000000000000000000000000000000000000000000000000000000000000000000000000000000010000000000000000110101101000000000
000000000000010000010100000000001100001011000000000000000000000001010000000000001000000101110000000001000000000000000000001100000000000000000000000000000000000000000000000000000000000000000000000000111000011000000000000000000100001000001100
000000000000000000001000000000001101100000000000000000000000000000100000000000001000000100010000000010011100000000000000010000000000000000000000000000000000000000000000000000000000000000000000000000111000110000000000000000111000000000000000
000000000000000000000000000000000010000000000000000000000000000000000000000000000000000010100000000010011100000000000000000000000000000000000000000000000000000000000000000000000000000000100000000000001111000000000000000000000000101000000000
000000000000000000000000000000000000000000000000000000000000000000000000000000000000000001000000000001000001000000000000000000000000000000000000000000000000000000000000000000000000000001010000000001111001000000000000000000000000001000000000
000000000000000000000000000000000000000000000000000000000000000000000000000000000000000000000000000001010100011000000000000000000000000000000000000000000000000011000000000000000000000010000000000001000001000000000000000000000000111010000000
000000000000000000000000000000000110001100000000000000000000000000000000000000000000000000000000000001110001000100000000000000000000000000000000000000000000000011000000000000000000000010000000000001010101100000000000000000000000111010000000
000000000000000000000000000000000000001010000000000000001000000000000000000000001100000000000000000000000000000010000000000000000000000000000000000000000000000000000000000000000000000000001000000000100101100000000000000000000000010000000000
000000000000000000000000000000000000000010000000000000011100000000100000000000010010000000000000000000000000001110000000000000000000000000000000000000000000000000000000000000000000000000010000000000010100110000000000000000000000000100000000
000000000000000000000000000000000000001100000000000000110110000001010000000000010100000000000000000000000000000000000000000000000000000000000000000000000000000000000000000000000000000000000000000000000101100000000000000000000000000100000000
000000000000000000000000000000000000010000001110010111100101000001010000000000001000000000000000000000000000000000000000000000000000000000000000000000000000000000000000000000000000000000000000000000000010000000000000000000000000000000000000
000000001100000000000000000000000000010100000000010111101011000000100000000000000000000000000000000001000000000000000000000000000000000000000000000000000000000111000100000000000000000000000000000000000000000000000000000000000000000000000000
000000001100000000000000000000000000001110100000100100101010000000000000000000000000000000000000000000010000000000000000000010100000000000100000000000000000000000001010000000000000000000000000000000000000000000000000000000000000000000000000
000000000000000000000000000000000000000000100000100000101100000000000000000000000000000000000001000000110000000000000101000011000000000001001000000000000000000000001001000000000000000000000000000000000000000000000000000000011000000000000000
000000000000000000000000000000000000000000100000100010100000000000000000000000000001100000001000100000000000000000010000010001000001100001000100000000000000000000000110000000000000000000000000000000000000000011000000000000011100000000000000
000000000000110000000000000000000000000000000000010011000000000000000000000000000010000000010000000000000000000000000010000000000000100000000100100000000000000000000000000000000000000000000000000000000000000001101000000000011100000000000000
000000000000110000000000000000010000000000001110000000000000000001000000000000000010001100001010000110000000000000001000110000000000101100110100101000000000000000000000000000000000000000000000000000000000001110001000000000011000000000000000
000000000000000000000000000000101000000000000000000000000000000110110000000000000011101100000011001010000000000000001100000000000000101100100110001000000000000000000000000000000000000000000000000100000000001101001000011000000000000000000000
000000000000000000000000000000101000000000000000000000000000001000010000000000001000000100000001001000000000000000000111000000000000101000110100011000000001100000000000000000000000000000000000001010000000000000100000000100000000000000000000
000000010000000000000000000000010000000000000000000000000000110000011000000000001100000100000000001000000000000000000011000000000001100000110100100000000001100000000000000000000000000000000000000110000000000000000000000000000000000000000000
000000010000011000000000000000000000000000000000000000000000010001011001110000001100011000000000010000000000100000000100000000000000111000001101011000000000000000000000000000000000000000000000000000000000000000000000000000011010000000000000
000000000000010000000000000000000000000000000000000000000010010101100010000100000000011000000000000000000001111000000100010110100010011000000001110000000000000000000111000000000000000000000000000000000001000000000000000000111101000000000000
000000000000110000000000000000000000000000000110000000000010000000110001110110000000000000000000000000000000100100000010001010100010001000000011001010000000000000000000000000000000000000000000000000000010100000000000000001000110000000000000
000000000000100000000000000000000000000000000110000000000000000000000000110000000100000000000000000000000010000100000001000000100100110000000011100011100000000000010000000000000000000000000000000000000000000000000000000001100000000000000000
000000000000000000110000000000000000110000000000000000000001110000000000000110001000000000000000000000000011110100000000000111100101000000000011010001100000000000010000000000000000000000000000000000011111100000000000000000110000000000000000
000000001000000000110000000000000000110000000000000000000000000000000000000000000100000000000000000000000001110000000000001001001110000000000010010000010000000000010000000000000000000000000000000000010000000000000000000011100000000000000000
000000010100000000000000000000011000000000000000000000000000000000000000000000000000000000000000000000000000000000000000001011001100000000000001110000001000000000000000000000000000000000000000000000001000000000000000000101000000000000000000
000000100100000000000000000000100100000000000000000000000000001100000000000000000001100000001000000000000000000000000000000110000111000000000000000000001100000000000000110000000000110000000000000000000010100000000000001110001110000000000000
000000011000001100000000000101110100000000000000000000000000010010111000000000000010010000010100000000000000000000000000000000000001110000000000000001000010000000000000110000000000110000000000000000000001101100000000000000000000000000000000
000000000000001100001010000101110010000000000000000000000000001100010001100000000010010000011000000000000000000000000000000000000011110000000000000000110010000000000000010000000000000000000000000000110100000011000000000010001000000000000000
000000000000000000001010000010011110000000000000000000000000000000000001110000000001100000000000000000000000000000000000000000000000000000000000000000011100000000000000011100000000000000000000000000011010000001100000000001110000000000000000
000000000000000000001011000000000000000000000000011000000000000000000110000000000000000000000000000000000000000000000000000000000101000000000000001100001000001100000000010100000000000000000000000000001000001111100000000001110000000000000000
000000000000000000000001100100000000000000000000011000000000000000000111111100000000000000000000000000000000000000000000000101000100000000000000010010000000001100000000000100000000000000000000000000001000000000000000000000000000000000000000
000000000000000000000000111000000000000000000000000000000000000000001000001100000000000000000000000011100000000000010000000011100000000000010000001010000000000000000000000000000000000000000000000000000110000000000000000000000000000000000000
000000001000000000000011000100000000000000000000000000000000000011001111000010000000000000000000000000000000000000001000000001100000100000101000000100000000000000000000000000000000000000000000000000100000000000000000000000000000000000000000
000000010100000000000010001000000000000000000000000000000000000101101111010000000000000000000000000011000000001000010000000000000010110001000001110000000000000000000000000000000000000000000000000001100000000000000000000000000000000000000000
000000101000000000000000000000000000000000001000000000000000000000111100000010000000000000000001000000000000000000001000000000000010110110010011111100000000000000000000000000000000000000000000000010001110000000000000000000000000000000000000
000001000000000000000000000000000000000000001000000000000000000100101000000110000000000000000001000000000000001111001000000000000010100000000110001000110000000000000100000000001000000000001100000110111110000011100000100000000000000000000000
001110000000000000000000000000000000000000001000000000000000011101101000000010000000000000000001000000000110000000000000000000110000000100100110111100011000000000001010000000010110000000010100000010011000000001100001110000000000111000000000
000100000000000000000000000000000000000000000000000000000000011010110000000000000000000000000001100011101011000001001000000110000000000010100100011000001100000000001010000001100010110000110000000001000000000001101101001000000000100000000000
000000000000000000000000000000000000000000000000000000000000011010000000000000000000000000100001100100001000100000100000001100000000000000111110111011001100000000000100000001001110000000010100000001000100000000100110011100000000010000000000
000000000000000000000000000000000000000000000000000000000000000110000000000000000000000000100001100000001011000000000001101101100000000000000001000011101100000000000000000000000100000000001100000000001000000000100000011000000000000000110000
000000000000000000000000000000000000000000000000000000000000000000000000000000000000000000100000010000100000000000000100100010000000000000000000000010001000000000000000000000001000000000000000000000000000000000100000010000000000000001111000
000000000000000000000000000000000000000000111110000000000000000000000000000000000000000000000000011000000000000000000000011000000000000000000000000000010000000000000000000010100000000000000000000000000000000000011100000000000000000111000110
000000000000000000000000000000000000000000011100011000000000000000000000000000000000000000000000000000000000000000010010100000000000001000000110000010000000010000110000000001100010000000000000010000000000000000000000000000000000000000000101
100000000000000000000000000000000000000000001000011000000000000000000000000000000000000000000000000100010000000000010001000000000000010100001010000010100000010000011000000000000010000000000000011000000000000000000000000000000000000000100010
110000000000000000000000000000000000000000000000000000000000000000000000000000000000000000000000001000000000000000010000011000000100100000011010000000000000011000110110000001000100000000000000000000000000000001110000000000000000000000000000
110000000111110000000000000110000000000000000000000000000000000000000000000000000000000011100000001000100010000000001000000000000011100011001010000000000000000000110100000010000000000000000000000000000000000110010000000000000000000010010001
001000001110010000000000000110000000000000000000110000000000000000000000000000000000000100000000001000000110000000000100100000001001101101011010000000000000000010010101100110000000000000000000000000011000000111100000000000000000000000100011
000001101001110000000000000000000000000000000001001000000000000000000000000000000000000100010000000011000111100000000000000000001000011000000100000000000000000001000100100010010000000000000000000000000000000110110000000000000000000000000010
000000110000000000000000000000000000000000000001000100000000000000000000000110000000000000111100000000000000110000000000000000000000001110000000000000000000000000101000000010010000000000000000000000000000000010110000000000000000000000000000
000011000000000011000000000000000000000000000000101101100000000000000000000011000000000101010010000010100001110001100000000000001100000010000000000000000000000000001000000001100000000000001110000000000000000010100000000000000000000000000000
000001100000000011000000000000000000000000000000000101000000000000000001011011000000000111000010000000110000000010110001100011011111000000000000000000000000000000000111000000000000000001111010000000000000010000100000000000000000000010000000
000010011000000000000000000000000000000000000000000001000000000000001011001001000000000000000010000000000000000011011010010011010011010000000000000000000000000000000000000000000000000001110010000000000000010110000000000000000000001101100000
000011001000000000000000000000000000000000000000000100000000000000001111100100000000010000000000000000000000000011011101001101100000010000000000000000000000000000000000000000000000000001001100000000000000001000000000000000000000010101100000
000001110000000000000000000000000000000000000000000110000000000110001100011100000000101100000001100110000000000001001000111000000010000001000000000000000000000000000000000000000000000000100100000000000000000000000000000000000000000000000000
000000000000000000000000000000000000000000000000001001000000000010000010000000000001001000000011100110000000000000110000000000000100100001000000000000000000000000000000000000000000000000111000000000000000000000000000000000000000100000100000
000000000000000000000000000000000000000000000000000100000000000000000010000000000000100100000011100110000000000000000000000000000000100001000000000000000000000000000000000000000000000000110000110000000000000000000000000000000000110000000000
000000000000000000000000000000000000000000000000000000000000001000000000000000000000000000000001000100000000000000000000000000000101000000000000000000000000000000000000000000000000000000110001001000110000000000000000000000000000010001001000
000000000000000000000000000000000000000000000000000000000000000000000000000000000000000000000011101000000000000000000000000000000011000000000000000000000000000000000000000011010000000000110000110000110000000000000000000000000000001010001100
000000000100000000000000000000000000000000000000000000000000011000000000000000000000010000000100001000000000000000000000000000000001100000000000000000000000000001110000000011000100000000000000000000000000000000000000000000000000000100000100
000000000100000001100010000000000000000000000000000000000000011000000000000000000000111000000010001000000000000000000000000000000001100000000000000100000000000000001000000000110010000000000000000000000000000000000000000000000000000000000000
000000000100000010001101000000000000000000000000000000000000011000000000000000000000101000000010000100000000110000000000000001000000000000000000001000000000000000010000000000010000000000000000000000000000000000000000000000000000000001110000
000000000000000001011100000000000000000000000000000000000000000000000000000000000000110000000000000000000000110000000000000001100000000000000000000010000000000000010010000001000000000000000000000000000000000000000000000000000000000000000000
000000000000000001011101100000000000000000000000000000000000000000011000000000000000000000000000011000000000000000000000000100110000000000000000001001000000000000010001000001100000000000000100000000000000000000000000000000000000000000000000
000000000000000000000000000000100000000000000000000000000000000001100010000000000000000011100010000000000000000000000000001100000000000000000000000001000000000000010100000001100000000000001010000000000000000000000000000000000000000000000000
000000000000000000000000000001110000000000000000000000000000011010110010000000000000000101110010000000000000000000000000000100011000000000000000000100110000000101100001000001100000000000001001000000000000000000000000000000000000000000000000
000000000000000000000000000001001000000000000000000000000000011000000010000000000000000100000001000000000000000000000000000101110100000000000000000001110000000000011000000001000000000000000110000000000000000000000000000000000000000000000000
000000000000000000000000000000110000000000000000000000000000010000000100000000000000000001011110000000000000000000000000000100011100000000000000000000000000000100011100000000000000000001100000000000000000000000000000000000000000000000000000
000000000000000000000000000000000000000000001000100000000000000100001000000000000000000010000100000000000000000000000000000000100000000000000000000000000000000010001000000000000000000001100000000000000000000000000000100000000000000000000000
000000000000000000000000000000000000000000010011010000100000000111100000000000000000000010010000000000000000000000000001100000100000001000000000000011000000000001110000000000000000000000000000000000000000000000000001111110000000000000000000
000000000000000000000000000000011000000000000011001001010000000000000000000000000000000001100110000000000000000000000001100101000000010001110000000111100000000000000000001100000000001001100000000000000000000000000011111110000000000000000000
000000000000000000000000000000101000000000010000110010000000000000000000000000000000000000000110000000000000000000000000000010000000000011001000000111111000000000000000001010000000001000000000000000000000000000000011110110000000000000000000
000000000000000000000000000001100000000000001010000010000000000000000000000000000000000000000000000000000001100000000000000000000000011000010000000000011000000000000000000110000000001001101111100000000000000000000000100000000000000000000000
000000000000000000000000000001010000000000000110000000000000000000000000000000000000000000000000000000000001100000000000000000000000000010010000000000001100000000000001100000000000000000100111111000000000000000000000100000000000000000000000
000000000001100000000000000001100000000000000000000000000000000000000000000000000000000000000000000000000000000000000000000000000000000011100000000000001000000000000110010000000000000000011001101100000000000000000000100000000000000000000000
000000000001100000001100110000100000000000000000000000000000000000000000000000000000000000000000000000000000000000000000000000000101100000000000000000010000000000000000001000000001100000000101110100000000000000000001011010000000000000000000
000000000000000000100011110000000000000000000000000000000000000000000000000000000000000000000000000000000000000000000000000000001100000000000000000000000000000000001000110000000000100000000111101000000000000001010001000100000000000000000000
000001100000000000000011100100000000000000000000000000000000000000000000000000000000000000000000000000000000000000000000000000000001100000000000000000000000000000000000001000000000000000000101000100000000000001001000110010000001000000000000
000010010001000001000100010010000000000000000111000000000000000000000000000000000000000000000000000000000000000000000000000000000000000000000000000000000000000000000111001100000000000000000101111100000000000000110000001101000001000000000000
000010010001010001000000000000000000000000000000000000000000000000000011100000000000001110000000000000000000000000000000000000000100000000000000000000000000000000000000001100000000000000000110101000000000000110000000000011000001000000000000
000011000000010000001000011001000000000000000000010000000000000000000000000000000000000000000000000100000000000000000000000000000100000000000000100000000000000000000000000000000000100000000100100000000000000100000000000000000000000000000000
100000000001100000110000000011000000000000011000010000000000000000000000000000000000110010000000000001000000000000000000000000010000000000000000100000000000000000000000000000000111000000000011000000000000000100100000000000000000000010000001
100000000000000000010110000100000000000000101000010000000000000000000000000000000000100100000000001000100000000000000000000000101101000000000000100000000000000000000000000000000111000000111000000000000000000000010000000000000000000101000001
000000100000000110001110000000000000000000000000000000110000000000000000000001110001001000000000000011110000000000000000000011001101000000000000000000000000000000000000000000000000000001000000000000000000000011010000000000000000000101000011
000001110000000000000000000000000000000000000000000000110000000000000000000000000000000100001000001000100000000000000000000001100000000000000000000000000000000000000000000000000000000001000000000000100000000001100000000000000000000010000100
011000011100000100000000000000000000000000000100000000000000000000000000000000000000111111011100000001000000110000000000000000100000000000000000000000000000000000000000000000000000000010010000000001010000000000000000011000000000000000001000
011100011000000000000000000000000000001100011100000000000000000000000000000000000000011000000010000100000000110000000000000000010101000000000000000000000000000000000000000000000000000000110000000001010000111000000000110100000000000000001000
000100001100011000000000000000000000000001100100000000010000000000000000000000000001001010111100000000000000000000000000000000001101011000000000000000000000000000000000000000000000000000000000000000000001001000000000010000000000000000000100
011000001100000000000000000000000000000001110100000000101000000000000000000000000001000000100000000000000000000100001110000000000111011000000000000000000000000000000000000000000000000000000000000000000001100100000000001011000000000000000000
011000010000000000000000000000000000000010010100000000101000000000000000000000000001000001000000000000000000000100000000000000010000111000000000000000000000000000001110000000000000000000000000000000000110001100010000001010100010000000000000
000000000000000000000000000000000000001110000011000000010000000000000000000000000000011011000000000000000000000100000000000001110000000000000000000000000000000000000000000000000001000000000000000000001001000000101000011000000100000000000000
000000000000000001100000000000000000011110000110000000000000000000000000000000000000000000000000000000000000000000000000000001100100000000000000000000000000000000000000000000110010100000000000000000001001000000001100011001100100000000000000
000000000000000010100000000000000000000000000100000000000000000000000000000000000000000000000000000000000000000000000000000010000011000000000000000000000000000000000000000000110010100000000000000000001001000000001100011100010000000000000000
000000000000000011000000000000000000001100000000000000000000000000000000000001000000000000110000000000000000000000000000000010100001100000000000000001110000000000000001000000000001000000000000000111000000001100011100000000000000000000000000
000000000000000000000000000000000000001100000000000000000010000000000000000010100000000000110000000000000000000000000010000011100000100000000000000001101000000000000010100000000000000000000000000000010100000010011000000000000000000000000000
000000000000000000000000000000000000000000000000000000000110000011100000000001100000000000000000000000000000011000000011000000000011100000000000000010001000000000000010100000000000000000000000010000011100001110000000000000000000000000000000
000000000000000000000000000000000000000000000000000000001101000000000000000000000000000000000000000000000000011000000001100000000000000000000000000001110000000000000001000000000000000000000000011110000100011000000000000000000000000000000000
000000000001100000000000000000000000000000000000000000000101011000100000000000000000000000000000010000000000000000000011000000000000000000000000000001110000000000000000000000100000000000000000000001101110000000000000000000000000000000000000
000000000001100000000000000000000000000000000000000000000011001100100000000000000000000000000000010000000000000000000011110000000000000000000000000000000000000000000000000001100000000000000011000000100000000000000000000000000000000000001100
000000000000000000000000000000000000000000000000000000100000010001000000000000000000000000000000010000000000000000000001110000000000000000000000000000000000000000000000000011000010000000000001000000000000000000000000000000000000000000001100
000000000000000000001100000000000000000000000000010100100011101110000000000000000000000000000000000000000000000000110000000010000000000000000000000000000000000000000000000011100001100000000001000000000000000000000000000000000000000000000000
000000000000000000000110000000000000000000000000010000000011100100000000000000000000000000000111000111000000000001001001101000100000000000000000000000000000000001000000000011100001100000000000000000000000000000000000000000000000000000000000
000000000000000000001000000000000000000000000000000100000000100000000000001100000011100000000000000000011000000000101100101000100000000000000000000000000000000010110000000001110000000000000000000000000000000000000000000000000000000000000000
000000000000000000000000000010000000000000000100000011000000010000000000001100000000000000000000010000101000000000100001100001010000000000000000000000000000000010100000000000101000000000000000000000000000000000000000000000000000000000000000
000000000000000000000000000110000000000000000110000000000000000100000000000000000000000000000000010000111000000000010100110000110000000000000000000000000000000011100000000000010000000000000000000000000000000000000000000000000000000000000000
000000000000000000000000001000010000000000001000000000000000100010000000000000000000000000000000010000000100000000100000101000000000000001000000000000000000000000000000000000000000000000000000000000000000000000000000000000000000000000000000
000000100000000000000110001000010000000000001000000000000000000110000000000000000000000000000000000000011100000000001000100000000000000001000000000000000000000000000000110000000000000000000000000000000000000000000000000000000000000000000000
000000100000000000001001100000010000000000010100000000000000100000000000000000000000000000000000000000111100000001100000000110000000000001000000000000000000000000000000110000000000000000000000000000000000000000000000000000000000000000000000
000000100000000000001000000011000000000000010100000000000000000110000000000000000000000000000000000001100000000000100100100001000000000000000000000000000000000000000000000000000000000000000000000011000000000000000000000011100000000001100000
000000000000000000000001101000000000000000001100000000000000110110000000000000000000000000000000000011111100000000111000011100000000000000000000000000000000000000000000000000000000000000000000000011000000000000000000000010010000000010010000
001110001110001000000000000000000000000000000000000000000000111000000100000011000000000000000000000001000100000000000000001110000000000000000000000000000000000000000000000000000000000000000000000000000000000000000000000010000100000001100000
000000000000011100000000000000000000000000000000000000011000000000001111000010100000000000000000000000111000000000000000000000000000000000000000000000000000000000000010000000000000000000000000000000000000000000000000000000100001000000000000
000000100000110110000000000000000000000000000000000000100100000000001011100001000000000000000000000000000000010000000000000000000000000000000000000000000000000000001111000000000000000000000000000000000000000000000000000001100000100000000000
000000100001100011000000000000000000000000000000000000011000000000001010010000000000000000000000000000000000111100000000000000000000000000000000000000000000000000010001000000000000000000000000000000000000000000000100010011101011110000000000
000000100000110110000000011100000000000000000011000000000000000000000011100000000000000000000000000000000001101100000000000110000001110000000000000000000000000000100000000000000000000000000000000000000000000000000000000001100100100000000000
000000000000000000000000000000000000000000000011000000000000000000000011010000000110000000000000000000000001000010000000001000100000000000000000000000000000000000011000110000010000000000000000000000000000000000000000000000001101000000000000
000000000000000000000000000000000000000000000000000000000000000000000001110000001001000000000000000000111010000011000010000000000000000000000000000000000000000000000000111000001000000000000000000000000000000000000000000000000100001000000000
000000000000000000000000000000000000000000000000000000011100000000000001101000000110000000000000000000010011000001000001111000000000000000000000000000000000000000000000011100011000000000000000000000000000000000000000000000000000011110000000
000000000100000000000000000000001000000000000000000000000000000000000000101000000000000000000000000011001111101111000000100000100000000001000000000000000000000000000000000011110000000000000000000000000000000000000000000000000001110011000000
000000001100000000000000000000001100000000000000000001000001000000000000010000000000000000000000000000001000101011000001010111000000000001000000000000000000000000000000000001100000000000000000000000000000000000000000000000000110110001000000
000000111101000000000000000010001010000000000000000001000001000000000000000000000000000000000000000000001111101000000000111100000000000000000000000000000000000000000001110000000000000000000000000000000000000000000000000000001000101110000000
000001000001110000000000000110000111000000000000000001000001000000000000000000000000000000000000000000010110001000000000100000000000000000000000000000000000000000000110000000000000000000000000000000000000000000000000011000001011111100000000
000010000001100000000000001100011011000000000000000000000000000000000000000000000000000000000000000000111000101000000000100000000000000000000000000000000000000000000100100000000000000000000000001100000000000000000000100100000100001000000000
000001000001100000000000011100011101110000000000000000011100000000000000000000000110101000000000000000001010101100000000000000000000000000000000111100000000000000000000100000000000000000000000000000000000000000000000100100000000000000000000
011000011000000000000000011100101000110000000000000110000000000000000000000000001110000100000000000000000011000000000000000000100000000000000001000000000000000000000011000001000000000000000000000000000000000000000000011000000000000000000000
011000011000000000000000011100000000000000000000001001000000000000000000000000110010000100000000000000000010000000000000000001010000111010000000000010000000000000000000000110100000000000000000000000000000000000000000000000000011000000000000
000000000000000000000000011101110110000000000000000110000000000000000000000000100100000011000000000000000000000000000000000011011001000101000000001011000000000000000000011001000000000000000000000000000000000000000000000000000011011100000000
000000000000001100000000001101101000010000000000000000000000000000000000000000100000000000000000000000000000000000000000011000011001001100100100000000000000000000000000011110000000000000000000000000000000000000000000000000000010110000000000
000000000000001010000000000111000100001000000000000001100010000000000000000000100000000001100000000000000110000000000000011000111001000101101100100000110000000000000000000000000000000000000000000000000000000000000000000000000001000000000000
000000000000000011000000000010000010010000000000000001101110000000000000000000001011001000000000000000001001000000000000100000111000111010110001100000000000000000000000000000000011000000000000000000000000000000000000000000000000000000000000
000000000000000110000000000000000000000000000000000010011110000000000000000000000000110000000000000000000110000000000011100010100000000000110100000001010000000000000000000000100100110000000000000000000100000000000000000000000000000000000000
000000000110001100000000000000000000000000000000000011011000000000000010000000000000000000000000100000000000000000000000011010000000000000111101000001110000000000000000000100011000000000000000000000001010000000000001110000000000000000000000
000000000110000000000000000000000000000000000000000011011000000000000010000000000000000000000000000000000000000000000010011010000000000000000010000000000000000000000000001000100100000000000000001110000001000000000000000000000000000000000000
000000000000000000000000000000000000000000000000000001000101000000000010000000000000000000000000000000000000000000000001100000000000000000111000000010000000000000000000001000000000100000000000001000001010000000000000000000000000000000000000
000000000000000000000000000000000000000000000000000000100001000000000000000000000000000000000000000000000000000000100000000000000000000000101000000010000000000000000000001001000110110000000000001110000000000000000000000000011000000000000000
000000000000000000000000000000000000000010000000000000100000011100000000000000000000000100000000000000000000000011010000000000000000000000010000000000000000000000000000011000100100010000000000000000010000000000000000000000011000000000000000
000000000111100000000000000000000000000010000000000000010011011010000000000000000000000111000000000000000000001100001000000000000000000000001000110000000000000000000000010001000100011011100000000000101000000000000000000000000000000000000000
000000000011100000000011000000000000000010000000000000111010100011000000000000000000010111000000000000000000010000001000000000000000000000010001001000000110000000000000001100000001010011100000000000000100000000000000000000000000000100000000
000000000001000011100100100000000000000000000000000000100011110011000000000000000000110000100000000000000000010000001000000000000000000000000000001000001001100000000000000000000000100001100000000000110100000000000000000000000000010010000000
011000000000000000000011000000000000000000000000000000000001110111001100000000000011110000000000010000000000010000010000000001100000000000001111000000000001100000000000000000000000000000000000000000001000000000000000000000000000010010000000
001100000000000000000000000000000000000000000011000000000010110100001100000000000111101000000001101100000000001000000000000010100000000000000010100000100000000000001100000000101000000011000000000000000000000000000000000000000000001000000000
000000000000000000000000000000000000000000000010100000000010100000000000000000001110000000000001101100000000000010000000000011000000000000000001010001110000100000001010000000100101100111100000000000000000000000000000000000000000000000000000
001100000000000000000000000000000000000000000100100000000100010100000000000000000000000110000000000000000000000000000000001100000000000000000111000011000010010000000100000001101000000010000000000000000000000000000000000000000000100000000000
011000000000001000000000000000000000000000000010010000000010101110000000001100000101111111000000110110000000000000000000010100011000000000000110000101000010100000000000000000000011000000000000000011000000000000000000000000000001010000011000
000000000000000000100000000000000000000000000010010000000001001110000001100010000001000110100000110110000000000000000000011000011000000000000100100000000000000000000000000000000101000000000000000100100000000000000000000000000001010000011000
000000000000000110011000000000000010000000000010100000000000000000011100100000000111000111000000001000000000000000000000000000000000000000000010100000000000000000000000000000000100010000000000100100100000000000000000000000000000100000000000
000000000000000000011100000000000010000000001000000000000000000000000110100110000001110000000000000000000000000000000000000000000000110000000001000000000000000000000000000000000000010000000001100100100000000000000000000000000000000000000000
000000000000000000001110001110000010000000001000000000000000000000000111001010000001100000000000000000000000000000000000000000000001001000000000000000000000000000000000000000000100100000000001111100100000000000000000000000000001100000000000
000000000000000000001110011010000000000000010100000000000000000000000111001100011000000000000000000000000000000000001100000000000001001000000000000000000000000000000000000000010010000000000000011000100000000000000000000000000011000000000000
000000000000000000000000101010000000000000000000000000000000000000000000000010100100000110000000000000000000000000010010000000000000110000000000000000000010000000000000000000010100000000000000001001000000000000000000000000000001001000000000
000000000000000000000001110111011000000000000110000000000000000000000000010110101000000101000000000000000000000000001100000000000000000000100000000000001110000000000000000000010100000000000000000110000000000000000000000000000001001000000000
000000000000000000000001000000011000000000001110000000000000000000000001110100010000000001000110000000000000000000000000000000000000000001010000000000001110000000000000000000000000000000000000000000000000000000000000000000011110001000000000
000000000000000000000000000000000000000000000010000000000000000000000010001000000000000101000110000000000000000000000000000000000000000000000010100000000000000000000000000000000000000000000000000000000000000000000000111000010000010000000011
100000000000000000000000000000110000000000000000100000000000000000000010110000000000000110000000000000000000000000000000000000000000000000000010100001000000000000000000000000000000000000000000000000000000000000000000000000010000100000000011
100000000000000000000000000110110000000000011000100000001100000000000001100000111000000000000000000000000000000000000000000000000000000000000010010011100000000000000000000000000000000000000000000000000000000000000000000000001000000000000100
100000000000000000000000000001000000000000011000000000010100000000000000000000111110000000000000000000000000000000000000000000000000010000000010100100100000000000000000000000000000000000000000000000000000100011000000000000000000000000000101
000000000000000000000000000000000000000000000001000000001000000000000000000000010010000110000000100000000000000000000000000000000000101000000000100110000000000000000000000000000011100001000000000000000000110010010000001100000000000000100001
000000000000000000000000000000000000000000010010000000000000000000000000000000001001001001000000010000000000000000000000000000000000101000011000000111000000000000000000000000000010100111100000000000000000010001110000010010000000000010010000
000000000000000010000000000000000000000000001110000000000000000000000001100000000001001000000001001000000000000000000000000000000000010000010000000011011100000000000000000000000011001100010000000000000000000000100000001100000000000010001000
000000000000000010000000000000000000000000000000000000000000000000000001100000001001001001000000001000000000000000000000000000000000000000001000100001001000000000000000000000000011010001100000001100000000000110100000000000000000000010001000
000000000000000010000000000000010000000000000000000000000000000000000000000000001001001001100001001000000000000001100000000000000000000000000000110000110000000000000000000000000011001111000000001110100000000111000000000000000000000000110000
000000000000010000000000000000010000000000000000000001100000000000000000000110000110011111000000110000000000000001100000000000000000000000000100100000010000000000000000000000000011000100000000000001000000000000000000000000000000000000110000
000000000000101000000000000000010000000000000000011011100000110000000000000101000000011110000000000000000000000000000000000000000000000000000100000000100000000000000000011100000000000000000000000000100000000000000000000000000000000000000000
000000000000101000000000000000000000000000110000111011000000110000000000000010000000011110000000000000000000000000000000000000110000000000000011000011011000000000000000100100000000000000000000000000000000000000000000000000000000000001111000
000000000000010000000000000000000000000000110000011011100000000000000000000000000000001101011000000010000000000000000000000000110000000000000000000011101100000000000001000100000000000000000000000000000000000000000000000000000000001111011010
000000000000000011000000000000000010000000000000000011000000000000000000010000000000000100001000000010000000000011100000000000000000000000000000000001101100000000000001000000000000000000000000000000000000000000000000000000000000001110010010
000000000000000011000000010000000101000000000000000000000000000000000000101000000000000011001000000010000000000000000000000000000000000000000000000000110100000000000001000100000000000000000000000000000000000000000000000000000000000000001010
000000000000000000000010101000000110000000000000000000000000000000000000110000000000000011110000000000000000000000000000000000000000000000000000000000011000011000000000100100000000000000000000000000000000000000000000000000000000000000000000
000000000000000000000110101100000000000000000000000000000000000000000000000000000000000000100000111000111000000000000000000000000000000000000000000000000000011000000000011100000000000000000000000000000000000000000000000000000000000000000000
110000000000000000000010000100000000000000000000000000000000000000000000000000000000000000000000000000000000000000000000000000000000000000000000000000000000000000000000000000000000000000000000000000000000000000000000000000000000000000000000
010000000000000000000101110000000000000000000000000000000000000000000010000000000000000000000000000000000000000000000000000000000000000000000000000000000110000000000000000000000000000000000000000000000000000000000011000000000000000000000010
010000000000000000000000000000000000000000000000000000000000000001110111000000000000000000000000000000000000000000000000000000000000000000000000000000000110000000000000000000000000000000000000000000000000000000000000100000000000000000000000
000000000000000000111100011000000000000000000000000000000000000011111100100000000000000000000000000000000000000000000000000000000000000100000000000000000000000000000000000000000000000000000000000000000000000000000001000000000000000000000010
010000000000000000100011001000000000000000000000000000000000000100011100100000000000000000000100000000000000000000000000000000000000001010000000000000000000000000000000000000000000000000000000000000000000000000000000000000000000000000000001
000110000000000000000000001000000000000000000000000000000000000010000001110000000000000000000100000000000000000000000000000000000000001010000000000000000000000000000000000000000000000000000000000000000000000000000100100000000000000000000000
011100000000000000100000111000000011000000000000000000000000000000000010000000000000000000000100000000000000000000000000000000000000000100000000000000000000000000000000000010000000000000000000000000000000000000000010100000000000000000000000
001000000000000000100000000100000011000000000000000001000000000000000110110000000000000000000000000000000100000000000000000000000000000000000000000000000000000000000000000001000000000000000000000000000000110000000000000000000000000000000000
000000000000000000000000011000000000000000000000000010100000000000000011110000000000000000000000000000011010011000000000000000000011000000011000000000000000000000000000000011100000000000000000000000000000110000000000001100000000000000000000
000000000000000000000000010000000000000000000000000010100000000000000000000000000000000000000000000000111110110100000000000000000100100000100100000000000000000000000000000000000000000000000000000000000000000000000000011100000000000000000000
000000000000000000000000000000000000000000000000000001000000000000000000000000000000000000000000000001011011001110000000000000000011000000011000000000000000000000000000000000000010000000000000000000000000000000000000100100000000000000000000