000000000000000000000000000000000000000000000000000000000000011000000000000000000000000000000000000110010010011000000000000000000000000000000000000000000000000000000000010000001001100000000000000000000000000000000000011000000000000000000000
000000000000000000000000000000000000000000000000000000000010000111100000011001000000000000000000000000001011000000000000000000000000000100000000000000000000000000000000111000001110000000010000000000000000000000000000000000000000000000000000
000000000000000000000000000000000000000000000000000000010000000001000000000010100000000000000000000000000111101000000000000000000000001010000000000000000000000000000001101100000000000000010000000000000000000000010000000000000000000000000000
000000000000000000000000000000000000000000000000000000010000001011000000000100100000000000000000000000000011101000000000000000000000001010000000000000000000000000000000000110000000000000010000000000000000000000010000000000000000000000000000
000000000000000000000000000000000000000000000000000000100000000001000000000011000000000000000000000000000011000000000000000000000000000100000000000000000000000000000000000011000000000000000000000000000000000000010000000000000000000000001100
000110000000000000000000000000000000000000000000000000111110000000100000000000000000000000000000000000000011000000000000000011000000000000000000000000000000000000000000011010000000000000000000000000100000000000000000000000000000000000010100
000110000000000000000000000000000000000000000000000000100000010001010000000000000000000000000000000000000000000000000000000011000000000000000000000000000000000000000000000001000000000000000000000000110001000000000000011000000000000000011000
000000000000000000000000000000000000000000000000000001101110000010011000000000000000000000000000000000000000000000000000000000000000000000000000000000000000000000000000100010000000000000000000000000010001110000000001101110000000000000000000
000000000000000000000000000000000000000000000000000000110110000111110000000000000000000000000000000000000000000000000000000000000011000000000000000000000000000000000000011110000000000001110000000000000100001000000001101001000000000000000000
000000000000000000000000000000000000000000000000000000010110000011100000000000000000000000000000000000000000000000000000000000000011000000000000000000000000000000000000000000000000000000000000000000000010000000000000100000100000000000000000
000000000000000000000000000000000000000000001100000000010100000001000000000000000000000000000000000000000000000000000000000000000000000000000000000000000110000000000000000000011000001100000000000000000001001000111000000000100000000000000000
000000000000000000000000000000000000000000001100000000001000011000000000000000000000000000000000000000000000000000000000000000000000000000000000000000000110000000000000000000001101101010000000000000000000100000001000000001100000000000000000
000000000000000000000000000000000000000000000000000000000000000000000000000000000100000000000000000000000000000000000000000001010000000100000000000000000000000000000000000000001111001011000000000000000000000010011000000000000000000000000000
000000000001000000000010000000000000000000000000000000000000000000000000000000001001000000000000000000000000001000000000000001010000000100000000000000000000000000000000000000011111000001100000000000000000000010100011001100000000000000000000
000000000010100000000101000000000000000001000000000000000000000000000000000000001001000000000000000000000000011000000000000000100011000100000000000011000000000011100000000000101100000001000000000000000000000011100010101100000000000000000000
000000000011000000000010000000000000000001000000000000000000000000000000000000000111000000000000000000000010110100000000000100000000000000000000000011000000000000000000000011111000000000010000000000000000000000000001000000000000000000000000
000000000000000000000000000000000000000001000000000000000000000000000110000000000000000000000000000000000010111000000000000100000010100000000000000000000000001000001000000011101100000010000000000000000000000000000000000000000000000000000000
000000000000000000000000000000000000000000000011000000000000000000001000100000000000001100000000000000000010001010000000000000000001000000000000000000000000001000001000000000111111100001000000000000000000000000000000000000000000000000000000
000000000000000000000000000000000000000000000100100000000000000000000100001001000000001100000000000000000000000100000000000000010111000000000000000000000000001000001000000011101110000000001100000000000000000000000000000000000000000000000000
000000000000000010000000000000000000000000000100010000000000000000000110010100100000000111000000000000000000000000000000000000000000100000000000000000000000000000000000000011100011010000000000000000000000000000000000000000000000000000000000
000000000000000101000000000000000000000000001000000110001110000000000000000001000000101100100000000000000000000000000000000001000000000000000000000000000000000011100000000000000111110000000000000000000000000000000000000000000000000000000000
000000000000001001000000000111000000000000001001100010100100000000000000011110000000001001100000000000000000000000000000000001000101000000000000000000000000000000000000000000000000001000000000000000000000000000000000000000000000000000000000
000000000110000110000000000000000000000000001000000000000100100000000000110000000110110000000000000000000000000000000000000011010000000000000000000000000000000000000000001000000110010000000000000000000000000000000000000000000000000000000000
000000000110000000000000000000000000000000000100010010000010100000100000110000001010001000000000000000000000000000000000000000110100000000000000000000110000000000000000011100000001000000000000000000000000000000000000000000000000000000000000
000000000000000000000000000000000000000000000000001111000000100001110000001110001001111000000000110000000000000000000000000011000100000000000000000000110000000000000000100001000111000000000000000000000000000000000000000000000000000000000000
000000000000000000000000000000000000000011000001000100000000000011011000000000000001011000000000110000000000000000000000000001000100000000000000000000000000000000000000010000100110000000000000000000000000000000000000000000000000000110000000
000000000000000000000000000000000000001001000000000011100000000001110000000000001001100000000000110000000000000000000000000001001000000000000000000000000000000000000000000000100000000000000000000000001110000000000000000000000110000110000000
000000000000000000000000000000000000010001000000010000100000000000100000000000001011000000000000000000000000000000000000000001110000000000000000000000000000000000000000001101100000000000000000000000010000000000000000000000000110000000000000
000000000000000000000000000000000000001001000001100000000000000000000000000000000100000000000000000000000000000000000000000000000011000001100000000000001110000000000000000110000000000000000000000000010000000000000000000000000000000000000000
000000000000000000000000000011000000001010010110000000000000000000000000000000000000000000000000000101000000000000000000000000000110100010010011100000000000000000000100000000000000000000000000000000000000000000000000000000000000000000000000
000000000000000000000000000011000000000001100100000000000000000000000000000000000000000011100000000101100000000000000000000000001001110110011011100010000000000000000100000000000000000001000000010001100000000000000000000000000000000000000000
000000000000000000000001110000000000011000100010000011100000000011000000000000000000000100010000000011100000000000000000000110011000011100011001111010000000000000000100010000000000000001000000100110000000000000000000000000000000000000000000
000000000000000000000000000000000000001000011111000000100001000010100000000000000000000100010000000000000000000000000000000110001100001000111001001100000000000000000000101000000000000001000000000010110000000000000000000000000000000000000000
000000000000000011000000000000000000001010001010100001000010100001000000000000000000000100010000000000000000000000000001010000000010000000110001010000000000000000000001001000000000000000000000001110001100000000000000000000000000000000000000
000000000000000011000000000000000000001001000001110000000010100000000000000011100000000011100000000000000000000000001010000000000000000001000000010000000000000000000000110000111000000000000000001111000010000000000000000000000000000000000000
000000000000000000000000000000000000001010001010100000000001000000000000000000000000000000000000110000000000000000010110001000000000000000000001110000000000000111000000000000000000000000000000001111000100000000000000000000000000000000000000
000000000000000000000000011000000000000100000111000000000000000000000000000000000000000000000001001000000000000000000011000000000000000100000000110000000000000100000000000011010000000000000000000000111000000000000000000000000000000000000000
000000000000000000000000100100000110000000000010000000000000000000000000000000000000000000000000110000000000000000000000110000001010000000000001110000000000000110111100000001100000000000000000000000000000000000000000000000000000000000000000
100000000000000000000000011000001001000000000000000000000000000000000000000000000000000000000000000000000000001100001001000000000100000000000000100000000000000001100000100010000000000000000000000000000000000000000000000000000000000000000011
000000110000000000000000000000000110000000000001000000000001100000000000000000000000000000000000000000000000010010000111000000000000000000000000001000000000000001111001100000000000000000000000000000000000000000000000000000000000000000000000
001000110000000000000000000000000000000000000010100000000001100000000000000000000000000000000000000000000000010010000000000000000000000000000110001000000000000000011010100000001100000000000000000000000000000000000000000000000000000000001000
001000000000000000000000000000000000000000000001000000000000000000000000000000000000000000000000000000000000001100000000000000000000000000000110000000000000000000000000000000011010000000000000000000000000000000000000000000000000000000001000
001000000000000000000000000000000000000000000000000000000000000000000000000000000000000000000000000000000000000000000000000000000000000000000000010000000000000000000011000000010010000000000000000000000000000000000000000000000000000000001000
000000000000000000000000000000011000000000000000000000000000000000000000000000000000000000000000000000000000000000000000000000000000000000000100100000000001000000000011000000011100000000000000000000000000000000000000000000000000000000000001
100000000000000000000000000000110000000000000000000000000000000000000000000000000000000000000000010000000000000000000000000000000000000000000011100110000001000000000001000000001100000000001010000000000000000000000000000000000000000000000010
010000000000000000000000000000100100100000000000000111000000000000000000000100000000000000000000010000000000000000000000000000000000000000000000000110000001000000000000000000000000000000010010000000000000000110000000000000000000000000000000
111000000000000000000000000000010110110000000000001000010000000000000000001010000000000000000000010000000000000000000000000000000000000000000000001000000000000000001000000000000000001100001000000000000000000110000000000000000000000000000000
001100000000000000000000000000000100101000000000001101001000000000000000000110000000000000000000000000000000000000000000000000000000010000000000000110000000000000001000000000000000010100000000000000000000000000000000000000000000000000000000
010010000000000000000000000000001000011000000000000000011000000000000000000000000000000000000111000111000000000000001100000000000000010000000000000110000000000000001000000000000000000000000011100000000000000000000000001100000000000000000000
010010000000000000000000000000000000010000000000000000000000000000000000000000000000000000000000000000000000000000010010000000000000010000000000000000000000000000000000000000000000111000000011000000000000000000000000001100000000000000000011
100010000000000000000000000000000000000000000000000000000000000000000000000000000000000000000000000000000000000000001100000000000000000000000000000000000000000000000000000000000000010000000010000000000000000000000000000000000001000000000010
011100000000000000000000000000000000000000011100000000000000000000000000000000000000000000000000000000000000000000000000000000000000000000000000000000000000000000000000000000000000000000000000000000110000000000000000000000000001000000000001
000000000000000000000000000000000000000000000000000000000011100000000000000000000000000000000001000010000000000000000000000000000000000000000000000010000000000000000000000000000000000000000000000000110000000000000000000000000001000000000000
000000000000000000000100000000000001000000000001000000000100110000000000000000000000000000000001111011000000100000000000000000000000000000000000000101000000000000000000000000000000000000000000000000000000000000000000000000000000000000000000
000000000000000000000100000000000001000000000001000000000110000000000000000011000000000000000000000010000001010000000000000000000000000000000000000101000000000000000000000000000000000000000000000000000000000000000000000000000000000000000000
000000000000000000000100000000000001110000000001000000000011101100000000000011000000000000111000000110000001010000000000000000000000000000000000000010000000000000000000000000000000000000000000000000000000000000000000000000000000100000000000
000000000000000000000000000000000101100001000000000000000000110100000000000000000000000001100100110110000000100000000100000000000000000000000000000000000000000000000000000000000000000000000000000000000001000000000000000000000001010000000000
000000000000000000000000011000001011100010100000000000000000000100000000000000000000000001100010010000000000000000001010000000000000000000000000000000000000011100000000000000000000000000000000010000000010110000000000000000000000001000000000
000000000000000000000000100100000110000100110000000000000000000000000000000000000000000000000010001000000000000000010010001100000000000000000000000000000000000000000000000000000000000000000000010000000000001000000000000000000010010000000000
000000000000111000011000011000000000011100000000000000000000000000000000000000000000000000000100000011000000000000001100010010000000000000000000000000000000000000000000000000000000000000000000010000000001100100000000000000000111110000000000
000000000000000000010100000000000000001000000000000000000000000000110000000000011100000000001100000001000100000000000000010100000000000000000000000000000000000000000000000000000000000000000000000001001110000100000000000000010101001000000000
000000000000000000001000000000001101110000000000000000000000000000000000000000000000000010100000000000000100000000000000001000000000000000000000000000000000000000000000000000000000000000000000000001011111011000000000000000100101000000000000
000000000000000000000000000000001000100000000000000000000000000000000000000000000000000100110000000000000000000000000000000000000000000000000000000000000000000000000000000000000000000001100000000001010111100000000000000000010101001000000000
000000000000000000000000000000000111000000000000000000000000000000000000000000000000000010100000000000000000001000000000000000000000000000000000000000000000000000000000000000000000000010010000000000001001100000000000000000000000101000000000
000000000000000000000000000000000000000000000000000000000000000000000000000000000000000001000000000010000110011100000000000000000000000000000000000000000000000011000000000000000000000010100000000011101001100000000000000000000000010000000000
000000000000000000000000000000000000011100000000000000011100000000000000000000000000000000000000000001111110000000000000000000000000000000000000000000000000000011000000000000000000000001000000000011000100000000000000000000000000100000000000
000000000000000000000000000000000000000010000000000000000000000000000000000000001100000000000000000001111000011000000000000000000000000000000000000000000000000000000000000000000000000000000000000001000100000000000000000000000000000000000000
000000000000000000000000000000000000100011000000000000010100000000100000000000010010000000000000000000000000001011000000000000000000000000000000000000000000000000000000000000000000000000000000000000110100100000000000000000000000011000000000
000000000000000000000000000000000000110100000100000000001000000001010000000000010100000000000000000000000000000110000000000000000000000000000000000000000000000000000000000000000000000000000000000000000001000000000000000000000000000000000000
000000000000000000000000000000000000111000000100000000000000000001010000000000001000000000000000000000000000000000000000000000000000000000000000000000000000000010000000000000000000000000000000000000001101100000000000000000000000000000000000
000000001100000000000000000000000000000001100100000000001101100000100000000000000000000000000000000000000000000000000000000000000000000000000000000000000000000010000100000000000000000000000000000000000010000000000000000000000000000000000000
000000001100000000000000000000000000001000000000000000000000100000000000000000000000000000000000000000110000000000000000000010000000000000000000000000000000000010001010000000000000000000000000000000000000000000000000000000000000000000000000
000000000000000000000000000000000000000011100000100001100011000000000000000000000000000000000000000000110000000000000000000100000000000000111100000000000000000000001001000000000000000000000000000000000000000001000000000000000000000000000000
000000000000000000000000000000000000000000000000100110001000000000000000000000000010000000001100000000000000000000000000000111000000000001111100000000000000000000000110000000000000000000000000000000000000000001110000000000110000000000000000
000000000000110000000000000000000000000000000110000010100000000000000000000000000011101100001100000000000000000000000000000000000000000000000110000000000000000000000000000000000000000000000000000000000000000001001000000000110000000000000000
000000000000110000000000000000010000000000000100000001000000000000100000000000000111100100000000001110000000000000001011000000000000000001010000011100000000000000000000000000000000000000000000000000000000000000101100000000000000000000000000
000000000000000000000000000000101000000000000100000000000000000000010000000000000001000010000010101010000000000000001100000000000000000100000110100000000000000000000000000000000000000000000000000100000000000000111000000000000000000000000000
000000000000000000000000000000101000000000000000000000000000000001100000000000011101111010000000000100000000000000001000100000000000011110000110100000000001100000000000000000000000000000000000001010000000000000010000000000000000000000000000
000000000000000000000000000000010000000000000000000000000001110010100100100000011101110000000000110000000000000000000111000000000001000000000110001100000001100000000000000000000000000000000000000110000000000000000000000000000000000000000000
000000000000000000000000000000000000000000000000000000000000000111001000110100000000010100000000010000000001100000000100000110000001100000110100011000000000000000000010000000000000000000000000000000000000000000000000000000000000000000000000
000000000000100000000000000000000000000000000000000000000000000100001000101010000000011000000000000000000010011000001000001011100001100000001110000110000000000000000010000000000000000000000000000000000000000000000000000001100010000000000000
000000000001001000000000000000000000000000000110000000000000000011110111000010000000000000000000000000000010000110000110000010101000011100000000000110000000000000000010000000000000000000000000000000000001100000000000000000000110000000000000
000000000000110000000000000000000000000000000110000000000001110000110000000100000000000000000000000000000000000000000000000010101100000000000000000000000000000000000000000000000000000000000000000000011000110000000000000000011100000000000000
000000000000000000110000000000000000110000000000000000000001110000000000000000000000000000000000000000000000000110000000000101100011000000000110110000000000000000111000000000000000000000000000000000110001100000000000000100000100000000000000
000000001000000000110000000000000000110000000000000000000000000000000000000000000000000000000000000000000000000000000000001000010100100000000100001101110000000000000000000000000000000000000000000000000001000000000000000100000100000000000000
000000010100000000000000000000000100000000000000000000000000000000010000000000000000000000000000000000000000011000000000001000001010100000000000001001110000000000000000000000000000000000000000000000000001110000000000001000000000000000000000
000000100100000000000000000000001010000000000000000000000000001111110000000000000001100000001000000000000000000000000000000100100011000000000001110001110110000000000000000000000000110000000000000000000000011000000000000000000100000000000000
000000011000001100000000000000000101000000000000000000000000010000001000000000000010010000010100000000000000000000000000000111001100000000000000100001100111000000000000110000000000110000000000000000001000010110000000000000000000000000000000
000000000000001100000000000000000101000000000000000000000000001101101000000000000010010000011000000000000000000000000000000000000000000000000000000001100011000000000000000100000000000000000000000000110000001110000000000110000100000000000000
000000000000000000000010000000000011000000000000000000000000000000111000100000000001100000000000000000000000000000000000000000000000000000000000000000110010000000000000000010000000000000000000000000100110001110000000000010001000000000000000
000000000000000000000001000100000000000000000000011000000000000000010100110000000000000000000000000000000000000000000000000000000000000000000000001100010010001100000000100000000000000000000000000000010010000010000000000001110000000000000000
000000000000000000000000011100000000000000000000011000000000000000001000010000000000000000000000000000000000000000000000000000000000000000000000011010011100001100000000011110000000000000000000000000001000000100000000000001110000000000000000
000000000000000000001000100110000000000000000000000000000000000000101001010000000000000000000000000000000000000000000000000000000001110000010000110111000000000000000000000000000000000000000000000000010100000010000000000000000000000000000000
000000000000000000000100000000000000000000000000000000000000000011100001000110000000000000000000000000000000000000011000000000000010000000101000111011000000000000000000000000000000000000000000000000111000000000000000000000000000000000000000
000000100100000000000001110000000000000000000000000000000000000111000001000010000000000000000000000000000000000000100100000000000001100000100000001110000000000000000000000000000000000000000000000000010100000000000000000000000000000000000000
000010001000000000000000000000000000000000000000000000000000000001000000100101000000000000000001000000000000000001111000000000000001101010100000000000111000000000000000000000000000000000001000000000001000000000000001100000000000000000000000
000010001000000000000000000000000000000000011100000000000000001000000000001101100000000000000010100001000110000110000000000000000000010000000100000001001000000000000100000000000000000000011100000000111000000000000011011000000000110000000000
000101100000000000000000000000000000000000000000000000000000001101000000000010000000000000000100000001101111000000000000001110000000010001101000000001101000000000001010000000000000000000110100000111100000000000001110111000000001100000000000
000100000000000000000000000000000000000000000000000000000000110001000000000000000000000000000100100000011101100000000000011110000000001101100000000011000000000000001010000000000101000001100000000011000000000000111100000000000000010000000000
000100000000000000000000000000000000000000000000000000000000100011000000000000000000000000000111100000011000000000000000111101100000000000000000000110000000000000000100000000000101000000110100000001000000000001110000101010000000000000000000
000000000000000000000000000000000000000000011100000000000000010010000000000000000000000001110001100000000000000000000001100000100000000000000111101010100000000000000000000000000101000000011100000000000000000011000001100010000000000001111100
000000000000000000000000000000000000000000000000000000000000001110000000000000000000000000000000000000000000000000000011000011100000000000000111100011000000000000000000000000100010000000001000000000000000000000001100111000000000000010011100
000000000000000000000000000000000000000000100010000000000000000000000000000000000000000000000000001000000000000000000111000000000000000000000000100000100000000000011000000000100000000000000000000000000000000000011100000000000000000100001111
100000000000000000000000000000000000000000100010011000000000000000000000000000000000000000000000010000000000000000010111000000000000011100001110000000000000010000110100000000010000000000000000011000000000000000011100000000000000000010110100
010000000000000000000000000000000000000000000000011000000000000000000000000000000000000000000000000100000000000000101110111000000010000111000011000000000000101000010010000001100000000000000000011000000000000001110000000000000000000001000100
000000001011100000000000000000000000000000011100000000000000000000000000000000000000000000000000010100000000000000100100100000000011000111111000000000000000101000010001000010100000000000000000000000000000000100010000000000000000000000000011
000000011011011000000000000110000000000000000000010000000000000000000000000000000000000000000000000110000000000000011000000000000000010100000101000000000000010001110100000001100000000000000000000000000000000101000000000000000000000000000010
000001100000001000000000000110000000000000000000111000000000000000000000000000000000000000110000000110000000000000000000000000000111001100001010000000000000000011001011100001100000000000000000000000000000000010000000000000000000000000000111
000001100011001000000000000000000000000000000001011110000000000000000000000110000000000010000000000110000000000000000000000000001011000000001110000000000000000011100000000001000000000000000000000000000000000000000000000000000000000000000111
000010000001010000000000000000000000000000000001100011100000000000000000000000000000000100001000000011100000000001110000000000001100110101000000000000000000000000000000000000100000000000000010000000000000000000000000000000000000000000000000
000011001000000011000000000000000000000000000000000100000000000000000001101001000000000100001001000010010000110010000000100000100001010000000000000000000000000000000111000001000000000000000101000000000000000011000000000000000000000011000000
000010001000000011000000000000000000000000000000011000100000000000000001101000000000000000100101100001010000000010011011110000001001110000000000000000000000000000001001000000000000000011000011000000000000001111000000000000000000001011000000
000000100000000000000000000000000000000000000000010000000000000000000001101011000000010001100001100000100000000010101100010110111010000000000000000000000000000000000111000000000000000000000111000000000000010010000000000000000000010001100000
000110001000000000000000000000000000000000000000010001000000000000000001110010000000110000000011011100000000000001000000000001000010100000000000000000000000000000000000000000000000000100000100000000000000001000000000000000000000001110010000
000110101000000000000000000000000000000000000000011010000000000110000001110010000001000100000001000010000000000010100100010111000100010000000000000000000000000000000000000000000000000100010100000000000000000000000000000000000000011111100000
000001110000000000000000000000000000000000000000000100000000000110000000000100000001111100000000000011000000000001100000011000000110100011100000000000000000000000000000000000000000000100010000000000000000000000000000000000000000100001000000
000000000000000000000000000000000000000000000000000000000000000000000000000000000000000000000000000011000000000000000000000000000110100000000000000000000000000000000000000000000000000000000000110000000000000000000000000000000001010000000000
000000000000000000000000000000000000000000000000000000000000000000000000000000000000000000000011100000000000000000000000000000000001000000000000000000000000000000000000000011000000000010010001001000110000000000000000000000000000000000001100
000000000000000000000000000000000000000000000000000000000000011000000000000000000000010000000010100000000000000000000000000000000000000000000000000000000000000000110000000010110000000000110000110000110000000000000000000000000000000010010010
000000000000000000000000000000000000000000000000000000000000100100000000000000000001101100000100110100000000000000000000000000000000000000000000000000000000000001001000000010010000000000000000000000000000000000000000000000000000000110110100
000000001110000000000000000000000000000000000000000000000000100100000000000000000001101100000110011010000000000000000000000001000000000000000000000000000000000001101000000011111000000000000000000000000000000000000000000000000000000111000000
000000000000000011000011000000000000000000000000000000000000011000000000000000000001001100000000001100000000110000000000000001100000000000000000000000000000000000011100000000100000000000000000000000000000000000000000000000000000000000110000
000000000000000011000000100000000000000000000000000000000000000000010000000000000000110000000000000000000000110000000000000001110000000000000000000010000000000000000000000011100000000000000000000000000000000000000000000000000000000000100000
000000000000000000001001000000100000000000000000000000000000000000111000000000000000000000000000000000000000000000000000000000011000000000000000001100000000000000001100000101000000000000000100000000000000000000000000000000000000000000000000
000000000000000000001000000011011000000000000000000000000000011011000000000000000000000000000000000000000000000000000000000000000000000000000000000101000000000000010100000100100000000000001010000000000000000000000000000000000000000000000000
000000000000000000000000000011011000000000000000000000000000010011100010000000000000000110010011000000000000000000000000000000010100000000000000000011100000000000010100000100100000000000001001000000000000000000000000000000000000000000000000
000000000000000000000000000011001000000000000000000000000000100001000001000000000000000110001101100000000000000000000000001100010010000000000000000001100000000000010010000001000000000000000110000000000000000000000000000000000000000000000000
000000000000000000000000000000110000000000000001000000000000010000000010000000000000000010011011100000000000000000000000001001111100000000000000000000100000000011001100000000000000000001100000000000000000000000000000000000000000000000000000
000000000000000000000000000000000000000000000110110000000000010001000000000000000000000110010011100000000000000000000000000000000000000000000000000000000000000100111000000000000000000001100000000000000000000000000000000110000000000000000000
000000000000000000000000000000010000000000000110001001100000001001100000000000000000000110100011100000000000000000000001100110000000000000110000000000000000000010011000000000000000000000000000000000000000000000000000000101000000000000000000
000000000000000000000000000001101000000000000000000000010000000000000000000000000000000001000011000000000000000000000001100110110000000100111000000000000000000001110000001100000000000000000110000000000000000000000000000111000000000000000000
000000000000000000000000000010001000000000000001100000100000000000000000000000000000000000000000000000000000000000000000000011000000000100011000000000000000000000100000001010000000011000000001000000000000000000000000000000000000000000000000
000000000000000000000000000000010000000000000110101010000000000000000000000000000000000000000000000000000001100000000000000000000000000000011100000000000000000000000000001110000000000111101010000000000000000000000001100000000000000000000000
000000000000000000000000000100000000000000000111000000000000000000000000000000000000000000000000000000000001100000000000000000000000000000010000000000001100000000000010000000000000000011000000001110000000000000000011000000000000000000000000
000000000001100000000000000000000000000000000010000000000000000000000000000000000000000000000000000000000000000000000000000000000100000010110000000000001100000000000110000000000000000000111000000000000000000000000010010100000000000000000000
000000000001100000000000000011100000000000000000000000000000000000000000000000000000000000000000000000000000000000000000000000001010000011100000000000001100000000000110000000000001100000110100000001000000000000000011101110000000000000000000
000000000000000000000111111000000000000000000000000000000000000000000000000000000000000000000000000000000000000000000000000000000000000001000000000000000000000000000100000000000001100000001110001001000000000000000011000011000000000000000000
000011100000000000000000000000000000000000000010000000000000000000000000000000000000000000000000000000000000000000000000000000000000000000000000000000000000000000000111110000000000000000000111000001000000000000000001010011000000000000000000
000110010000000000000000001000000000000000000010000000000000000000000001000000000000000000000000000000000000000000000000000000000000000000000000000000000000000000000010111000000000000000000111000000000000000101110000111001100011100000000000
001000100000000000010010001000000000000000000010000000000000000000000001000000000000010110000000000000000000000000000000000000000000000000000000000000000000000000000000010000000000000000000010000010000000001011110000000001000000000000000000
000111000001110000110000010000000000000000000000000000000000000000000001000000000000111110000000000000000000000000000000000000011110000000000000000000000000000000000000000000000011000000111100000100000000001011000000000010000000000000000000
000011000000000001000000000011000000000000011000111000000000000000000000000000000001000100000000000000000000000000000000000001000110000000000001110000000000000000000000000000000100100000110100000000000000001000000000000000000000000010000000
000001100000000000110100000000000000000000011000000000000000000000000000000000100010011100000000000000010000000000000000000001000010000000000000000000000000000000000000000000000101000000110100000000000000000001000000000000000000000101000111
000010100000000000011010000000000000000000000000000000110000000000000000000000100001000110001000000000010000000000000000000010111000000000000000000000000000000000000000000000000010000000001000000000000000000100100000000000000000000101000111
000010100000000000001100000000000000000000000100000000110000000000000000000000100000110100010100000000010000000000000000000011000000000000000000000000000000000000000000000000000000000111111000000000000000011111100000110000000000000010000111
000000000000000000000000000000000000000000000100000000000000000000000000000000000000010000101110000000000000110000000000000000000000000000000000000000000000000000000000000000000000000001011000000000000000111111000000111000000000000000001100
000001000000000000000000000000000000000011111110000000000000000000000000000000000000101111011010000000000000110000000000000000011000111000000000000000000000000000000000000000000000000000110000000000000001100110000001011100000000000000000000
000000000000000000000000000000000000000100010000000000010000000000000000000000000000100001111010000000000000000000000100000000000000011000000000000000000000000000000000000000000000000000000000000000000000000110000001100101000000000000000000
010110000000000000000000000000000000000100001000000000101000000000000000000000000000101110000100000000000000000000000100000000001100000100000000000000000000000000000100000000000000000000000000000000000010001010000000101001000000000000000000
011000000000000000000000000000000000000000010100000000101000000000000000000000000000000010111000000000000000001110000100000000011010001000000000000000000000000000000100000000000000000000000000000000000000001100000000010011100000000000000000
000000000000000000000000000000000000010000000000000000010000000000000000000000000000000000110000000000000000000000000000000000100000001000000000000000000000000000000100000000000001000000000000000000010000111000001100000011001000000000000000
000000000000000001100000000000000000111000000000000000000000000000000000000000000000000000000000000000000000000000000000000001110000100000000000000000000000000000000000000000110010100000000000000000110100100000000000000001010000000000000000
000000000000000010100000000000000000000010001110000000000000000000000000000000000000000000000000000000000000000000000000000010000000100000000000000001110000000000000000000000110010100000000000000000100000100000000000011000100000000000000000
000000000000000011000000000000000000010010000000000000000000000000000000000001000000000000110000000000000000000000000000000000000000110000000000000010001000000000000001000000000001000000000000000100000001000000000000011000000000000000000000
000000000000000000000000000000000000001100000000000000000111000000000000000010100000000000110000000000000000000000000011000100110000010000000000000100000100000000000010100000000000000000000000001101000010011100000000000000000000000000000000
000000000000000000000000000000000000000000000000000000011001110000000000000001100000000000000000000000000000011000000010010011000010010000000000000100000100000000000010100000000000000000000000001011010110000000000000000000000000000000000000
000000000000000000000000000000000000000000000000000000010011000000000000000000000000000000000000000000000000011000000000000000000010100000000000000100000100000000000001000000000000000000000000111000001000010100000000000000000000000000000000
000000000001100000000000000000000000000000000000000000010001000000100000000000000000000000000000000000000000000000000000000000000000000000000000000010001000000000000000000001100000000000000001011000000110001000000000000000000000000000000000
000000000001100000000000000000000000000000000000000000001001010100010000000000000000000000000000111000000000000000000000101000000000000000000000000001110000000000000000000001100000000000000010010000000110000000000000000000000000000000001100
000000000000000000000110000000000000000000000000000000000101001000000000000000000000000000000000000000000000000000011110000000000000000000000000000000000000000000000000000000000001000000000010100000000000000000000000000000000000000000001100
000000000000000000001010000000000000000000000000000000000011100011100000000000000000000000000010000000000000000000111111100000000000000000000000000000000000000000100000000000000010100000000001000000000000000000000000000000000000000000000000
000000000000000000000010000000000000000000000000000000000000110110000000000000000001000000000010000110101000000001001100000011100000000000000000000000000000000011010000000000000001100000000000000000000000000000000000000000000000000000000000
000000000000000000000000000000000000000000000000000000000000001100000000001100000001000000000010000110101000000001100001100001000000000000000000000000000000000100001000000000000000000000000000000000000000000000000000000000000000000000000000
000000000000000000000000000110000000000000000000000000000000001000000000001100000001000000000000000000000010000001100001100001001000000000000000000000000000001000110000000000000000000000000000000000000000000000000000000000000000000000000000
000000000000000000000000001010000000000000000011000000000000000000000000000000000000000000000000111001100000000000000001100000110000000000000000000000000000000100100000000000000000000000000000000000000000000000000000000000000000000000000000
000000000000000000000011011100110000000000001010000000000000000110000000000000000000000000000000000010000001000001100001110000000000000000000000000000000000000010000000000000000000000000000000000000000000000000000000000000000000000000000000
000000000000000000000001100000110000000000111000000000000000001110000000000000000000000000000000000010011010000011100000010000000000000011100000000000000000000000000000110000000000000000000000000000000000000000000000000001000000000000000000
000001110000000000000011100000110000000000110000000000000000110000000000000000000000000000000000000000000110000011100000000000000000000000000000000000000000000000000000110000000000000000000000000000000000000000000000000011100000000000000000
000000000000000000000000000000000000000000110010000000000001001110000000000000000000000000000000000100101100000001101100001000000000000000000000000000000000000000000000000000000000000000000000000011000000000000000000000100110000000001100000
000100000100011100000000000000000000000000001110000000000001000010000000000000000000000000000000000100001110000001101100011000000000000000000000000000000000000000000000000000000000000000000000000011000000000000000000000100110000000010010000
000100000111100010000000000000000000000000000100000000000001101100000000000011000000000000000000000000000100000000101000001000000000000000000000000000000000000000000010000000000000000000000000000000000000000000000000000010100000000001100000
000100000000000001000000000000000000000000000000000000011000011100010100000010100000000000000000000000000100000000010000000000000000000000000000000000000000000000000011100000000000000000000000000000000000000000000000000000000000000000000000
000000000100001000100000000000000000000000000000000000100100000000000000110001000000000000000000000000101000000000000000000000000000000000000000000000000000000000000000000000000000000000000000000000000000000000000000000001000111010000000000
000001110000000000100000001000000000000000000000000000011000000000000001000000000000000000000000000000010000000010000000000000000000100000000000000000000000000000000000000000000000000000000000000000000000000000000000000011001000010000000000
000000000010100010100000001000000000000000000011000000000000000000000000000000000000000000000000000000000000000110000000000000000000100000000000000000000000000000000011010000000000000000000000000000000000000000000000000010011010100000000000
000000000001100011000000001000000000000000000011000000000000000000000000000100000110000000000000000000100101000100000000001100000000100000000000000000000000000000000000000000000000000000000000000000000000000000000000000000011011000000000000
000000000000000000000000000000000000000000000000000000001000000000000000000000001001000000000000000000101110110001000000100010000000000000000000000000000000000000000000011000001000000000000000000000000000000000000000000000011011000000000000
000000000000000000000000000000001000000000000000000000001000000000000000000100000110000000000000000000000011100000110011010010000000000000000000000000000000000000000000000100110100000000000000000000000000000000000000000000000001000011100000
000000000000000000000000000000011000000000000000000000001000000000000000101100000000000000000000000000101000001001100000100001000000000000000000000000000000000000000000111000110100000000000000000000000000000000000000000000000100100000100000
000000000000000000000000000000010100000000000000000000000000000000000000110000000000000000000000000001000000001100000011010000000000000000000000000000000000000000000001000000000000000000000000000000000000000000000000000000001001000000000000
000000000000000000000000000110001000000000000000000011100011100000000000000000000000000000000000000001001000010000000011111100000000000000000000000000000000000000000001110000000000000000000000000000000000000000000000000000001011100100000000
000010101111000000000000001000001000000000000000000000000000000000000000000000000000000000000000000000000000001100000011100000000000000000000000000000000000000000000001110000000000000000000000000000000000000000000000011000001100111111000000
000010010101100000000000000101000000000000000000000000001000000000000000000000001000000000000000000000111010010000000000000000000000000000000000000000000000000000000000000000000000000000000000000000000000000000000000100100000110011000000000
000010001001100000000000000001000001000000000000000000001000000000000000000000011110000000000000000000000110001000000000000000100000000000000000010000000000000000000001100000000000000000000000000000000000000000000000100100000011000000000000
011000001000000000000000000010000101000000000000000110001000000000000000000000100010001010000000000000000110001000000000000001110000100110000000000000000000000000000000000111000000000000000000000000000000000000000000011000000000000000000000
011000000000000000000000000010000011000000000000001000000000000000000000000000010100000001000000000000000011000000000000000001010000100111110000000000000000000000000000001100100000000000000000000000000000000000000000000000000011110000000000
000000000000000100000000000000010000000000000000001110000000000000000000000000100000001001000000000000000000000000000000011010001100101111001000000011100000000000000000010001000000000000000000000000000000000000000000000000000100001100000000
000000000000001011000000000110110110000000000000000000000000000000000000000000100000000001000000000000000000000000000000000010000010000000001000000001100000000000000000010001000000000000000000000000000000000000000000000000000011011000000000
000000000000001000100000001000100000000000000000000001000000000000000000000000100000100000000000000000000110000000000000100110001100101100000000100000110000000000000000001010000000000000000000000000000000000000000000000000000011110000000000
000000000000001100100000001000000000000000000000000110000000000000000000000000000001010000000000000000001001000000000000000100000000100110000000110000100000000000000000000100000001100000000000000000000000000000000000000000000000000000000000
000000000000001001100000000111000000000000000000000111000000000000000000000000000001010000000000000000000110000000000000000000000000100100001110100001011000000000000000000000010001100000000000000000000110000000000000100000000000000000000000
000000000110001010000000000000000000000000000000000111000000000000000000000000000000100000000000000000000000000000000010000000000000000000010001000011011000000000000000000001110001000000000000001100001001000000000000100000000000000000000000
000000000110001110000000000000000000000000000000000010110110000000000111000000000000000000000000000000000000000000000010000100000000000000010010000011100000000000000000001001000001100000000000010100000101000000000000100000000000000000000000
000000000000000000000000000000000000000000000000000110000011110000000000000000000000000000000000000000000000000000000010011000000000000000001100000000000000000000000000001111000000010000000000010000000010000000000000000000000000000000000000
000000000000000000000000000000000000000000000000000010000010100000000000000000000000000000000000000000000000000000000001110000000000000000011100000000000000000000000000000111000000001010000000010100000000000000000000000000011000000000000000
000000000011000000000000000000000000000000000000000001101000000010000000000000000000000000000000000000000000000000001000000000000000000000101000000000000000000000000000001110000000001100100000001100101000000000000000000000011000000000000000
000000000101100000000000000000000000000111000000000001101101100001000000000000000000000000000000000000000000010000001100000000000000000000110111110000000111000000000000010100000000000100010000000000100100000000000000000000000000000000000000
000000000100100001000011000000000000000000000000000000001111110000000000000000000000010000000000000000000000010000000110000000000000000000010100000000000101000000000000001000000000101110000000000001000100000000000000000000000000000000000000
001000000011100001000100100000000000000000000000000000000100000000001000000000000000001111000000111000000001100000001000000000000000000000010000010000000100100000000000000000000000011010001000000000100100000000000000000000000000001110000000
010100000011000001000011000000000000000000000010000000000001001010010100000000000000001110000000111000000000010000000000000001100000000000000000000001110010010000000000000000000000000000001000000000111000000000000000000000000000011100000000
000000000000000000000000000000000000000000000011100000000101100001010100000000010100000000000010000010000000000000000000000010100000000000001100000001010011010000001100000000001000000000010000000000000000000000000000000000000000000000000000
000000000000000000000000000000000000000000000111100000000011111110000000000000010000010000000010101010000000000000000000000011000000000000001000100001010001010000001010000001000000001001100000000000000000000000000000000000000000000000000000
000000000000000000000000000000000000000000000000010000000000110010000000000000000001011000000000000000000000000000000000001100000000000000001000000000000001110000000100000001011010001110000000000000000000000000000000000000000000100000000000
010100000000000000000000000000000000000000011100000000000010110100000000111000000000101000000001010101000000000000000000010100011000000000000000000000000000000000000000000001111010000000000000000000000000000000000000000000000001010000011000
001000000000000000000000000000000000000000011000110000000010010010001110111000000111110010000001000001000000000000000000011000011000000000001001000000000000000000000000000000000110000000000000000100000000000000000000000000000000011000011000
000000000000000000000000000000000000000000001110100000000000010100010000100000000001000001000000011100000000000000000000000000000000000000000011000000000000000000000000000000000010010000000000010000000000000000000000000000000000011000000000
000000000000000000000010001110000111000000000100000000000000000000001100000000000000100001000000011100000000000000000000000000000000110000000011000000000000000000000000000000000001100000000000000000000000000000000000000000000001110000000000
000000000000000000000101001001000000000000001110000000000000000000001000000001110000110000000000000000000000000000000000000000000001001000000000000000000000000000000000000000000111100000000000001100000000000000000000000000000110000000000000
000000000000000000000000111001100000000000010010000000000000000000000100110101111000000000000000000000000000000000001100000000000001001000000000000000000000000000000000000000001010000000000000001100000000000000000000000000000110000000000000
000000000000000000000000101001000000000000011010000000000000000000000100001100100100000111000000000000000000000000010010000000000000110000000000000000000000000000000000000000001010000000000000010001100000000000000000000000000001111000000000
000000000000000000000001101010001000000000011011000000000000000000000011011000101000000100100000000000000000000000001100000000000000000000000000000000000111000000000000000000000100000000000000001111000000000000000000000000000011010100000000
000000000000000000000001101010001100000000000100000000000000000000000011010111110000000000010110000000000000000000000000000000000000000000000000000000000011000000000000000000000000000000000000000110000000000000000000010000110000000100000000
000000000000000000000000000000001100000000000000100000000000000000000010101110000000000100100110000000000000000000000000000000000000000000000000000001000100000000000000000000000000000000000000000000000000000000000000010001100000001000000001
010000000000000000000000000000011000000000000110100000000000000000000011011100000000000111000000000000000000000000000000000000000000000000000111000010110000000000000000000000000000000000000000000000000000000000000000010000110000000000000100
011000000000000000000000000010010000000000011110000000001100000000000001110000000000000000000000000000000000000000000000000000000000000000000000000110110000000000000000000000000000000000000000000000000000000000000000000000010000000000000100
010000000000000000000000000010100000000000011000000000010100000000000000100000000010000000000000000000000000000000000000000000000000010000000111001101010000000000000000000000000001000001000000000000000000110111000000000000000000000000000010
100000000000000000000000000011100000000000000010000000001000000000000000000000000100000110000000010000000000000000000000000000000000101000000000001110001000000000000000000000000100110111100000000000000001001000100000001100000000000000000001
000000000000000000000000000000000000000000000011000000000000000000000000000000001110000111000000011000000000000000000000000000000000101000011000000111000100000000000000000000001000111101010000000000000000110000100000010010000000000000011101
000000000000000000000000000000000000000000001001000000000000000000000001100000001110000100100000100100000000000000000000000000000000010000011000000110110110000000000000000000000000101000011000000000000000000100000000001100000000000000000000
000000000000000111000000000000000000000000001110000000000000000000000001100000000000000110010000001110000000000000000000000000000000000000000000111000000100000000000000000000000000000001010000000001000000000100000000000000000000000000100100
000000000000000000000000000000000000000000000100000000000000000000000000000000000110011110110001101000000000000001100000000000000000000000000011001100011000000000000000001000001000010101100000000110100000000101000000000000000000000000011000
000000000000010000000000000000111000000000000000000000000000000000000000000110000011110000000000110000000000000001100000000000000000000000000010010010000100000000000000011100000000001111000000000110100000000010000000000000000000000011011000
000000000000101000000000000000000000000000000000100000000000110000000000000101000011100000000000000000000000000000000000000000000000000000000110100011000100000000000000110010000000000100000000000011000000000000000000000000000000000011010000
000000000000101000000000000000000000000000110000111000000000110000000000000010000000000000001000000000000000000000000000000000110000000000000010000001010010000000000001000110000000000000000000000000000000000000000000000000000000000000100000
000000000000010000000000000000000000000000110000101000000000000000000000000000000000001011111100000000000000000001000000000000110000000000000000000000000100000000000011000000000000000000000000000000000000000000000000000000000000001001110010
000000000000000011000000000000000010000000000000001000000000000000000000010000000000010000000010000111000000000001000000000000000000000000000000000000110100000000000111000000000000000000000000000000000000000000000000000000000000001000101011
000000000000000011000010001000000101000000000000000000000000000000000000101000000000001000000100000000000000000001000000000000000000000000000000000001000100000000000011000000000000000000000000000000000000000000000000000000000000000000000000
000000000000000000000101010100000110000000000000000000000000000000000000110000000000000000000100010000010000000000000000000000000000000000000000000001000100011000000001000110000000000000000000000000000000000000000000000000000000000000000000
010000000000000000001001100010000000000000000000000000000000000000000000000000000000000000101000010000010000000000000000000000000000000000000000000000111000011000000000110010000000000000000000000000000000000000000000000000000000000000000000
101000000000000000001000101100000000000000000000000000000000000000000011000000000000000000000000010000010000000000000000000000000000000000000000000000000000000000000000011100000000000000000000000000000000000000000000000000000000000000000000
000000000000000000001111011100000000000000000000000000000000000000000010100000000000000000000000000000000000000000000000000000000000000000000000000000000110000000000000001000000000000000000000000000000000000000000000000000000000000000000000
111000000000000000110000110000000000000000000000000000000000000010000000100000000000000000000000000000000000000000000000000000000000000000000000000000000110000000000000000000000000000000000000000000000000000000000000000000000000000000000000
110000000000000001100001010000000000000000000000000000000000000010000011000000000000000000000000000000000000000000000000000000000000000100000000000000000000000000000000000000000000000000000000000000000000000000000000000000000000000000000000
100100000000000000000000010000000000000000000000000000000000000000000101100000000000000000000000000000000000000000000000000000000000001010000000000000000000000000000000000000000000000000000000000000000000000000000000000000000000000000000000
101110000000000000000010100000000000000000000000000000000000000000000000110000000000000000001110000000000000000000000000000000000000001010000000000000000000000000000000000000000000000000000000000000000000000000000000000000000000000000000000
100010000000000000000000000110000011000000000000000000000000000000000000000000000000000000000000000000000011100000000000000000000000000100000000000000000000000000000000000000000000000000000000000000000000000000000000000000000000000000000000
011100000000000000000001100110000011000000000000000001000000000000000110100000000000000000000000000000000100010000000000000000000000000000000000000000000000000000000000000001000000000000000000000000000000110000000000000000000000000000000000
011100000000000000000000100100000000000000000000000010100000000000000100000000000000000000000000000000000100011000000000000000000011000000011000000000000000000000000000000010110000000000000000000000000000110000000000011100000000000000000000
000000000000000000000000011000000000000000000000000010100000000000000100001000000000000000000000000000000100011000000000000000000100100000100100000000000000000000000000000010100010000000000000000000000000000000000000110110000000000000000000
000000000000000000000000000000000000000000000000000001000000000000000000001000000000000000000000000001000000001000000000000000000011000000011000000000000000000000000000000001000111000000000000000000000000000000000000100110000000000000000000