000000000000000000000000000000000000000000000000000000000000001111000000011000000000000000000000000010000111011000000000000000000000000000000000000000000000000000000000111000001000100000000000000000000000000000000000011100000000000000000000
000000000000000000000000000000000000000000000000000000000000001111100000000001000000000000000000000000001000001000000000000000000000000100000000000000000000000000000001000100001111000000000000000000000000000000000000000000000000000000000000
000000000000000000000000000000000000000000000000000000000000000000000000001110100000000000000000000000000000000000000000000000000000001010000000000000000000000000000001100010000100000000111000000000000000000000000000000000000000000000000000
000000000000000000000000000000000000000000000000000000110000000011100000000100100000000000000000000000000000000000000000000000000000001010000000000000000000000000000000001001000000000000000000000000000000000000111000000000000000000000000000
000000000000000000000000000000000000000000000000000000100100000011100000000011000000000000000000000000000100000000000000000000000000000100000000000000000000000000000000001001000000000000000000000000000000000000000000000000000000000000001100
000110000000000000000000000000000000000000000000000001101100000001100000000000000000000000000000000000000011000000000000000011000000000000000000000000000000000000000000000110000000000000000000000000110000000000000000000000000000000000010100
000110000000000000000000000000000000000000000000000000000000000001011000000000000000000000000000000000000000000000000000000011000000000000000000000000000000000000000000010111000000000000000000000000110001000000000000111000000000000000011000
000000000000000000000000000000000000000000000000000001001010000100001000000000000000000000000000000000000000000000000000000000000000000000000000000000000000000000000000011011000000000000100000000000111011110000000001000010000000000000000000
000000000000000000000000000000000000000000000000000001000001000100001000000000000000000000000000000000000000000000000000000000000011000000000000000000000000000000000000011110000000000000100000000000000011110000000000001011000000000000000000
000000000000000000000000000000000000000000000000000000010000000100010000000000000000000000000000000000000000000000000000000000000011000000000000000000000000000000000000001100000000000000100000000000000010000000010001110001100000000000000000
000000000000000000000000000000000000000000001100000000010110000011100000000000000000000000000000000000000000000000000000000000000000000000000000000000000110000000000000000000011100011100000000000000000001000000011000000000110000000000000000
000000000000000000000000000000000000000000001100000000001000000000000000000000000000000000000000000000000000000000000000000000000000000000000000000000000110000000000000000000000001101011000000000000000000000000100100000001100000000000000000
000000000000000000000000000000000000000000000000000000000000000000000000000000000000000000000000000000000000000000000000000000000000000000000000000000000000000000000000000000000000010010100000000000000000000001011100000000000000000000000000
000000000001000000000010000000000000000000000000000000000000000000000000000000001110000000000000000000000000011000000000000001010000001110000000000000000000000001000000000000000001000000100000000000000000000110100111011100000000000000000000
000000000010100000000101000000000000000000000000000000000000000000000000000000001001100000000000000000000000100100000000000000100000000000000000000011000000000001000000000000000000000001000000000000000000000010100010111100000000000000000000
000000000011000000000010000000000000000011100000000000000000000000000000000000000111000000000000000000000000000100000000000000000010000000000000000011000000000001000000000010000000000000000000000000000000000001000001000000000000000000000000
000000000000000000000000000000000000000000000000000000000000000000000100000000000010000000000000000000000110100000000000000000000001000000000000000000000000000000000000000010000001000000000000000000000000000000000000000000000000000000000000
000000000000000000000000000000000000000000000011000000000000000000001010000000000000001100000000000000000001001000000000000000000100100000000000000000000000011100011100000000000001000000000000000000000000000000000000000000000000000000000000
000000000000000000000000000000000000000000000101100000000000000000001110011000000000000000000000000000000000000100000000000000000011100000000000000000000000000000000000000010000000000000000000000000000000000000000000000000000000000000000000
000000000000000010000000000000000000000000001100000000000100000000000110001011100000010001000000000000000000000000000000000000000011000000000000000000000000000001000000000010111000010000000000000000000000000000000000000000000000000000000000
000000000000000101000000000010000000000000001100100111001110000000000000010001000000011000100000000000000000000000000000000000000000000000000000000000000000000001000000000001000100011000000000000000000000000000000000000000000000000000000000
000000000000001001000000000010000000000000011100000111000000000000000000111110000001101101100000000000000000000000000000000001000000000000000000000000000000000001000000000000000000001000000000000000000000000000000000000000000000000000000000
000000000110000110000000000010000000000000001100100001000111000000000000000100000111011000000000000000000000000000000000000011010010000000000000000000000000000000000000011100000010000000000000000000000000000000000000000000000000000000000000
000000000110000000000000000000000000000000000000001011000000110001110000100100001010001000000000000000000000000000000000000000010000000000000000000000110000000000000000011100000001100000000000000000000000000000000000000000000000000000000000
000000000000000000000000000000000000000000000000001001000001000010001000011100000111000100000000110000000000000000000000000011000110000000000000000000110000000000000000100000000101000000000000000000000000000000000000000000000000000000000000
000000000000000000000000000000000000000011000000001000100000000010001000000100000010001000000001001000000000000000000000000001101100000000000000000000000000000000000000000001100101000000000000000000000100000000000000000000000000000110000000
000000000000000000000000000000000000000001100000000011100000000010001000000000000100010000000000110000000000000000000000000011011000000000000000000000000000000000000000001000110000000000000000000000001100000000000000000000000110000110000000
000000000000000000000000000000000000011011100000100000100000000001110000000000001011100000000000000000000000000000000000000001110000000000000000000000000100000000000000001101100000000000000000000000010100000000000000000000000110000000000000
000000000000000000000000000000000000011111100011100000000000000000000000000000000110000000000000000000000000000000000000000000100111000001100001000000000100000000000000001111000000000000000000000000000000000000000000000000000000000000000000
000000000000000000000000000011000000000110001111000000000000000000000000000000000000000001000000000001100000000000000000000000000100010110011110100000000100000000000000000000000000000000000000000000100000000000000000000000000000000000000000
000000000000000000000000100011000000011101111100000001000000000000000000000000000000000011100000000100000000000000000000000000011011000010100000000100000000000000001110000000000000000000000000000011000000000000000000000000000000000000000000
000000000000000000000000100000000000011001100001000001100000000011000000000000000000000101010000000010100000000000000000000110010000000010000000001010000000000000000000010000000000000011100000000110010000000000000000000000000000000000000000
000000000000000000000000100000000000001000011000000010100001000010100000000000000000001110111000000001000000000000000000001110011100011100000011000100000000000000000000101000000000000000000000001000011000000000000000000000000000000000000000
000000000000000011000000000000000000011000011000010000000010100001000000000001000000000101010000000000000000000000000000000000000100000001001000010000000000000000000001001000010000000000000000001000111100000000000000000000000000000000000000
000000000000000011000000000000000000011011000010010000000010100000000000000001000000000011100000000000000000000000001011000000000000000000100001011000000000000010000000110000010000000000000000010000001010000000000000000000000000000000000000
000000000000000000000000000000000000001010000000010000000001000000000000000001000000000001000000110000000000000000001000000000000000000000000001001000000000000110000000000001001000000000000000001000011100000000000000000000000000000000000000
000000000000000000000000011000000000000100000000000000000000000000000000000000000000000000000001001000000000000000000111110000000000000000000000001000000000001000111000000011000000000000000000000111111000000000000000000000000000000000000000
000000000000000000000000100100000110000000000111000000000000000000000000000000000000000000000000110000000000000000000010100000000100000000000001000000000000000110111000000000100000000000000000000000010000000000000000000000000000000000000001
000000000000000000000000011000001001000000000000000000000000000000000000000000000000000000000000000000000000001100000101000000000100000000000001100000000000000000000101100001000000000000000000000000000000000000000000000000000000000000000001
000000110000000000000000000000000110000000000001000000000001100000000000000000000000000000000000000000000000010010000111000000000000000000000000010000000000000001001100110000000000000000000000000000000000000000000000000000000000000000000001
000000110000000000000000000000000000000000000010100000000001100000000000000000000000000000000000000000000000010010000010000000000000000000000110000000000000000000001100100000011100000000000000000000000000000000000000000000000000000000000000
011100000000000000000000000000000000000000000001000000000000000000000000000000000000000000000000000000000000001100000000000000000000000000000110000000000000000000000110000000010010000000000000000000000000000000000000000000000000000000011100
000000000000000000000000000000000000000000000000000000000000000000000000000000000000000000000000000000000000000000000000000000000000000000000110000000000000000000000011000000100010000000000000000000000000000000000000000000000000000000000000
000000000000000000000000000000111000000000000000000000000000000000000000000000000000000000000000000000000000000000000000000000000000000000000010110000000000000000000000100000010010000000000000000000000000000000000000000000000000000000000001
100000000000000000000000000000100000000000000000000010000000000000000000000000000000000000000000000000000000000000000000000000000000000000000011100110000011100000000011000000010100000000000100000000000000000000000000000000000000000000000001
001000000000000000000000000000100111110000000000000110000000000000000000000100000000000000000000111000000000000000000000000000000000000000000001001010000000000000000000000000000000000000011000000000000000000110000000000000000000000000000001
100100000000000000000000000000000110100000000000001001100000000000000000001010000000000000000000000000000000000000000000000000000000000000000000001000000000000000000000000000000000001100000000000000000000000110000000000000000000000000000000
100100000000000000000000000000000111101000000000001100101000000000000000000110000000000000000010000010000000000000000000000000000000000000000000001010000000000000011100000000000000000100000001000000000000000000000000000000000000000000000000
110010000000000000000000000000000000101000000000000000011000000000000000000000000000000000000010000010000000000000001100000000000000111000000000000110000000000000000000000000000000100000000010100000000000000000000000001100000000000000000000
010111000000000000000000000000000000011000000000000000000000000000000000000000000000000000000010000010000000000000010010000000000000000000000000000000000000000000000000000000000000111000000100100000000000000000000000001100000000000000000011
000010000000000000000000000000000000000000001000000000000000000000000000000000000000000000000000000000000000000000001100000000000000000000000000000000000000000000000000000000000000111000000011000000000000000000000000000000000000000000000010
111100000000000000000000000000000000000000001000000000000001000000000000000000000000000000000000000000000000000000000000000000000000000000000000000000000000000000000000000000000000000000000000000000110000000000000000000000000011100000000001
001000000000000000000000000000000000000000001000000000000011110000000000000000000000000000000001010111000000000000000000000000000000000000000000000010000000000000000000000000000000000000000000000000110000000000000000000000000000000000000000
000000000000000000000000000000000000000000000000000000000100110000000000000000000000000000000001110011000000100000000000000000000000000000000000000101000000000000000000000000000000000000000000000000000000000000000000000000000000000000000000
000000000000000000001110000000000011000000000011100000000100001000000000000011000000000000010000111000000001010000000000000000000000000000000000000101000000000000000000000000000000000000000000000000000000000000000000000000000000000000000000
000000000000000000000000000000000000010000000000000000000110101100000000000011000000000001111000001001000001010000000000000000000000000000000000000010000000000000000000000000000000000000000000000000000000000000000000000000000000100000000000
000000000000000000000000000000000100000001000000000000000000110110000000000000000000000000001100110110000000100000000100000000000000000000000000000000000000001000000000000000000000000000000000000000000001100000000000000000000000110000000000
000000000000000000000000011000001000100010110000000000000000001000000000000000000000000001100111110100000000000000001010000000000000000000000000000000000000001000000000000000000000000000000000000000000001110000000000000000000000111000000000
000000000000010000000000100100000110110111110000000000000000000000000000000000000000000000000110000000000000000000010010001100000000000000000000000000000000001000000000000000000000000000000000111000000000001000000000000000000110011000000000
000000000000010000011000011000000000010100000000000000000000000000000000000000001000000000001110000011000000000000001100010010000000000000000000000000000000000000000000000000000000000000000000000000000111001100000000000000001100011000000000
000000000000010000010100000000000000000100000000000000000000000000000000000000001000000000001100000011000000000000000000010100000000000000000000000000000000000000000000000000000000000000000000000000110000010100000000000000000100010000000000
000000000000000000001000000000001101110000000000000000000000000000000000000000001000000001101000000000000000000000000000001000000000000000000000000000000000000000000000000000000000000000000000000011010000011000000000000000110101100000000000
000000000000000000000000000000001000010000000000000000000000000000000000000000000000000110110000000000000000000000000000000000000000000000000000000000000000000000000000000000000000000001100000000000010000000000000000000000001001110000000000
000000000000000000000000000000000111000000000000000000000000000000000000000000000000000010110000000000000000011100000000000000000000000000000000000000000000000000000000000000000000000010010000000010001000010000000000000000000000101000000000
000000000000000000000000000000000010001000000000000000001000000000000000000000000000000001000000000001110010011100000000000000000000000000000000000000000000000011000000000000000000000010100000000010111111100000000000000000000000110000000000
000000000000000000000000000000000000001100000000000000001000000000000000000000000000000000000000000010000010000100000000000000000000000000000000000000000000000011000000000000000000000001000000000000001110000000000000000000000000000000000000
000000000000000000000000000000000000011011000000000000010100000000000000000000001100000000000000000001000000011100000000000000000000000000000000000000000000000000000000000000000000000000000000000011000110000000000000000000000000010000000000
000000000000000000000000000000000000110111000000000000001000000000100000000000010010000000000000000000110000011011000000000000000000000000000000000000000000000000000000000000000000000000000000000000101010000000000000000000000000000000000000
000000000000000000000000000000000001000110000000000000001000000001010000000000010100000000000000000000000000000111000000000000000000000000000000000000000000000000000000000000000000000000000000000000010101000000000000000000000000000000000000
000000000000000000000000000000000000101000001110000000001100000001010000000000001000000000000000000000000000000000000000000000000000000000000000000000000000000000000000000000000000000000000000000000000101100000000000000000000000000000000000
000000001100000000000000000000000000001000000000000000000001100000100000000000000000000000000000000000000000000000000000000000000000000000000000000000000000000111000100000000000000000000000000000000000111000000000000000000000000000000000000
000000001100000000000000000000000000000010000000000000000100100000000000000000000000000000000000000000110000000000000000000000000000000000011000000000000000000000001010000000000000000000000000000000000000000000000000000000000000000000000000
000000000000000000000000000000000000000001000000000011000001000000000000000000000000000000000000000000110000000000000000000101000000000001000100000000000000000000001001000000000000000000000000000000000000000001000000000000000000000000000000
000000000000000000000000000000000000000001000001000110110000000000000000000000000010000000001100000000000000000000000000000110000000000001000000000000000000000000000110000000000000000000000000000000000000000011010000000000110000000000000000
000000000000110000000000000000000000000000000110000110000000000000000000000000000000111100001100000100000000000000000000000010000000000001000110001000000000000000000000000000000000000000000000000000000000000001001100000000110000000000000000
000000000000110000000000000000010000000000001100000001000000000000000000000000000100011110000100011010000000000000001010000000000000000000001001011000000000000000000000000000000000000000000000000000000000000001100100000000000000000000000000
000000000000000000000000000000101000000000000000000000000000000001010000000000000000001010000000011010000000000000011011000000000000000100001110101000000000000000000000000000000000000000000000000100000000000000100100000000000000000000000000
000000000000000000000000000000101000000000000000000000000000100001110000000000010100001100000001101100000000000000001001000000000000001110001000010000000001100000000000000000000000000000000000001010000000000000111000000000000000000000000000
000000000000000000000000000000010000000000000000000000000000100100110000110000010101000100000000111000000000000000001111000000000001011100000001001100000001100000000000000000000000000000000000000110000000000000000000000000000000000000000000
000000000000000000000000000000000000000000000000000000000000101101011101101100001000000000000000110000000001110000001100000110000010000000010000010010000000000000000000000000000000000000000000000000000000000000000000000000000000000000000000
000000000000000000000000000000000000000000000000000000000000000100001010101010000000011000000000000000000010111100001010000000110001001000011110000010000000000000000111000000000000000000000000000000000000000000000000000000000110000000000000
000000000001000000000000000000000000000000000110000000000000100011000111000010000000000000000000000000000000001100000100000010101100111000000100000110000000000000000000000000000000000000000000000000000001110000000000000000110010000000000000
000000000000110000000000000000000000000000000110000000000001010000011010000000000000000000000000000000000000000000000000000110101110001000000000000000000000000000010000000000000000000000000000000000111000010000000000000000000000000000000000
000000000000000000110000000000000000110000000000000000000001010000000000000000000000000000000000000000000000000000000000000111100011000000000110011000100000000000010000000000000000000000000000000000111001010000000000000000000110000000000000
000000001000000000110000000000000000110000000000000000000000100000000000000000000000000000000000000000000000001100000000001100111100100000000110001111010000000000010000000000000000000000000000000000000010010000000000001100000000000000000000
000000010100000000000000000000000100000000000000000000000000000111010000000000000000000000000000000000000000000000000000001100011010100000000000101100000000000000000000000000000000000000000000000000000001011000000000000000000000000000000000
000000100100000000000000000000001010000000000000000000000000001111111000000000000001100000001000000000000000000000000000001101011011000000000001110010000101000000000000000000000000110000000000000000000000000100000000000000000000000000000000
000000011000001100000000000000001101000000000000000000000000010000001000000000000010010000010100000000000000000000000000000111000110000000000001110010001000000000000000000000000000110000000000000000010000010010000000000000000000000000000000
000000000000001100000000000000000101100000000000000000000000001001101100000000000010010000011000000000000000000000000000000010000000000000000000000000000000000000000000000000000000000000000000000000111100010001000000000110000000000000000000
000000000000000000000000000000000011000000000000000000000000000001000100110000000001100000000000000000000000000000000000000000000000000000000000000001010110000000000000000000000000000000000000000000101110001001000000000110111000000000000000
000000000000000000000000000100000000000000000000011000000000000000100100110000000000000000000000000000000000000000000000000000000000000000000000011100000010001100000000011010000000000000000000000000011010001010000000000010001000000000000000
000000000000000000000000110000000000000000000000011000000000000000001100011000000000000000000000000000000000000000000000000000000000100000000000100001111100001100000000011100000000000000000000000000011100000110000000000001010000000000000000
000000000000000000000000010110000000000000000000000000000000000000100000001000000000000000000000000000000000000000000000000000000001100000010000000000101000000000000000001100000000000000000000000000100100000000000000000000100000000000000000
000000000000000000000001010000000000000000000000000000000000000100110011000110000000000000000000000000000000000000011000000000000010010000100000100000000000000000000000000000000000000000000000000000100100000000000000000000000000000000000000
000000000000000000000000100000000000000000000000000000000000000100000001100001000000000000000000000000000000000001000100000000000010110000100000001010110000000000000000000000000000000000000000000000100100000000000000000000000000000000000000
000001011100000000000000100000000000000000001000000000000000000101000000001101100000000000000001000000000000000011111000000000000001000001000000000111111000000000000000000000000000000000011100000000100100000000000011110000000000000000000000
000110010000000000000000000000000000000000001000000000000000001110000000001101100000000000000011000001101001000011110000000100000000011000110000000001001100000000000100000000000000000000100100000010101000000000000000001000000001110000000000
000101000000000000000000000000000000000000001000000000000000001110000000000111000000000000000111000001100000100000000000010010000000010011110000000000110000000000001010000000000000000001000100000100000000000000000000101000000001000000000000
001100000000000000000000000000000000000000000000000000000000111101100000000000000000000000001100100000000001100000000000100000000000001011110000000100100000000000001010000000000000000001000000000100000000000001000011101100000000100000000000
000000000000000000000000000000000000000000001000000000000000100011000000000000000000000000101100010000010100000000000001000001100000000000000011000000000000000000000100000000001101100001000100000011000000000010000001110100000000000000111000
000000000000000000000000000000000000000000001000000000000000011000000000000000000000000000100000100000000000000000000010001100010000000000000100110000000000000000000000000000000101000000100100000000000000000011011001001000000000000001100100
000000000000000000000000000000000000000000011100000000000000001110000000000000000000000000100000000000000000000000000100000001100000000000000100000110100000000000000000000000000010000000011100000000000000000000010111110000000000000011000000
000000000000000000000000000000000000000000000000000000000000000100000000000000000000000000000000000000000000000000001000100001000000001000001000100001000000000000111000000000110000000000000000000000000000000000000010010000000000000111100001
100000000000000000000000000000000000000000000000011000000000000000000000000000000000000000000000001000000000000000010000010000000000001100000110000000000000010000100100000001010000000000000000011000000000000000000100000000000000000011110001
100000000001000000000000000000000000000000011100011000000000000000000000000000000000000000000000000000000000000000100000110000000011000000000011000000000000101000010010000001110000000000000000011000000000000000000000000000000000000001101101
000000011010110000000000000000000000000000001000011000000000000000000000000000000000000000000000000100000000000000100011100000000011000000111101000000000000101000010010000010010000000000000000000000000000000001010000000000000000000000000111
000000111010011000000000000110000000000000001000111000000000000000000000000000000000000000000000000000000000000000011000000000000100100001100110000000000000010011010100100010010000000000000000000000000000000100000000000000000000000000000000
000001000100101100000000000110000000000000000000000000000000000000000000000000000000000000000000001001000000000000000000000000000101101100001001000000000000000000001111000010000000000000000000000000000000000010000000000000000000000000000000
000010100011111000000000000000000000000000000001000010000000000000000000000000000000000000010000000000000000000000100000000000001000010110001010000000000000000010100001000001000000000000000000000000000000000000000000000000000000000000000101
000010100011100000000000000000000000000000000001110001000000000000000000000110000000000110000000000000100000000001100000000000011100011000000100000000000000000001000010000001100000000000000010000000000000000000000000000000000000000000000010
000111000000000011000000000000000000000000000000111110100000000000000001100000000000000000011111100010010000000010001000110000011111000000000000000000000000000000000111000000000000000000000101000000000000000001000000000000000000000111000000
000010010000000011000000000000000000000000000000011000000000000000000010001011000000000001110000000001010000000110011011011001101111010000000000000000000000000000001000100000000000000000000000100000000000001000000000000000000000000100000000
000111010000000000000000000000000000000000000000110000000000000000000010001011000000110001100000001000100000000010101111011011111010010000000000000000000000000000000111000000000000000010000101000000000000010011000000000000000000010000100000
000110000000000000000000000000000000000000000000110000000000000000000010001010000000111000000010011100000000000010111100000000011011000000000000000000000000000000000010000000000000000000000100000000000000000000000000000000000000000000010000
000100101000000000000000000000000000000000000000011110000000000110000001011110000001000100000011101011000000000010100000010111000100110001000000000000000000000000000000000000000000001110000000000000000000000000000000000000000000010000100000
000011110000000000000000000000000000000000000000001100000000000110000000100000000001111100000000000100000000000001100000011110001000110001000000000000000000000000000000000000000000000000001000000000000000000000000000000000000000100101100000
000000100000000000000000000000000000000000000000000000000000000000000000000000000000111000000001000011000000000000000000000000000100100001000000000000000000000000000000000000000000000000000000110000000000000000000000000000000000100000000000
000000000000000000000000000000000000000000000000000000000000000000000000000000000000000000000010100000000000000000000000000000000011000000000000000000000000000000000000000011100000000000110001001000110000000000000000000000000000000000001100
000000000000000000000000000000000000000000000000000000000000011000000000000000000000111000000110000000000000000000000000000000000000000000000000000000000000000000110000000110110000000000110000110000110000000000000000000000000000000111110010
000000000100000000000000000000000000000000000000000000000000100100000000000000000001000100000100100100000000000000000000000000000000000000000000000000000000000001001000000110000000000000000000000000000000000000000000000000000000000000111000
000000000100000000000000000000000000000000000000000000000000100100000000000000000010000010000110100010000000000000000000000001100000000000000000000000000000000001100000000010001000000000000000000000000000000000000000000000000000000100001000
000000000100000011000001000000000000000000000000000000000000011000000000000000000001000100000000011100000000110000000000000010010000000000000000000000000000000000111100000000000000000000000000000000000000000000000000000000000000000010110000
000000000000000011000010100000000000000000000000000000000000000000111000000000000000111000000000000000000000110000000000000001001000000000000000000100000000000000010000000010100000000000000000000000000000000000000000000000000000000000110000
000000000000000000000000000001110000000000000000000000000000000001111000000000000000000000000000000000000000000000000000000000011000000000000000001100000000000000001100000100000000000000000100000000000000000000000000000000000000000000000000
000000000000000000000000000010001000000000000000000000000000011110000000000000000000000000000000000000000000000000000000000000010000000000000000001101100000000000010110001101100000000000001010000000000000000000000000000000000000000000000000
000000000000000000000000000100000100000000000000000000000000111100100000000000000000000110001111100000000000000000000000000000001000000000000000000000000000000000110110000011100000000000001001000000000000000000000000000000000000000000000000
000000000000000000000000000010001000000000000000000000000000110011100011000000000000000001000000000000000000000000000000001100000010000000000000000010010000000000110010000000000000000000000110000000000000000000000000000000000000000000000000
000000000000000000000000000001110000000000000011100000000000110000000000000000000000000001010000010000000000000000000000001100111100000000000000000001100000000011000100000000000000000001100000000000000000000000000000000000000000000000000000
000000000000000000000000000000110000000000000100110000000000011001100000000000000000000000111000010000000000000000000000000111111000000000000000000000000000000100100000000000000000000001100000000000000000000000000000000110000000000000000000
000000000000000000000000000000110000000000000111010000100000000001100000000000000000000100100100000000000000000000000001100111000000000000101000000000000000000010000000000000000000000000000000000000000000000000000000001001000000000000000000
000000000000000000000000000001101000000000000011000001010000000000000000000000000000000011000010100000000000000000000001100000100000000000000000000000000000000001001000001100000000000000000010000000000000000000000000000101000000000000000000
000000000000000000000000000001101000000000000011110000000000000000000000000000000000000000000000000000000000000000000000000111100000000000000000000000000000000001110000010010000000001111000001000000000000000000000000000010000000000000000000
000000000000000000000000000000000000000000000100110000000000000000000000000000000000000000000000000000000001100000000000000000000000000000100100000000000000000000000000001010000000001100100000000100000000000000000011100000000000000000000000
000000000000000000000000000000000000000000000000000000000000000000000000000000000000000000000000000000000001100000000000000000000000000000000000000000001100000000000110000100000000000100001100000100000000000000000010000000000000000000000000
000000000001100000000000000011000000000000000111000000000000000000000000000000000000000000000000000000000000000000000000000000000100000010010000000000010010000000000001000000000000000000001000000110000000000000000100010110000000000000000000
000000000001100000000011110001000000000000000000000000000000000000000000000000000000000000000000000000000000000000000000000000000100000010010000000000001100000000001000000000000001100000100010000000000000000000000100111001000000000000000000
000001000000000000000011110001000000000000000000000000000000000000000000000000000000000000000000000000000000000000000000000000000000000011100000000000000000000000001000100000000001100000010001000011100000000000000000011000000000000000000000
000111100000000000000011101000000000000000000000000000000000000000000000000000000000000000000000000000000000000000000000000000000000000000000000000000000000000000000100001000000000000000000000000000000000000000100011011100000001000000000000
000110010000000000000000000000000000000000000111000000000000000000000000000000000000000000000000000000000000000000000000000000000000000000000000000000000000000000000110001000000000000000000000000000000000000100010000111000100001000000000000
001000100000100000110000011000000000000000000000000000000000000000000011100000000000110010000000000000000000000000000000000000001100000000000000000000000000000000000000111000000000000000010001000000000000001000010000010011100001000000000000
000100100000100000110000000000000000000000000000010000000000000000000000000000000000110000000000000000000000000000000000000000001010000000000000100000000000000000000000000000000011000000100110000000000000011010000000000000000000000000000000
000100000000100001001000000000000000000000011000010000000000000000000000000000000001000000000000000000000000000000000000000000100001000000000000100000000000000000000000000000000100100001000110000000000000000111000000000000000000000010000010
000000100000000000110100000000000000000000011000010000000000000000000000000000000011100000000000000000000000000000000000000011011010000000000000100000000000000000000000000000000101000000100100000000000000000000000000000000000000000101000101
100010110000000000100010000000000000000000001000000000110000000000000000000001110001000010001000000000111000000000000000000010110000000000000000000000000000000000000000000000000010000010000100000000000000000100100000000000000000000101001000
000000000000000000011100000000000000000000000000000000110000000000000000000000000000110110010010000000000000000000000000000011110000000000000000000000000000000000000000000000000000000011000100000000000000100000100000101000000000000010000001
000001000000000000000000000000000000000001110000000000000000000000000000000000000000000001100010000000000000110000000000000000000000010000000000000000000000000000000000000000000000000000000000000000000001000000100001000100000000000000001100
000000000000000000000000000000000000000011110110000000000000000000000000000000000000101110000011000000000000110000000000000000000000101000000000000000000000000000000000000000000000000000111000000000000001100000000001000110000000000000000000
000010000000000000000000000000000000000101000000000000010000000000000000000000000001100000000010000000000000000000000000000000010100100100000000000000000000000000000000000000000000000000000000000000000001001001000001000100000000000000000000
010100000000000000000000000000000000000000011000000000101000000000000000000000000000010110000100000000000000000100001110000000011100010100000000000000000000000000000000000000000000000000000000000000000000001010000001101100000000000000000000
011100000000000000000000000000000000000000001000000000101000000000000000000000000000000010101000000000000000000100000000000000011000001100000000000000000000000000001110000000000000000000000000000000000000000000000000010100100000000000000000
000000000000000000000000000000000000111000000000000000010000000000000000000000000000000001101000000000000000000100000000000001001000010000000000000000000000000000000000000000000001000000000000000000111000101100000000000000010000000000000000
000000000000000001100000000000000000111000000100000000000000000000000000000000000000000000000000000000000000000000000000000001110000010000000000000000100000000000000000000000110010100000000000000000111001100000000000000011010000000000000000
000000000000000010100000000000000000101100000100000000000000000000000000000000000000000000000000000000000000000000000000000001100001100000000000000001110000000000000000000000110010100000000000000000110001100000000000011000100000000000000000
000000000000000011000000000000000000001010000100000000000010000000000000000001000000000000110000000000000000000000000000000000000000110000000000000011111000000000000001000000000001000000000000001110000001111000000000011000000000000000000000
000000000000000000000000000000000000001100000000000000001111000000000000000010100000000000110000000000000000000000000011000011100000011000000000000110001100000000000010100000000000000000000000001001100111001000000000000000000000000000000000
000000000000000000000000000000000000000000000000000000011000000000000000000001100000000000000000000000000000011000000011000011100001110000000000001110001110000000000010100000000000000000000000000011101110010100000000000000000000000000000000
000000000000000000000000000000000000000000000000000000110010000000000000000000000000000000000000000000000000011000000000000000000001000000000000000110001100000000000001000000000000000000000000100000001000001000000000000000000000000000000000
000000000001100000000000000000000000000000000000000000011001000000000000000000000000000000000000010000000000000000000000000000000000000000000000000011111000000000000000000001100000000000000001000000001010001000000000000000000000000000000000
000000000001100000000000000000000000000000000000000000001001001000000000000000000000000000000000010000000000000000001100000000000000000000000000000001110000000000000000000001100000000000000010011000000110000000000000000000000000000000001100
000000000000000000000110000000000000000000000000000000000100011111100000000000000000000000000000010000000000000000100000110000000000000000000000000000100000000000000000000000000001000000000010100000000000000000000000000000000000000000001100
000000000000000000000011000000000000000000000000000000000010001011000000000000000000000000000000000000000000000000100001000001000000000000000000000000000000000001100000000000000010100000000001000000000000000000000000000000000000000000000000
000000000000000000000100000000000000000000000000000000000000110000000000000000000000000000000111000110000000000001000000000011100000000000000000000000000000000011110000000000000001100000000000000000000000000000000000000000000000000000000000
000000000000000000000000000000000000000000000000000000000000000010000000001100000011100000000000000110000100000010010011100000000000000000000000000000000000000111001000000000000000000000000000000000000000000000000000000000000000000000000000
000000000000000000000000000110000000000000000000000000000000001100000000001100000000000000000000011110110000000001100010010001010000000000000000000000000000001100110000000000000000000000000000000000000000000000000000000000000000000000000000
000000000000000000000000010011000000000000000111000000000000000100000000000000000000000000000000010001000000000000000010000000110000000000000000000000000000000101110000000000000000000000000000000000000000000000000000000000000000000000000000
000000000000000000000011011101110000000000001011000000000000001010000000000000000000000000000000010110110000000010100001010000000000000001000000000000000000000000000000000000000000000000000000000000000000000000000000000000000000000000000000
000000100000000000000000001001001000000000101100000000000000011010000000000000000000000000000000000000001011000000010000010000000000000001000000000000000000000000000000110000000000000000000000000000000000000000000000000011100000000000000000
000000100000000000000010100000110000000001000000000000000000110000000000000000000000000000000000000000000010000000000000000000000000000001000000000000000000000000000000110000000000000000000000000000000000000000000000000010010000000000000000
000000100000001000000001000000000000000000100010000000000001011110000000000000000000000000000000000000010000000000001100011000000000000000000000000000000000000000000000000000000000000000000000000011000000000000000000000100000000000001100000
000000000101111100000000000000000000000000011010000000000011010010000000000000000000000000000000000000010010000000000000011100000000000000000000000000000000000000000000000000000000000000000000000011000000000000000000000110000000000010010000
001110000111111110000000000000000000000000001110000000000001100010000000000011000000000000000000000000000000000001101100011000000000000000000000000000000000000000000010000000000000000000000000000000000000000000000000000001110000000001100000
000000000101000001000000000000000000000000000000000000011000110100000000000010100000000000000000000000001100000000010000000000000000000000000000000000000000000000000011000000000000000000000000000000000000000000000000000001000010000000000000
000000100000000001100000000000000000000000000000000000100100001000000000100001000000000000000000000000011000000000000000000000000000000000000000000000000000000000000001000000000000000000000000000000000000000000000000000011000110100000000000
000000100000000000110000000000000000000000000000000000011000000000000000100000000000000000000000000000010000000110000000000000000000000000000000000000000000000000000000000000000000000000000000000000000000000000000000000011111000010000000000
000000100000100010100000011100000000000000000011000000000000000000000000000000000000000000000000000000000000000110000000000000000001110000000000000000000000000000000000000000000000000000000000000000000000000000000000000011100010100000000000
000000000001100011000000000000000000000000000011000000000000000000000000000000000110000000000000000000011101101100000000000100000000000000000000000000000000000000000000111000000000000000000000000000000000000000000000000000100000100000000000
000000000000000000000000000000000000000000000000000000000000000000000000000000001001000000000000000000011000010000100001111010000000000000000000000000000000000000000000001000011000000000000000000000000000000000000000000000011000100001000000
000000000000000000000000000000011000000000000000000000011100000000000000001100000110000000000000000000001010100000010001010011000000000000000000000000000000000000000000100100100100000000000000000000000000000000000000000000001101100001100000
000000000000000000000000000000010100000000000000000000000000000000000000101100000000000000000000000000000001011101110000010000000000000000000000000000000000000000000000111000110000000000000000000000000000000000000000000000000011100000100000
000000000000000000000000000000010100000000000000000001000001000000000000111000000000000000000000000001110000011100000010000000000000000000000000000000000000000000000001001000000000000000000000000000000000000000000000000000001000000000000000
000000000110000000000000000100011100000000000000000001000001000000000000000000000000000000000000000000000000010000000100001000000000000000000000000000000000000000000010010000000000000000000000000000000000000000000000000000011010000100000000
000001011101100000000000001000000000000000000000000001000001000000000000000000000000000000000000000000101100011000000010001000000000000000000000000000000000000000000001010000000000000000000000000000000000000000000000011000001000000010000000
000110010000000000000000000010000000000000000000000000000000000000000000000000011000000000000000000000011010010100000001000000000000000000000000000000000000000000000000010000000000000000000000000000000000000000000000100100001000000010000000
000100011111100000000000000001000010000000000000000000011100000000000000000000011010000000000000000000010001011000000000000001110000000000000000000000000000000000000000000010000000000000000000000000000000000000000000100100000111000000000000
011100000000000000000000000011000001100000000000000100000000000000000000000000100010000000000000000000000000000000000000000001010000000100100000000000000000000000000000001111000000000000000000000000000000000000000000011000000000000000000000
011000000000000000000000000000000011000000000000001000000000000000000000000000110000000111000000000000000111000000000000000011010001100000110000000001000000000000000000001100100000000000000000000000000000000000000000000000000011111000000000
000000000000000110000000000111111101000000000000001100000000000000000000000000110000000011100000000000000000000000000000000111001101011000001000000010100000000000000000010011100000000000000000000000000000000000000000000000000100000100000000
000000000000001011000000000101111000000000000000000110000000000000000000000001110000000000000000000000000000000000000000011011000011000000000000000010000000000000000000011011000000000000000000000000000000000000000000000000000100000100000000
000000000000011010100000001001110000000000000000000010000000000000000000000000000000100000000000000000000110000000000000000110000101011110000000110000010000000000000000001110000000000000000000000000000000000000000000000000000010011000000000
000000000000011100110000001011000000000000000000000100000000000000000000000000000001010000000000000000001001000000000000000110000001100010000100110001001000000000000000000100000001100000000000000000000000000000000000000000000001100000000000
000000000000011011100000000110000000000000000000001000000000000000000000000000000001010000000000000000000110000000000000000000000000000110001110110011001000000000000000000000010010000000000000000000000110000000000000000000000000000000000000
000000000110011010000000000010000000000000000000000000000000000000000010000000000000100000000000000000000000000000000000000000000000000000010001000000001000000000000000000001010010000000000000001100001001000000000001110000000000000000000000
000000000110001010000000000000000000000000000000000000100110100000000010000000000000000000000000000000000000000000000111001000000000000000010110000010110000000000000000001000000001100000000000010100000101000000000000000000000000000000000000
000000000000000100000000000000000000000000000000000110000000110000000010000000000000000000000000000000000000000000000010011000000000000000000010000001000000000000000000001000100000110000000000110000000010000000000000000000000000000000000000
000000000000000000000000000000000000000000000000000110000110110000000000000000000000000000000000000000000000000000000001111000000000000000000000000000000000000000000000000000000000011000000000010100000000000000000000000000011000000000000000
000000000011100000000000000000000000000010000000000010101010100000000000000000000000000000000000000000000000000000001100100000000000000000100001100000000010000000000000000001000000001010000000001100010000000000000000000000011000000000000000
000000000100100000000000000000000000000010000000000001100000010000000000000000000000000000000000000000000000000000001010000000000000000000100111100000000101000000000000010010000000010000000000000001111100000000000000000000000000000000000000
000000000100010000000011000000000000000010000000000000010000010000000000000000000000001110000000010000000000010000000010000000000000000000010101010000001101100000000000001000000000000010000000000001101110000000000000000000000000000100000000
001000000100100011100100100000000000000000000000000000001100010000001000000000000000010001000000101000000000110000000100000000000000000000001000000000101101100000000000000000000000011010000000000001100100000000000000000000000000010010000000
001000000010100000000011000000000000000000000010000000000001100000110100000000000000001001000001101100000000100000000000000001100000000000001000000001011110010000000000000000000000000000011000000000111000000000000000000000000000010010000000
000000000000000000000000000000000000000000000000100000000000000001100000000000001000001100000000101000000000000000000000000010100000000000001100000011011011011000001100000000000000000000110000000000010000000000000000000000000000001000000000
000000000000000000000000000000000000000000000100010000000010001111000000000000001000111000000001000100000000000000000000000011000000000000011000000000000000011000001010000000111100001011100000000000000000000000000000000000000000000000000000
000000000000000000000000000000000000000000000001100000000010000010000000010000000000001000000001111110000000000000000000001100000000000000000000000000000001010000000100000011001000001111000000000000000000000000000000000000000000100000000000
001000000000000000000000000000000000000000010100110000000000000110000101101000000000001100000000100010000000000000000000010100011000000000000000000000000000100000000000000001000011000100000000000000000000000000000000000000000000011000011000
001000000000000000000000000000000000000000000011110000000001010110001100001000000010010000000000010100000000000000000000011000011000000000000011000000000000000000000000000000111011000000000000000000000000000000000000000000000000000000011000
000000000000000000000000000100000010000000010011110000000000001000010011100000000000010011000000110110000000000000000000000000000000000000000100100000000000000000000000000000000110100000000000000000000000000000000000000000000000000000000000
000000000000000000000010001110000010000000000001000000000000000000011100000000100001110000000000010100000000000000000000000000000000110000000011000000000000000000000000000000000100010000000000001000000000000000000000000000000011111000000000
000000000000000000000011100001100010000000001010000000000000000000001000000011001000110000000000001000000000000000000000000000000001001000000000000000000000000000000000000000000100100000000000001100000000000000000000000000000100100000000000
000000000000000000000001101111100000000000010011000000000000000000001100010100001000000010000000000000000000000000001100000000000001001000000000000000000000000000000000000000001000000000000000010110000000000000000000000000000100110000000000
000000000000000000000000001011100000000000100010000000000000000000000101000110000100000111000000000000000000000000010010000000000000110000000000000000000010000000000000000000001010000000000000010001100000000000000000000000000100011000000000
000000000000000000000000001011001100000000010011000000000000000000000101010000001000000101100000000000000000000000001100000000000000000000000000000000000101000000000000000000000100000000000000001000100000000000000000000000000011010100000000
000000000000000000000001100000010000000000001111000000000000000000000100000000110000000000111110000000000000000000000000000000000000000000000000000000000001000000000000000000000000000000000000001001000000000000000000000001110000000100000000
000000000000000000000000000000000000000000000111000000000000000000000100000000100000000101101110000000000000000000000000000000000000000000000010000001100010000000000000000000000000000000000000000000000000000000000000111001000000000000000000
111000000000000000000000000000010100000000000010000000000000000000000010000010000000000111000000000000000000000000000000000000000000000000000010000110011000000000000000000000000000000000000000000000000000000000000000000001010000000000000010
111000000000000000000000000001111000000000010011000000001100000000000010000000000000000010000000000000000000000000000000000000000000000000000000001000001000000000000000000000000000000000000000000000000000000010000000000000110000000000000110
011000000000000000000000000110110000000000010010000000010100000000000001110000000000000000000000000000000000000000000000000000000000010000000010000001011000000000000000000000000000100001100000000000000000111111000000000000000000000000000011
100000000000000000000000000010100000000000000111000000001000000000000000000000001000000101000000011000000000000000000000000000000000101000001110000000101000000000000000000000000001000100000000000000000001001110100000001100000000000000001101
100000000000000000000000000001000000000000000111000000000000000000000000000000000000001001000000111000000000000000000000000000000000101000011000000000110110000000000000000000000001000001011000000000000000111000000000010010000000000000001011
000000000000000010000000000000000000000000001001000000000000000000000001100000001010001000100000000010000000000000000000000000000000010000011000010000100110000000000000000000000000101110011000000000000000001000000000001100000000000000010110
000000000000000010000000000000000000000000001010000000000000000000000001100000001000000000010001101010000000000000000000000000000000000000000001110010100110000000000000000000000000011011011000000011000000001100000000000000000000000000011000
000000000000000010000000000000010000000000001110000000000000000000000000000000000110010011110001101000000000000001100000000000000000000000000011000100001100000000000000011100000000000100000000000100100000000100000000000000000000000001000100
000000000000010000000000000000010000000000000000000000000000000000000000000110000000000100000001110000000000000001100000000000000000000000000000111011000100000000000000100100000000000001100000000000100000000010000000000000000000000011000000
000000000000101000000000000000010000000000000000100000000000110000000000000101000010010000000000000000000000000000000000000000000000000000000110000011101110000000000000110010000000001100000000000111000000000000000000000000000000000010011000
000000000000101000000000000000000000000000110001101000000000110000000000000010000001000001101100000000000000000000000000000000110000000000000111000011101110000000000011000110000000000000000000000000000000000000000000000000000000000010000000
000000000000010000000000000000000000000000110000101100000000000000000000000000000000000001111100000010000000000000000000000000110000000000000000000000010110000000000100100000000000000000000000000000000000000000000000000000000000000001000111
000000000000000011000000000000000010000000000000010000000000000000000000010000000000011101110010000010000000000011100000000000000000000000000000000000100110000000000100100000000000000000000000000000000000000000000000000000000000000001100111
000000000000000011000010001000000101000000000000000000000000000000000000101000000000000000000110000010000000000000000000000000000000000000000000000001000110000000000100100000000000000000000000000000000000000000000000000000000000000000000000
000000000000000000000101011100000110000000000000000000000000000000000000110000000000000000001100000000000000000000000000000000000000000000000000000001010100011000000011000110000000000000000000000000000000000000000000000000000000000000000000
010000000000000000001111000010000000000000000000000000000000000000000001100000000000000000000000111000111000000000000000000000000000000000000000000000111000011000000000110010000000000000000000000000000000000000000000000000000000000000000000
010000000000000000011000000010000000000000000000000000000000000000000011000000000000000000000000000000000000000000000000000000000000000000000000000000011100000000000000100100000000000000000000000000000000000000000000000000000000000000000000
101000000000000000001111000100000000000000000000000000000000000000000010100000000000000000000000000000000000000000000000000000000000000000000000000000000110000000000000011100000000000000000000000000000000000000000000000000000000000000000000
101000000000000001111100000000000000000000000000000000000000000000000010100000000000000000000000000000000000000000000000000000000000000000000000000000000110000000000000000000000000000000000000000000000000000000000000000000000000000000000000
000000000000000001110000011000000000000000000000000000000000000000000010000000000000000000000000000000000000000000000000000000000000000100000000000000000000000000000000000000000000000000000000000000000000000000000000000000000000000000000001
100110000000000000000001010000000000000000000000000000000000000000000000010000000000000000000100000000000000000000000000000000000000001010000000000000000000000000000000000000000000000000000000000000000000000000000000000000000000000000000001
101010000000000000000000000000000000000000000000000000000000000000000001110000000000000000000100000000000001000000000000000000000000001010000000000000000000000000000000000000000000000000000000000000000000000000000000000000000000000000000001
100010000000000000000000100110000011000000000000000000000000000000000001110000000000000000000100000000000011100000000000000000000000000100000000000000000000000000000000000000000000000000000000000000000000000000000000000000000000000000000000
100010000000000000000001101000000011000000000000000001000000000000000110000000000000000000000000000000000101011000000000000000000000000000000000000000000000000000000000000001100000000000000000000000000000110000000000001000000000000000000000
010100000000000000000001100110000000000000000000000010100000000000001100000000000000000000000000000000001110100000000000000000000011000000011000000000000000000000000000000010110000000000000000000000000000110000000000110110000000000000000000
001000000000000000000000011000000000000000000000000010100000000000000000000000000000000000000000000000000000000100000000000000000100100000100100000000000000000000000000000010110111000000000000000000000000000000000000100000000000000000000000
000000000000000000000000000000000000000000000000000001000000000000000000000000000000000000000000000010000000000100000000000000000011000000011000000000000000000000000000000001000100100000000000000000000000000000000000100010000000000000000000