000000000000000000000000000000000000000000000000000000000000000000000000000000000000000000000000000000000101100110000000000000000000000000000000000000000000000000000001101110000010100000000000000000000000000000000000111000000000000000000000
000000000000000000000000000000000000000000000000000000000000000000000000011011000000000000000000000000000010100000000000000000000000000100000000000000000000000000000001010011100000000000010000000000000000000000000000001000000000000000000000
000000000000000000000000000000000000000000000000000000000000000000000000011010100000000000000000000000000000000000000000000000000000001010000000000000000000000000000001010011111011000000010000000000000000000000010000001000000000000000000000
000000000000000000000000000000000000000000000000000000000000000000000000011100100000000000000000000000000000000000000000000000000000001010000000000000000000000000000001000001100100000000010000000000000000000000010000000000000000000000000000
000000000000000000000000000000000000000000000000000000000000000000010000000000000000000000000000000000000000000000000000000000000000000100000000000000000000000000000000011010000000000000000000000000000000000000010000000000000000000000001100
000110000000000000000000000000000000000000000000000011101110000001100100000000000000000000000000000000000000000000000000000011000000000000000000000000000000000000000000000000000000000000000000000000000100000000000000110000000000000000010100
000110000000000000000000000000000000000000000000000011100000000001000100000000000000000000000000000000000000000000000000000011000000000000000000000000000000000000000000000000000000000000000000000001000011000000000001101100000000000000011000
000000000000000000000000000000000000000000000000000000100000000001110110000000000000000000000000000000000000000000000000000000000000000000000000000000000000000000000000000000000000000000000000000000100001000000000001110101000000000000000000
000000000000000000000000000000000000000000000000000000111000000000001100000000000000000000000000000000000000000000000000000000000011000000000000000000000000000000000000000000000000000000000000000000100010000000000011010000010000000000000000
000000000000000000000000000000000000000000000000000000101100000000001000000000000000000000000000000000000000000000000000000000000011000000000000000000000000000000000000000000001000010000000000000000001000000000010011011110001000000000000000
000000000000000000000000000000000000000000001100000000010010000001110000000000000000000000000000000000000000000000000000000000000000000000000000000000000110000000000000000000001000010000000000000000000000000000010000110100001000000000000000
000000000000000000000000000000000000000000001100000000001100000001100000000000000000000000000000000000000000000000000000000000000000000000000000000000000110000000000000000000001001110110100000000000000000000000000000000001001000000000000000
000000000000000000000000000000000000000000000000000000000000000001000000000000001110000000000000000000000000000000000000000000000000000100000000000000000000000000000000000000000000000010100000000000000000000000110000000000110000000000000000
000000000001000000000010000000000000000000000000000000000000000000000000000000011011000000000000000000000000111000000000000000000000000100000000000000000000000000000000000000000000000011000000000000000000000111110000001100000000000000000000
000000000010100000000101000000000000000001000000000000000000000000000000000000011010100000000000000000000000001000000000000000000000000100000000000011000000000011100000000000000000000000000000000000000000000010110001000100000000000000000000
000000000011000000000010000000000000000001000000000000000000000000000000000000001000100000000000000000000000000000000000000000000000000000000000000011000000000000000000000000000000000000000000000000000000000011000000000000000000000000000000
000000000000000000000000000000000000000001000011000000000000000000000100000000001001000000000000000000000000100000000000000000000001000000000000000000000000001000001000000000000000000000000000000000000000000000000000101000000000000000000000
000000000000000000000000000000000000000000000111100000000000000000011011000000000111000000000000000000000001000000000000000000000000110000000000000000000000001000001000000000000000000000000000000000000000000000000000000000000000000000000000
000000000000000000000000000000000000000000001101110000000100000000011000010001100000011000000000000000000000000000000000000000000000110000000000000000000000001000001000000000000000000000000000000000000000000000000000000000000000000000000000
000000000000000010000000000000000000000000000110000010000110000000001100010000110000010000000000000000000000000000000000000000000000100000000000000000000000000000000000000011111000011000000000000000000000000000000000000000000000000000000000
000000000000000101000000000000000000000000001011000100110101000000000000000000000000000110100000000000000000000000000000000001000000000000000000000000000000000011100000000001110000100100000000000000000000000000000000000000000000000000000000
000000000000001001000000000111000000000000001010001000110000100000100000010000000000000000100000000000000000000000000000000010100000000000000000000000000000000000000000001000110001001000000000000000000000000000000000000000000000000000000000
000000000110000110000000000000000000000000001000001100100000100000100000001000000000110101000000000000000000000000000000000000100100000000000000000000000000000000000000010100000010001000000000000000000000000000000000000000000000000000000000
000000000110000000000000000000000000000000000000010100110001110000100000110000000001010110000000000000000000000000000000000001010110000000000000000000110000000000000000100100000010010000000000000000000000000000000000000000000000000000000000
000000000000000000000000000000000000000011000000010010000000001000000000010000000011010100000000110000000000000000000000000001010011000000000000000000110000000000000000111110001010100000000000000000000100000000000000000000000000000000000000
000000000000000000000000000000000000000000000000001100110000001110001110000100000011101000000001001000000000000000000000000000000110000000000000000000000000000000000000010000001000000000000000000000000110000000000000000000000000000110000000
000000000000000000000000000000000000000110010000000101110000000000000000000100000110010000000000110000000000000000000000000010111100000000111100000000000000000000000000011000001000000000000000000000001001000000000000000000000110000110000000
000000000000000000000000000000000000000000000000100000110000000000100000000000000000010000000000000000000000000000000000000000011010000000011110000000000000000000000000010000000000000000000000000000000110000000000000000000000110000000000000
000000000000000000000000000000000000000000110001010000000000000000100000000000000111000000000000000000000000000000000000000001010011000100001101000000001110000000000000001000000000000000000000000000000000000000000000000000000000000000000000
000000000000000000000000000011000000000000000001010000000000000000100000000000000010000011100000000000000000000000000000000001000000100100010000000000000000000000000100001000100000000000000000000000000000000000000000000000000000000000000000
000000000000000000000000000011000000000000000000000001110000000000000000000000000000000000000000000001000000000000000000000001111101000000110000000100000000000000000100000010000000000001000000000000110000000000000000000000000000000000000000
000000000000000000000001110000000000000010000000000000010000000011000000000000000000001000001000000110000000000000000000000010000000011111010000010010000000000000000100010000000000000001000000011000011000000000000000000000000000000000000000
000000000000000000000000000000000000000100001000000000100001000010100000000000000000001000001000000011000000000000000000000111111010011011000000100010000000000000000000101000000000000001000000011000011000000000000000000000000000000000000000
000000000000000011000000000000000000000000000100000000000010100001000000000000000000001000001000000000000000000000000000000110001000011100000000110110000000000000000001001000110000000000000000001111000000000000000000000000000000000000000000
000000000000000011000000000000000000000100000100111000000010100000000000000011100000000000000000000000000000000000000000000000000000000000000000110110000000000011000000110000110000000000000000000001000000000000000000000000000000000000000000
000000000000000000000000000000000000001001000000000000000001000000000000000000000000000011100000110000000000000000000100000000000000000000000001011100000000001111110000000000110000000000000000000001010000000000000000000000000000000000000000
000000000000000000000000011000000000001110000000000000000000000000000000000000000000000000000001001000000000000000001000110000000000000000000001011000000000001100101100000111000000000000000000001001100000000000000000000000000000000000000000
000000000000000000000000100100000110000100000011000000000000000000000000000000000000000000000000110000000000000000000100010000000000000000000001000000000000000100011000010000000000000000000000000000010000000000000000000000000000000000000000
100000000000000000000000011000001001000000000100000000000000000000000000000000000000000000000000000000000000001100001000010000000000000000000001010000000000000011001100010000011000000000000000000000000000000000000000000000000000000000000011
000000110000000000000000000000000110000000000100100000000001100000000000000000000000000000000000000000000000010010001100100000000000000000000000110000000000000001000010001000011100000000000000000000000000000000000000000000000000000000000000
001000110000000000000000000000000000000000000010100000000001100000000000000000000000000000000000000000000000010010001101100000000000000000001101000000000000000000000000010000010110000000000000000000000000000000000000000000000000000000001000
011000000000000000000000000000000000000000000001000000000000000000000000000000000000000000000000000000000000001100000010000000000000000000000111000000000000000000000101100000000010000000000000000000000000000000000000000000000000000000001000
000000000000000000000000000000100010000000000000000000000000000000000000000000000000000000000000000000000000000000000000000000000000000000000000011000000000000000000111000000000011100000000000000000000000000000000000000000000000000000001100
111000000000000000000000000001000000000000000000000000000000000000000000000000000000000000000000000000000000000000000000000000000000000000000000011100000001000000000011000000000000000000000000000000000000000000000000000000000000000000000001
110000000000000000000000000001111000010000000000000100000000000000000000000000000000000000000000010000000000000000000000000000000000000000000010111010000001000000000000000000000000000000000000000000000000000000000000000000000000000000000001
000000000000000000000000000000110000001000000000001000000000000000000000000100000000000000000000010000000000000000000000000000000000000000000010100000000001000000000000000000000000000000000000000000000000000110000000000000000000000000000000
000000000000000000000000000000001111001000000000011011110000000000000000001010000000000000000000010000000000000000000000000000000000000000000011010100000000000000001000000000000000000000000000000000000000000110000000000000000000000000000000
000011000000000000000000000000001101000000000000001111001000000000000000000110000000000000000000000000000000000000000000000000000000010000000000001010000000000000001000000000000000001100000001000000000000000000000000000000000000000000000011
010011100000000000000000000000000011000100000000000111111000000000000000000000000000000000000111000111000000000000001100000000000000010000000000001110000000000000001000000000000000011100000010100000000000000000000000001100000000000000000010
110001100000000000000000000000000000110100000000000000010000000000000000000000000000000000000000000000000000000000010010000000000000010000000000000000000000000000000000000000000001101100000100100000000000000000000000001100000000000000000110
001111000000000000000000000000000000001000000000000000000000000000000000000000000000000000000000000010000000000000001100000000000000000000000000000000000000000000000000000000000001101100000011000000000000000000000000000000000001000000000010
100110000000000000000000000000000000000000011100000000000101000000000000000000000000000000000000011010000000000000000000000000000000000000000000000000000000000000000000000000000000010000000000000000110000000000000000000000000001000000000010
100110000000000000000000000000000000000000000000000000001000000000000000000000000000000000000001100001100000000000000000000000000000000000000000000010000000000000000000000000000000000000000000000000110000000000000000000000000001000000000001
000000000000000000000100000000000000000000000001000000001000101100000000000000000000000000000111110101100000100000000000000000000000000000000000000101000000000000000000000000000000000000000000000000000000000000000000000000000000000000000000
000000000000000000000100000000000000000000000001000000010011101010000000000011000000000000011011001011100001010000000000000000000000000000000000000101000000000000000000000000000000000000000000000000000000000000000000000000000000000000000000
000000000000000000000100000000000000000000000001000000001100011010000000000011000000000000011100001110000001010000000000000000000000000000000000000010000000000000000000000000000000000000000000000000000000000000000000000000000000110000000000
000000000000000000000000000000000111000000000000000000000000001010000000000000000000000000000000011100000000100000000100000000000000000000000000000000000000000000000000000000000000000000000000000000000000000000000000000000000011010000000000
000000000000000000000000011000001001000000110000000000000000000000000000000000000000000000000000000000000000000000001010000000000000000000000000000000000000011100000000000000000000000000000000010000000000111000000000000000001101000000000000
000000000000000000000000100100000100000111110000000000000000001100000000000000000000000000000000000000000000000000010010001100000000000000000000000000000000000000000000000000000000000000000000010000000001000110000000000000001001100000000000
000000000000111000011000011000000000000000000000000000000000000000000000000000000000000000000000000010000000000000001100010010000000000000000000000000000000000000000000000000000000000000000000010000111010000110000000000000010000011000000000
000000000000000000010100000000000000000000000000000000000000000000000000000000011100000001100100000010000000000000000000010100000000000000000000000000000000000000000000000000000000000000000000000000111011010100000000000000010111111000000000
000000000000000000001000000000001100101000000000000000000000000000000000000000000000000011010010000000000000000000000000001000000000000000000000000000000000000000000000000000000000000000000000000000001111101100000000000000100001000000000000
000000000000000000000000000000011011001100000000000000000000000000000000000000000000000100000100000000000000001000000000000000000000000000000000000000000000000000000000000000000000000001100000000000000110000000000000000000110110000000000000
000000000000000000000000000000001101001100000000000000000000000000000000000000000000000010001000000001100000010010000000000000000000000000000000000000000000000000000000000000000000000010010000000000000010000000000000000000001100010000000000
000000000000000000000000000000000100001110000000000000001000000000000000000000000000000011110000000010100000001110000000000000000000000000000000000000000000000011000000000000000000000010100000000001000010100000000000000000000000101000000000
000000000000000000000000000000000011001110000000000000011100000000000000000000000000000001000000000010000000000100000000000000000000000000000000000000000000000011000000000000000000000001000000000110000001100000000000000000000000110000000000
000000000000000000000000000000000010011000000000000000111110000000000000000000001100000000000000000010100000000000000000000000000000000000000000000000000000000000000000000000000000000000000000000010000001100000000000000000000000000000000000
000000000000000000000000000000000001001000000000000000000000000000100000000000010010000000000000000001100000001110000000000000000000000000000000000000000000000000000000000000000000000000000000000000001011100000000000000000000000000000000000
000000000000000000000000000000000001001000000100000000000000000001010000000000010100000000000000000000000000001001000000000000000000000000000000000000000000000000000000000000000000000000000000000000001001100000000000000000000000000000000000
000000000000000000000000000000000000101000000100000000000000000001010000000000001000000000000000000000000000001110000000000000000000000000000000000000000000000010000000000000000000000000000000000000000100010000000000000000000000000000000000
000000001100000000000000000000000000111000000100000000000000100000100000000000000000000000000000000000000000000000000000000000000000000000000000000000000000000010000100000000000000000000000000000000000101100000000000000000000000000000000000
000000001100000000000000000000000000000000000000000010100001000000000000000000000000000000000000000000110000000000000000000000000000000000010000000000000000000010001010000000000000000000000000000000000011100001000000000000000000000000000000
000000000000000000000000000000000000000000000000000100010000000000000000000000000000000000000000000000110000000000000000000100000000000001001100000000000000000000001001000000000000000000000000000000000000000010000000000000000000000000000000
000000000000000000000000000000000000000000000000000000010000000000000000000000000000000000000000000000000000000000000000001000000000000001001000011000000000000000000110000000000000000000000000000000000000000110000100000000110000000000000000
000000000000110000000000000000000000000000000011000000100000000000000000000000000000001100000110001100000000000000000000001110000000000011000000011100000000000000000000000000000000000000000000000000000000000001011010000000110000000000000000
000000000000110000000000000000010000000000001010000000000000000001000000000000000000000101000000001000000000000000011011000000000000001100100100010100000000000000000000000000000000000000000000000000000000000001100011000000000000000000000000
000000000000000000000000000000101000000000000100000000000000000100100000000000000000000000000000000000000000000000100010100000000000001001000000000000000000000000000000000000000000000000000000000100000000000001000110000000000000000000000000
000000000000000000000000000000101000000000000000000000000000000100100010000000001010011011000000000000000000000000011010110000000000110001100000000000000001100000000000000000000000000000000000001010000000000001000000000000000000000000000000
000000000000000000000000000000010000000000000000000000000000000010100110001000010010010000000000000000000000000000000000100000000000100101011001000011000001100000000000000000000000000000000000000110000000000000101000000000000000000000000000
000000000000000000000000000000000000000000000000000000000000000001101010000000001010011100000000000000000000000000011000100000100100001110000111000111000000000000000010000000000000000000000000000000000000000000010000000000000000000000000000
000000000000000000000000000000000000000000000000000000000000000000001100001100000000000000000000000000000000000000010001000110100100001100000001100101100000000000000010000000000000000000000000000000000000110000000000000000000110000000000000
000000000000000000000000000000000000000000000110000000000001110011001000001100000000000000000000000000000000000000001110000100000000011100000011000000000000000000000010000000000000000000000000000000011000110000000000000000001001000000000000
000000000000000000000000000000000000000000000110000000000001011010000000000000000000000000000000000000000000000000000000000011100001100100000000010000000000000000000000000000000000000000000000000000100100000000000000000000000110000000000000
000000000000000000110000000000000000110000000000000000000001011000000000000000000000000000000000000000000000000000000000000000000001001000000000000000000000000000111000000000000000000000000000000000100001000000000000000000000000000000000000
000000001000000000110000000000000000110000000000000000000000010000000000000000000000000000000000000000000000000000000000000000000000010000000100110000000000000000000000000000000000000000000000000000010001000000000000000000000000000000000000
000000010100000000000000000000000111100000000000000000000000000000011000000000000000000000000000000000000000000000000000000000000000000000000010010000000000000000000000000000000000000000000000000000001111000000000000000000000000000000000000
000000100100000000000000000000011000100000000000000000000000011000100100000000000001100000001000000000000000000000000000000000110010000000000011100000000000000000000000000000000000110000000000000000000000000010000000000000000000000000000000
000000011000001100000000000000010000100000000000000000000000000000100110000000000010010000010100000000000000000000000000000100000010000000000000000000000100000000000000000000000000110000000000000001110000000010000000000001010000000000000000
000000000000001100000000000000010000010000000000000000000000000001010110000000000010010000011000000000000000000000000000000101110010000000000000111000001010000000000000000000000000000000000000000000001011000001000000000010001000000000000000
000000000000000000000000000000001101100000000000000000000000000001010011000000000001100000000000000000000000000000000000000110000000000000000000011111001011000000000000000000000000000000000000000010000101100000000000000000000100000000000000
000000000000000000000000010000000001100000000000011000000000000000011001100000000000000000000000000000000000000000000000000000000000000000000000010011001011001100000000000000000000000000000000000010000000000011000000000000001000000000000000
000000000000000000000000011000000000000000000000011000000000000000010000010000000000000000000000000000000000000000000000000000000000100000000000001100001010001100000000000000000000000000000000000001011100000010000000000000001000000000000000
000000000000000000000000000100000000000000000000000000000000000001100000001010000000000000000000000000000000000000000000000000000011111000100000001011000010000000000000000000000000000000000000000000100001100010000000000010010000000000000000
000000000000000000000000001100000000000000000000000000000000000001000000000111000000000000000000000000000000000000000000000000000110101001100000000110011100000000000000000000000000000000001000000000000000000000000000000000100000000000000000
000001010000000000000000101000000000000000000000000000000000000001110001110001000000000000000000000000000000000000001100000000000010100000010000000011010000000000000000000000000000000000011100000000000000000000000000000000000000000000000000
000010101100000000000000100000000000000000000000000000000000000000000001111110000000000000000111000000100000000011110100000000000001000000011000000001111100000000000000000000000000000000110010000001110000000000000011011000000001100000000000
000110011000000000000000000000000000000000011100000000000000000000000000010001000000000000000110110000100000000001001000000000000001101000000000000000110100000000000100000000000000000001000110000111110000000000000000000100000011000000000000
000110000000000000000000000000000000000000000000000000000000000000000000001000000000000000001000110001010001100000100000000000000000111000000000000001001100000000001010000000000000000011000000000100110000000000000000010000000000100000000000
001100000000000000000000000000000000000000000000000000000000000001000000000101000000000000100111000000100001100000000000000000000000000100001001000000000000000000001010000000000000000111000000000110000000000000000000000010000000000000111000
000000000000000000000000000000000000000000000000000000000000101100110000000010000000000000111011100000100000000000000000000001100000000110101111000000000000000000000100000000001101100011000000000000000000000001001100000010000000000010001100
000000000000000000000000000000000000000000011100000000000000101100100000000000000000000000010000100000000000000000000010000010010000000001011101110000000000000000011000000000000000100001000110000000000000000001000110000000000000000100100000
000000000000000000000000000000000000000000011100000000000000100001000000000000000000000000000000000000000000000000000100000110110000000000011011100011000000000000101000000000100111000000110010000000000000000000000100100000000000001000000000
000000000000000000000000000000000000000000001000000000000000001001000000000000000000000000000000000000000000000000001100000001000000001100011000000011000000000001101100000001100010000000011100000000000000000000001000011000000000001001001000
000000000000000000000000000000000000000000001000011000000000001110000000000000000000000000000000000000000000000000101000000000000000001100010000100000000000011001110000000010011000000000001000011000000000000000000000000000000000001010011100
000000000011100000000000000000000000000000011100100100000000000000000000000000000000000000000000000000000000000001001000111000000011111000010000000000000000100110000011000011110100000000000000011000000000000000000000000000000000000000010010
000000111100001000000000000000000000000000011100100100000000000000000000000000000000000000000000000000000000000001000000011000000011110000001000000000000000100000000001100011111000000000000000000000000000000000000000000000000000000000001001
000001000000010110000000000110000000000000000001000100000000000000000000000000000000000000000000000000000000000000110000100000000000101110110000000000000000010110000010100000010000000000000000000000000000000000000000000000000000000000000111
000000000000000010000000000110000000000000000001010000000000000000000000000000000000000000000000000000000000000000010000000000000100011110110000100000000000001101101110010000000000000000000000000000000000000000000000000000000000000000000010
000000000001001000000000000000000000000000000000010000000000000000000000000000000000000000000000000000000000000000000000000000000100111010110001000000000000000000000100000000000000000000000000000000000000000000000000000000000000000000000000
000000100010001001000000000000000000000000000011100011000000000000000000000000000000000001110001000000000000000000010000100000000001000110001100000000000000000000000000000000000000000000000011000000000000000000000000000000000000000110000000
000001010000000000000000000000000000000000000001000011000000000000000000000111000000000011011000110000000000000000001100001100000000000000000000000000000000000000001001100000000000000000000010100000000000000000000000000000000000001000000000
000001010000000011000000000000000000000000000000000011000000000000000000011011000000000011011001001011100000000000010001000010000000000000000000000000000000000000011010100000000000000000000000000000000000000000000000000000000000001100000000
000001010000000000000000000000000000000000000000000000000000000000001110010010000000010000100010000000100000000000000000000011000011000000000000000000000000000000001101100000000000000000000000000000000000000000000000000000000000000000100000
000010001000000000000000000000000000000000000000000000000000000000000110001000000010000100000010000000100000000111110000010111000011000000000000000000000000000000000111000000000000000000000000000000000000000000000000000000000000000000100000
000011001000000000000000000000000000000000000000000000000000000110000010000000000000000000000110100000000000000100110000011010000000000000000000000000000000000000000010000000000000000000000000000000000000000000000000000000000000000000000000
000011010000000000000000000000000000000000000000000000000000000110000000001000000010101010000000111101000000000011100000010101010000100011100000000000000000000000000000000001000000000000000000000000000000000000000000000000000000000000000000
000000100000000000000000000000000000000000000000000000000000000000000000001000000000000000000101100000000000000000000000000000000100010000000000000000000000000000000000000011100000000000010000110000000000000000000000000000000000000010001000
000000000000000000000000000000000000000000000000000000000000000000000000000000000000111000001101000000000000000000000000000000000111100000000000000000000000000000000000000010010000000000001001001000110000000000000000000000000000000111011000
000000000000000000000000000000000000000000000000000000000000011000000000000000000001111100001010000000000000000000000000000000000011000000000000000000000000000000000000000001001000000000010000110000110000000000000000000000000000000011100100
000000000000000000000000000000000000000000000000000000000000100100000000000000000011000110001000111000000000000000000000000000000000000000000000000000000000000010000000000001110000000000000000000000000000000000000000000000000000000001111100
000000001110000000000000000000000000000000000000000000000000100100000000000000000111000111000100000100000000000000000000000000100000000000000000000000000000000010000000000001000000000000000000000000000000000000000000000000000000000010101000
000000000000000011000000000000100000000000000000000000000000111000110000000000000011000110000100000010000000110000000000000000010000000000000000000000000000000010001000000000000000000000000000000000000000000000000000000000000000000010001000
000000000000000011000000000001110000000000000000000000000000010011110000000000000001111100000010000100000000110000000000000001101000000000000000000000000000000001000100000100000000000000000000000000000000000000000000000000000000000001110000
000000000000000000000000000011111000000000000000000000000000000001010000000000000000111000000010001000000000000000000000000000001100000000000000000000000000000000000000000000000000000000000100000000000000000000000000000000000000000000100000
000000000000000000000000000110001100000000000000000000000000000111000000000000000000010000000010000000000000000000000000000000101000000000000000000100000000000000000100000011110000000000001010000000000000000000000000000000000000000000000000
000000000000000000000000001110000000000000000000000000000000000100000000000000000000000011100000000000000000000000000000000000010000000000000000000000000000000001001000000110110000000000001001000000000000000000000000000000000000000000000000
000000000000000000000000000101001100000000000011100000000000010111000000000000000000000000100001000000000000000000000000000000000000000000000000000001010000000000100000000011000000000000000110000000000000000000000000000000000000000000000000
000000000000000000000000000011100100000000000100011000000000111010000000000000000000000100000001000000000000000000000000000000000000000000000000000000100000000000110000000000000000000001100000000000000000000000000000000000000000000000000000
000000000000000000000000000000100010000000000001000000000000000000100000000000000000000100011110000000000000000000000000000000000000000000000000000000000000000100110000000000000000000000000000000000000000000000000000000110000000000000000000
000000000000000000000000000000100100000000000001000100000000000001100000000000000000000100111000000000000000000000000001100000000000000000000000000000000000000011110000000000000000000100000000000000000000000000000000001001000000000000000000
000000000000000000000000000000010000000000000001000100000000000000000000000000000000000011111000000000000000000000000001100000000000000000000000000000000000000011010000001100000000000100100000000000000000000000000000000101000000000000000000
000000000000000000000000000000000000000000000010000000000000000000000000000000000000000000000000000000000000000000000000000110110000000000000000000000000000000001011000010010000000000100000000000000000000000000000011000010000000000000000000
000000000000000000000000000000000000000000000100001000000000000000000000000000000000000000000000000000000001100000000000000000000000000000000000000000000000000001111000001010000000000001001000000100000000000000000010110000000000000000000000
000000000000000000000000000001000000000000001000100000000000000000000000000000000000000000000000000000000001100000000000000000000000000000000000000000001100000000101110000100000000000000000100000110000000000000000110001000000000000000000000
000000000001100000000010010010100000000000000111000000000000000000000000000000000000000000000000000000000000000000000000000000000000000000000000000000010010000000001001000000000000000000100100001010000000000000000110000110000000000000000000
000000000001100000000100010010100000000000000000000000000000000000000000000000000000000000000000000000000000000000000000000000000000000111000000000000001100000000001011000000000001100000011000000110000000000000000100000110000000000000000000
000001010000000000000100010001000000000000000000000000000000000000000000000000000000000000000000000000000000000000000000000000000000000100110000000000000000000000000000000000000001100000000000000000000000000000000010000000000000000000000000
000010010000000000000101100000000000000000000010000000000000000000000000000000000000000000000000000000000000000000000000000000000000000011100000000000000000000000000000000000000000000000000000000000000000000000000000001100000000000000000000
011010001000000000000011100000000000000000000010000000000000000000000001000000000000000000000000000000000000000000000000000000001000000001000000000000000000000000000000000100000000000000000000000000000000001000000001001110000011100000000000
010000010000000000110000000000000000000000000010000000000000000000000001000000000000111000000000000000000000000000000000000000011110000000000000000000000000000000000000010100000000000000001010000000000000001011100000000010110000000000000000
011000000001110011010000000000000000000000000000000000000000000000000001000000000001001000000000000000000000000000000000000001100001000000000000000000000000000000000000011000000011000001111001000000000000010011000000110001100000000000000010
000100010000000011101100000000000000000000000000111000000000000000000000000000000110000000000000000000000000000000000000000010001001000000000001110000000000000000000000000000000100100000000011000000000000001011100000000000000000000010000111
100001100000000001100100000000000000000000000100000000000000000000000000000000100110000010000000000000010000000000000000000100011110000000000000000000000000000000000000000000000101000010110011000000000000001101100000000000000000000101001100
100011000000000000110010000000000000000000111000000000110000000000000000000000100010000011111100000000010000000000000000000100000000000000000000000000000000000000000000000000000010000110000100000000000000000111100000000000000000000101001000
000000000000000000110010000000000000000000100000000000110000000000000000000000100001000001111110000000010000000000000000000100100000000000000000000000000000000000000000000000000000000110011100000000000001000000100000000100000000000010000111
000000000000000000010100000000000000000000110000000000000000000000000000000000000000000010000010000000000000110000000000000010010000010000000000000000000000000000000000000000000000000011000000000000000011100000000000011010000000000000000010
000000000000000000001000000000000000000000111000000000000000000000000000000000000000011101101000000000000000110000000000000001110000101100000000000000000000000000000000000000000000000000000000000000000110011000000000010000000000000000000000
000000000000000000000000000000000000000001000110000000010000000000000000000000000000111100110000000000000000000000000100000000101001100010000000000000000000000000000000000000000000000000000000000000000000011000000000001010000000000000000000
001110000000000000000000000000000000000000100100000000101000000000000000000000000000001110100100000000000000000000000100000001001001000001000000000000000000000000000100000000000000000000000000000000000000000100000000100110000000000000000000
000010000000000000000000000000000000110000111000000000101000000000000000000000000000000100001000000000000000001110000100000000000001000110000000000000000000000000000100000000000000000000000000000000110000100100000000100101000000000000000000
001100000000000000000000000000000001001000001000000000010000000000000000000000000000000011000000000000000000000000000000000000000001001000000000000001110000000000000100000000000001000000000000000001111001001000000000000001100000000000000000
000000000000000001100000000000000001010000000000000000000000000000000000000000000000000001100000000000000000000000000000000000001001100000000000000010001000000000000000000000110010100000000000000110001001100000000000001000000000000000000000
000000000000000010100000000000000000100000001110000000000010000000000000000000000000000000000000000000000000000000000000000100000000110000000000000010001000000000000000000000110010100000000000001000101010000000000000010001100000000000000000
000000000000000011000000000000000000000000000000000000001111000000000000000001000000000000110000000000000000000000000000000000100010110000000000001100000110000000000001000000000001000000000000011010001000000000000000000101000000000000000000
000000000000000000000000000000000000000000000000000000010000100000000000000010100000000000110000000000000000000000000011000110000100001100000000010000100001000000000010100000000000000000000000000000001100001110000000000000000000000000000000
000000000000000000000000000000000000000000000000000001100001100000000000000001100000000000000000000000000000011000000011000110000010011100000000010001010001000000000010100000000000000000000000000000101000010110000000000000000000000000000000
000000000000000000000000000000000000000000000000000001101101000000000000000000000000000000000000000000000000011000000000000001000001110000000000010000100001000000000001000000000000000000000000100000001010000110000000000000000000000000000000
000000000001100000000000000000000000000000000000000001101011001000000000000000000000000000000000000000000000000000000000000000000000000000000000001100000110000000000000000001100000000000000001110000001000011000000000000000000000000000000000
000000000001100000000011000000000000000000000000000000000000001000000000000000000000000000000000111000000000000000000000000000000000000000000000000010001000000000000000000001100000000000000011111000000111000000000000000000000000000000001100
000000000000000000000101000000000000000000000000000000000001000000100000000000000000000000000000000000000000000000100000000001000000000000000000000010001000000000000000000000000001000000000010110000000000000000000000000000000000000000001100
000000000000000000000001000000000000000000000000000000000001100010100000000000000000000000000010000000000000000001010001111010100000000000000000000001110000000000000000000000000010100000000001100000000000000000000000000000000000000000000000
000000000000000000000000000000000000000000000000000000000000000100100000000000000001000000000010000000000000000010100000000110110000000000000000000000000000001100011000000000000001100000000000000000000000000000000000000000000000000000000000
000000000000000000000000000000000000000000000000000000000000010101000000001100000001000000000011100000000000000010100001000000100000000000000000000000000000010010100100000000000000000000000000000000000000000000000000000000000000000000000000
000000000000000000000000000110000000000000000110000000000000111010000000001100000001000000000000101000000000000010100111001000000000000000000000000000000000010000000000000000000000000000000000000000000000000000000000000000000000000000000000
000000000000000000000000001110000000000000001101000000000000110111000000000000000000000000000000001000011000000001100111001000110000000000000000000000000000010000001000000000000000000000000000000000000000000000000000000001000000000000000000
000000000000000000000000100000000000000000001101000000000000011100000000000000000000000000000000111001000110000000000000000000000000000000000000000000000000001000010000000000000000000000000000000000000000000000000000000011100000000000000000
000000000000000000000000111000010000000000000000000000000000011100000000000000000000000000000000000001000001000000000001001000000000000011100000000000000000000011000000110000000000000000000000000000000000000000000000000100110000000000000000
000001110000000000000001111000110000000000000000000000000011000100000000000000000000000000000000000000001101000000000001001000000000000000000000000000000000000000000000110000000000000000000000000000000000000000000000001101110000000000000000
000000010000000000000001000011100000000000000010000000000101000010000000000000000000000000000000000000000110000000010001000110000000000000000000000000000000000000000000000000000000000000000000000011000000000000000000001101110000000001100000
000100011100000010000000000000000000000000000101000000000000000010000000000000000000000000000000000000000000000000010000100110000000000000000000000000000000000000000000000000000000000000000000000011000000000000000000000001110000000010010000
000100010000001010000000000000000000000000001001000000000000000011000000000011000000000000000000000000001000000000101000011100000000000000000000000000000000000000000011000000000000000000000000000000000000000000000000000001100000000001100000
000100011010011000100000000000000000000000001110000000010001000010000000000010100000000000000000000000110110000000010000000000000000000000000000000000000000000000000100100000000000000000000000000000000000000000000000000000110000000000000000
000000010100001000011000000000000000000000000000000000100001000000000000000001000000000000000000000000101000000000010000000000000000000000000000000000000000000000000011000000000000000000000000000000000000000000000000000000011000000000000000
000001110000000100001000001000000000000000000000000000011000000000000000000000000000000000000000000001001000000000000000000000000000100000000000000000000000000000000000000000000000000000000000000000000000000000000000000000111000000000000000
000000000001100010001000001000000000000000000011000000000000000000000000000000000000000000000000000000101000000000000000011100000000100000000000000000000000000000000000011000000000000000000000000000000000000000000000000000110000011000000000
000000000001100010110000001000000000000000000011000000000000000000000000000000000110000000000000000000101000000000000000111110000000100000000000000000000000000000000000100100000000000000000000000000000000000000000000000000111000011100000000
000000000000000001000000000000010000000000000000000000001000000000000000011000001001000000000000000000100010000001000001010001000000000000000000000000000000000000000001110110010000000000000000000000000000000000000000000000011110011101100000
000000000000000000000000000000011100000000000000000000001000000000000000011000000110000000000000000000101100011001100000101101000000000000000000000000000000000000000000101011101000000000000000000000000000000000000000000000000101100010010000
000000000000000000000000000000010010000000000000000000001000000000000000101000000000000000000000000000001110000001011000001110000000000000000000000000000000000000000001110101110000000000000000000000000000000000000000000000000000000001100000
000000000110000000000000000000000001000000000000000000000000000000000000101000000000000000000000000001101110000010111000000000000000000000000000000000000000000000000010101100000000000000000000000000000000000000000000000000000011000000000000
000010001001000000000000000000010010000000000000000011100011100000000000011000000000000000000000000000000111000000001110000000000000000000000000000000000000000000000011000000000000000000000000000000000000000000000000000000000000000000000000
000100111101100000000000000000011100000000000000000000000000000000000000000000011100000000000000000000010101000000000110000000000000000000000000000000000000000000000011001000000000000000000000000000000000000000000000011000000100000000000000
000000111001100000000000000000000000000000000000000000001000000000000000000000011100000000000000000000010011000000000000000000010000000000000000000000000000000000000000010000000000000000000000000000000000000000000000100100011000000000000000
001000010011100000000000000010100000000000000000000000001000000000000000000001100000000000000000000000000000010000000000000000101000100000000000000000000000000000000000010000100000000000000000000000000000000000000000100100001010000000000000
000100001001000000000000000100111000000000000000000000001000000000000000000001100100000010000000000000000001100000000000000000100110001000010000000000000000000000000000100000000000000000000000000000000000000000000000011000001110000000000000
000000000010000010000000000100011010000000000000001000000000000000000000000001000100000100100000000000000001000000000000000000100010000000001000000000000000000000000000000000000000000000000000000000000000000000000000000000001110001000000000
000000000000001011000000000010000000000000000000001110000000000000000000000000100000000100100000000000000110000000000000000000010000000100010000000000000000000000000000000110010000000000000000000000000000000000000000000000001110000000000000
000000000000011001110000010010001110000000000000000111000000000000000000000001110000000001000000000000000110000000000000001100010010100010000000000011000000000000000000000000010000000000000000000000000000000000000000000000001110001100000000
000000000000000000110000011100000100000000000000000011000000000000000000000000110000100000000000000000001001000000000000000000000110000110000111111010000000000000000000100000000000000000000000000000000000000000000000000000000110001100000000
000000000000000001001000001000000000000000000000000000000000000000000000000000000001010000000000000000001001000000000000000000000010000001001111001110001000000000000000000000100000000000000000000000000000000000000000000000000000010000000000
000000000001100001110000000000000000000000000000000000000000000000000000000000000001010000000000000000000110000000000010000000000001010000111000001010001110000000000000001100000011000000000000001000000110000000000000100000000000000000000000
000000000101100110100000000000000000000000000000000000000000000000000000000000000000100000000000000000000000000000000101000000000000000000011001100000000000000000000000000011100100010000000000011100001001000000000000100000000000000000000000
000000000000011010000000000000000000000000000000000000000000110000000111000000000000000000000000000000000000000000001101011000000000000000011000000011000000000000000000000000100010011000000000110100000101000000000000100000000000000000000000
000000000000011100000000000000000000000000000000000001000100100000000000000000000000000000000000000000000000000000000011111000000000000000000101000000000000000000000000000000000011011000000001100110000010000000000000000000000000000000000000
000000000110111000000000000000000000000000000000000000111000010000000000000000000000000000000000000000000000000000000001010000000000000000011101000000000010000000000000000000000000001100000000111110000000000000000000000000011000000000000000
000000000110100000000000000000000000000000000000000000110000110000000000000000000000000100000000000000000000000000000000000000000000000000111000100000001001000000000000000000000000000000000000011101000000000000000000000000011000000000000000
000000000100000000000000000000000000000111000000000010001000001000000000000000000000001010000000010000000000000000001011000000000000000000110101000000010000100000000000000000000000001011000000000001100010000000000000000000000000000000000000
000000011100000001000011000000000000000000000000000001001100011100000000000000000000010001000000111000000000110000000110000000000000000000111001000000111011110000000000000000000000001110000000000011000110000000000000000000000000000000000000
000000000000000001000100100000000000000000000000000000010000010000000000000000000000010001000000111000000001001000000010000000000000000000000000000001110000001000000000000000000000000110011000000001000000000000000000000000000000001110000000
000000000000000001000011000000000000000000000000000000000000000000000000000000000000000101000000000000000000110000000000000001100000000000001110000010000000001000000000000000000000000000101000000000100100000000000000000000000000011100000000
000000000000000000000000000000000000000000000001000000000000000110000000000000000000001110000000010000000000000000000000000010100000000000000100000011000010000000001100000000000000000000101000000000100100000000000000000000000000000000000000
000000000000000000000000000000000000000000000010100000000000001000000000100000000000000100000011110100000000000000000000000011000000000000001100000001000000000000001010000000000010000000010000000000111000000000000000000000000000000000000000
000000000000000000000000000000000000000000000000100000000000000010000100010000000000001100000011100111000000000000000000001100000000000000001100000000000010010000000100000011000111010100000000000000000000000000000000000000000000000000000000
000000000000000000000000000000000000000000000110000000000000000010001110010000000000001110000000101111000000000000000000010100011000000000000000000000000000010000000000000001011000000100000000000000000000000000000000000000000000000000011000
000000000000000000000000000000000000000000001000000000000000001010011010100000000000001110000000001000000000000000000000011000011000000000000011000000000000000000000000000001101001110000000000000000000000000000000000000000000000000000011000
000000000000000000000000011110000000000000001110000000000000000100010010000001000000000000000000000000000000000000000000000000000000000000000100100000000000000000000000000001100000000000000000000000000000000000000000000000000000011000000000
000000000000000000000010011000000111000000000000000000000000000000001001100011100111101000000000011100000000000000000000000000000000110000000011000000000000000000000000000000110100110000000000001000000000000000000000000000000100011000000000
000000000000000000000010011110010000000000011101000000000000000000000001000100001000000001000000011100000000000000000000000000000001001000000000000000000000000000000000000000110010110000000000110000000000000000000000000000000100011000000000
000000000000000000000000001010000000000000110001000000000000000000000110001001111111000001000000001000000000000000001100000000000001001000000000000000000000000000000000000000010000000000000000001001100000000000000000000000011100011000000000
000000000000000000000000000000000000000001101110000000000000000000000010001110011110001001000000000000000000000000010010000000000000110000000000000000000000000000000000000000011100000000000000000100110000000000000000000000010110001000000000
000000000000000000000000000000100100000000010000000000000000000000000000000111000000000000000000000000000000000000001100000000000000000000000000000000000000000000000000000000000000000000000000111101000000000000000000000001110001100100000000
000000000000000000000000000000000100000000001100000000000000000000000000000001000000000000000010000000000000000000000000000000000000000000000000000000000000000000000000000000000000000000000000001100000000000000000000010110010001001000000000
011000000000000000000000000000011100000000001010000000000000000000000000000001000000000000000110000000000000000000000000000000000000000000000000000000000000000000000000000000000000000000000000000000000000000000000000010010010000000000000000
100100000000000000000000000010000000000000000110000000000000000000000000000000100000001100000000000000000000000000000000000000000000000000000000000000000000000000000000000000000000000000000000000000000000010000000000010111001000000000001010
010100000000000000000000000011100000000000001001000000001100000000000001110000000000001100000000000000000000000000000000000000000000000000000000000000010010000000000000000000000000000000000000000000000000101000000000000001111000000000000000
001000000000000000000000000100010000000000010010000000010100000000000010010000000000000000000000000000000000000000000000000000000000010000000000000011110110000000000000000000000000100000000000000000000001000000000000000000000000000000000010
000000000000000000000000000010000000000000000010000000001000000000000000000000000000000000000000011100000000000000000000000000000000101000001110000010000100000000000000000000000000100011001000000000000000011000000000001100000000000000000000
000000000000000000000000000011110000000000000001000000000000000000000010010000000100000110110001100010000000000000000000000000000000101000000000010001011000000000000000000000000000001001000100000000000000000000000000010010000000000000100100
000000000000000000000000000001000000000000000000100000000000000000000010010000001010000110110000000010000000000000000000000000000000010000000100001001010000000000000000001000000000111101000100000000000000000000000000001100000000000000000000
000000000000000111000000000000000000000000000000000000000000000000000001100000011010000001011010000000000000000000000000000000000000000000000100000100111000000000000000011100000000010011000100000111000000000000000000000000000000000000000010
000000000000000000000000000000000000000000010000000000000000000000000000000000001010000110111010000000000000000001100000000000000000000000001000000100101000000000000000110010000000010111001000000100100000001010000000000000000000000000011100
000000000000010000000000000000111000000000001000010000000000000000000000000110000100000000110001001000000000000001100000000000000000000000000000111100000000000000000000000011000000001110000000001000100000000100000000000000000000000001100100
000000000000101000000000000000000000000000000000011000000000110000000000000101000000000111000001100000000000000000000000000000000000000000001000000000000000000000000001000101000000000100000000000100100000000000000000000000000000000001101000
000000000000101000000000000000000000000000110010101000000000110000000000000010000000000100000000000000000000000000000000000000110000000000001101100000000001000000000000000110000000000000000000000101000000000000000000000000000000000000100110
000000000000010000000000000000000000000000110001110100000000000000000000000000000000001111100101000000000000000001000000000000110000000000000011000000000001000000000100001100000000000000000000000000000000000000000000000000000000000001110001
000000000000000011000000000000000010000000000000111000000000000000000000000000000000001000000000000111000000000001000000000000000000000000000000000000000010000000011100011000000000000000000000000000000000000000000000000000000000000000000001
000000000000000011000000000100000101000000000000011000000000000000000000111000000000001011000000000000000000000001000000000000000000000000000000000001100000000000000100001100000000000000000000000000000000000000000000000000000000000000000010
000000000000000000000011000110000110000000000000000000000000000000000000000000000000000000000000110000010000000000000000000000000000000000000000000001100110011000000000000110000000000000000000000000000000000000000000000000000000000000000000
010000000000000000000011000011000000000000000000000000000000000000000000000000000000000000000110010000010000000000000000000000000000000000000000000000000000011000000001000101000000000000000000000000000000000000000000000000000000000000000000
001000000000000000000000000110000000000000000000000000000000000000000000000000000000000000000000010000010000000000000000000000000000000000000000000000000000000000000000000011000000000000000000000000000000000000000000000000000000000000000000
001100000000000000000000001110000000000000000000000000000000000000000000000000000000000000000000000000000000000000000000000000000000000000000000000000000000000000000000110010000000000000000000000000000000000000000000000000000000000000000000
111000000000000000000000001100000000000000000000000000000000000000000000000000000000000000000000000000000000000000000000000000000000000000000000000000000000000000000000011100000000000000000000000000000000000000000000000000000000000000000011
010110000000000000000000011100000000000000000000000000000000000000000001100000000000000000000000000000000000000000000000000000000000000100000000000000000000000000000000001000000000000000000000000000000000000000000000000000000000000000000011
101100000000000000000000000000000000000000000000000000000000000000000011010000000000000000000000000000000001100000000000000000000000001010000000000000000000000000000000000000000000000000000000000000000000000000000000000000000000000000000001
110000000000000000000001001000000000000000000000000000000000000000000010111000000000000000001110000000000011000000000000000000000000001010000000000000000000000000000000000000000000000000000000000000000000000000000000000000000000000000000000
110000000000000000000001000100000011000000000000000000000000000000000000011000000000000000000000000000000000000000000000000000000000000100000000000000000000000000000000000001110000000000000000000000000000000000000000000000000000000000000000
100000000000000000000001000100000011000000000000000001000000000000001100100000000000000000000000000000000000001000000000000000000000000000000000000000000000000000000000000001110000000000000000000000000000110000000000000000000000000000000001
101110000000000000000001000010000000000000000000000010100000000000001100000000000000000000000000000000011010001000000000000000000011000000011000000000000000000000000000000010001011000000000000000000000000110000000001100000000000000000000000
011100000000000000000000100100000000000000000000000010100000000000000000000000000000000000000000000000000010000100000000000000000100100000100100000000000000000000000000010110010101100000000000000000000000000000000011000000000000000000000000
001000000000000000000000100100000000000000000000000001000000000000000000000000000000000000000000000000000001000100000000000000000011000000011000000000000000000000000000111111000110100000000000000000000000000000000001100000000000000000000000