001100000000000000000000000000000000000000000000000000000000000000000000000010000000000000000000000000000001110100000000000000000000000000000000000000000000000000000000000000000100000000000000000000000000000000000000110100000000000000000000
000000000000000000000000000000000000000000000000000000000000000000000000000011000000000000000000000000000000000100000000000000000000000100000000000000000000000000000011100000000011100000000000000000000000000000000000110100000000000000000000
000000000000000000000000000000000000000000000000000000000000000000000000100000100000000000000000000000000000000000000000000000000000001010000000000000000000000000000000000000000011000000111000000000000000000000000000001000000000000000000000
000000000000000000000000000000000000000000000000000000000000000000100000011111000000000000000000000000000000000000000000000000000000001010000000000000000000000000000000011000000110000000000000000000000000000000111000000000000000000000000000
000000000000000000000000000000000000000000000000000001110100000001010000011010000000000000000000000000000000000000000000000000000000000100000000000000000000000000000000000000000100000000000000000000000000000000000000100000000000000000001100
000110000000000000000000000000000000000000000000000010101100000010001000000000000000000000000000000000000000000000000000000011000000000000000000000000000000000000000000000000000000000000000000000000000011000000000001000100000000000000010100
000110000000000000000000000000000000000000000000000011111010000010000010000000000000000000000000000000000000000000000000000011000000000000000000000000000000000000000000000000000000000000000000000000000100100000000000100010000000000000011000
000000000000000000000000000000000000000000000000000011000000000000010010000000000000000000000000000000000000000000000000000000000000000000000000000000000000000000000000000000000000000000000000000000000011000000000000000110000000000000000000
000000000000000000000000000000000000000000000000000010000000000001000010000000000000000000000000000000000000000000000000000000000011000000000000000000000000000000000000000000000000000000000000000000000000000000000000001000000000000000000000
000000000000000000000000000000000000000000000000000001000010000001101100000000000000000000000000000000000000000000000000000000000011000000000000000000000000000000000000000000000000000000000000000000000000000000000001101011001000000000000000
000000000000000000000000000000000000000000001100000000110010000011010000000000000100000000000000000000000000000000000000000000000000000000000000000000000110000000000000000000011100110100000000000000000000000000000000001010110110000000000000
000000000000000000000000000000000000000000001100000000001100000010010000000000001010000000000000000000000000000000000000000000000000000000000000000000000110000000000000000000000001100100000000000000000000000010001001110100101000000000000000
000000000000000000000000000000000000000000000000000000000000000001100000000000000001000000000000000000000000011000000000000000000000000000000000000000000000000000000000000000000000001100000000000000000000000100000000000000110000000000000000
000000000001000000000010000000000000000000000000000000000000000000000000000000001001000000000000000000000000100100000000000000000000001110000000000000000000000001000000000000000000000000000000000000000000001000000000001100000000000000000000
000000000010100000000101000000000000000000000000000000000000000000000000000000000101100000000000000000000000011000000000000000000000000000000000000011000000000001000000000000000000000000000000000000000000000100001000001100000000000000000000
000000000011000000000010000000000000000011100000000000000000000000001110000000000000110000000000000000000000000000000000000000000000000000000000000011000000000001000000000000000000000000000000000000000000000011010000000000000000000000000000
000000000000000000000000000000000000000000000000000000000000000000001010000000000000110000000000000000000000000000000000000000000000000000000000000000000000000000000000000000000000000000000000000000000000000001100000000000000000000000000000
000000000000000000000000000000000000000000000000000000000000000000011000000000100010000000000000000000000000000000000000000000000001000000000000000000000000011100011100000001110000000000000000000000000000000000000000000000000000000000000000
000000000000000000000000000000000000000000000000000000000110000000010011000001000010010000000000000000000000000000000000000000000001000000000000000000000000000000000000000000000000000000000000000000000000000000000000000000000000000000000000
000000000000000010000000000000000000000000001110000000110101000000011110000001010100011100000000000000000000000000000000000000000000100000000000000000000000000001000000000100010000011000000000000000000000000000000000000000000000000000000000
000000000000000101000000000010000000000000010000100110000100100000011100000000100000100111000000000000000000000000000000000000000000000000000000000000000000000001000000001000100001110100000000000000000000000000000000000000000000000000000000
000000000000001001000000000010000000000000000000001101000110010000010000000000000000010001000000000000000000000000000000000001101110000000000000000000000000000001000000010001000010101110000000000000000000000000000000000000000000000000000000
000000000110000110000000000010000000000000011010000100111010010001110000000000000001000100000000000000000000000000000000000001010000000000000000000000000000000000000000100000000100100100000000000000000000000000000000000000000000000000000000
000000000110000000000000000000000000000000000101000000000001000000000001111100000001000100000000000000000000000000000000000000101101100000000000000000110000000000000000100100000011001000000000000000000000000000000000000000000000000000000000
000000000000000000000000000000000000000000000000010000000001000100000111001100000000110110000000110000000000000000000000000000000011100000000000000000110000000000000000100010000000000000000000000000000100000000000000000000000000000000000000
000000000000000000000000000000000000000000000000110000101000100010000100000000000000000100000001001000000000000000000000000001100010100000000000000000000000000000000000101100000000000000000000000000011011000000000000000000000000000110000000
000000000000000000000000000000000000000000000000000111010000010100000100000000000001001000000000110000000000000000000000000001100011000000000000000000000000000000000000101100000000000000000000000000001001000000000000000000000110000110000000
000000000000000000000000000000000000000000000000100111000000000000000000000000000010001000000000000000000000000000000000000010001111100000110000000000000100000000000000100000000000000000000000000000000110000000000000000000000110000000000000
000000000000000000000000000000000000000000000000101000000000000001100000000000000010100001000000000000000000000000000000000010101001110000101000000000000100000000000000011000000000000000000000000000000000000000000000000000000000000000000000
000000000000000000000000000011000000000000000000000001010000000011100000000000000100000001000000000000000000000000000000000110000100110000101000000000000100000000000000011000000000000000000000000000000000000000000000000000000000000000000000
000000000000000000000000100011000000000000000000000000011000000010100000000000000010000001000000000000000000000000000000000111011000000000000100000010000000000000001110000000000000000000000000000000100000000000000000000000000000000000000000
000000000000000000000000100000000000000000000000000000100000000110100000000000000000000000000000000100000000000000000000000001101111000011011000000011000000000000000000010000000000000011100000000001010000000000000000000000000000000000000000
000000000000000000000000100000000000000000000000000000000001000010100000000000000000011100011100000101000000000000000000000001000011101000010000000100100000000000000000101000000000000000000000000001100000000000000000000000000000000000000000
000000000000000011000000000000000000000000000000010000000010100001000000000001000000000000000000000110000000000000000000000000000011100000100010100011000000000000000001001000110000000000000000000000000000000000000000000000000000000000000000
000000000000000011000000000000000000000000000000010000000010100000000000000001000000000001000000000000000000000000000000000000000000010000000010000000000000000000000000110001001000000000000000000000000000000000000000000000000000000000000000
000000000000000000000000000000000000001100000000010000000001000000000000000001000000000001000000110000000000000000000000010000000000000000000011000000000000000000001000000010110000000000000000000011000000000000000000000000000000000000000000
000000000000000000000000011000000000011010000000000000000000000000000000000000000000000001000001001000000000000000001000011000000000000000000000101000000000001100011100000010110000000000000000000011100000000000000000000000000000000000000000
000000000000000000000000100100000110011010000010000000000000000000000000000000000000000000000000110000000000000000010000001000000000000000000000110000000000001100100100000100000000000000000000000001000000000000000000000000000000000000000001
100000000000000000000000011000001001000100000101000000000000000000000000000000000000000000000000000000000000001100100010000000000000000000000000100000000000000000010100000001101100000000000000000000000000000000000000000000000000000000000001
000000110000000000000000000000000110000000001101100000000001100000000000000000000000000000000000000000000000010010000010000000000000000000000000000000000000000000010100000000011100000000000000000000000000000000000000000000000000000000000000
101000110000000000000000000000000000000000000011100000000001100000000000000000000000000000000000000000000000010010010000100000000000000000001100000000000000000000000100000000011001000000000000000000000000000000000000000000000000000000001000
000100000000000000000000000000000000000000000000000000000000000000000000000000000000000000000000000000000000001100000111100000000000000000001000110000000000000000000100110000000011000000000000000000000000000000000000000000000000000000010010
111000000000000000000000000000000000000000000000000000000000000000000000000000000000000000000000000000000000000000000110000000000000000000000110001000000000000000001101100000000100100000000000000000000000000000000000000000000000000000010001
001000000000000000000000000001000000000000000000000000000000000000000000000000000000000000000000000000000000000000000000000000000000000000000011010000000000000000000111000000000011000000000000000000000000000000000000000000000000000000000000
100000000000000000000000000001000000000000000000000001000000000000000000000000000000000000000000000000000000000000000000000000000000000000000011100000000011100000000000000000000000000000000000000000000000000000000000000000000000000000000100
000000000000000000000000000001000000100000000000111001010000000000000000000100000000000000000000111000000000000000000000000000000000000000000100101110000000000000000000000000000000000000000000000000000000000110000000000000000000000000000010
000000000000000000000000000000000001110000000000100001001000000000000000001010000000000000000000000000000000000000000000000000000000000000000100101110000000000000000000000000000000000000000000000000000000000110000000000000000000000000000000
000000000000000000000000000000000100100000000000111000001100000000000000000110000000000000000010000010000000000000000000000000000000000000000001011011000000000000011100000000000000000000000001000000000000000000000000000000000000000000000000
010000000000000000000000000000000111000000000000000000000100000000000000000000000000000000000010000110000000000000001100000000000000111000000000000010000000000000000000000000000001100110000010100000000000000000000000001100000000000000000110
001000000000000000000000000000000010010100000000000000011100000000000000000000000000000000000010001100000000000000010010000000000000000000000000000100000000000000000000000000000001000000000100100000000000000000000000001100000000000000000111
001000000000000000000000000000000000001000001000000000000000000000000000000000000000000000000000001100000000000000001100000000000000000000000000000000000000000000000000000000000001000010000011000000000000000000000000000000000000000000000010
101100000000000000000000000000000000000000001000000000000000000000000000000000000000000000000000000110000000000000000000000000000000000000000000000000000000000000000000000000000000000100000000000000110000000000000000000000000011100000000010
111000000000000000000000000000000000000000001000000000001000000000000000000000000000000000000000001010000000000000000000000000000000000000000000000010000000000000000000000000000000111000000000000000110000000000000000000000000000000000000001
100000000000000000000000000000000000000000000000000000110000011110000000000000000000000000000000011100000000100000000000000000000000000000000000000101000000000000000000000000000000000000000000000000000000000000000000000000000000000000000000
000000000000000000001110000000000010000000000011100000010000001001000000000011000000000000010100001100000001010000000000000000000000000000000000000101000000000000000000000000000000000000000000000000000000000000000000000000000000100000000000
000000000000000000000000000000000101000000000000000000001101001011000000000011000000000000010110000000000001010000000000000000000000000000000000000010000000000000000000000000000000000000000000000000000000000000000000000000000011010000000000
000000000000000000000000000000001101100001000000000000001111101000000000000000000000000000001100000000000000100000000100000000000000000000000000000000000000001000000000000000000000000000000000000000000000100000000000000000001010011000000000
000000000000000000000000011000000000000011100000000000000011111000000000000000000000000000000000000000000000000000001010000000000000000000000000000000000000001000000000000000000000000000000000000000000000101000000000000000010011011000000000
000000000000010000000000100100000000000100010000000000000000000000000000000000000000000000000000000000000000000000010010001100000000000000000000000000000000001000000000000000000000000000000000111000000000000000000000000000000000111000000000
000000000000010000011000011000000100001000100000000000000000000000000000000000001000000001000000000000000000000000001100010010000000000000000000000000000000000000000000000000000000000000000000000000110000000000000000000000011111001000000000
000000000000010000010100000000010001011011000000000000000000000000000000000000001000000011111100000000000000000000000000010100000000000000000000000000000000000000000000000000000000000000000000000000000000110000000000000000000110011000000000
000000000000000000001000000000100001011010000000000000000000000000000000000000001000000110011010000000000000000000000000001000000000000000000000000000000000000000000000000000000000000000000000000000000000101000000000000001110001000000000000
000000000000000000000000000000100101011000000000000000000000000000000000000000000000001110001010000000000000000000000000000000000000000000000000000000000000000000000000000000000000000001100000000000000000001000000000000001110010100000000000
000000000000000000000000000000110100100000000000000000011100000000000000000000000000000000000100000011100000001110000000000000000000000000000000000000000000000000000000000000000000000010010000000010000100000000000000000000111000010000000000
000000000000000000000000000000011110000000000000000000000000000000000000000000000000000011000000000100100000010001000000000000000000000000000000000000000000000011000000000000000000000010100000000011000100000000000000000000011100001000000000
000000000000000000000000000000001100110000000000000000100010000000000000000000000000000001000000001000000000100000100000000000000000000000000000000000000000000011000000000000000000000001000000000101100000001000000000000000000001110000000000
000000000000000000000000000000000000010100000000000000100010000000000000000000001100000001000000000100100000100000100000000000000000000000000000000000000000000000000000000000000000000000000000000010000110000000000000000000000000000000000000
000000000000000000000000000000000000000110000000000000000000000000100000000000010010000000000000000011100000111011100000000000000000000000000000000000000000000000000000000000000000000000000000000000001000000100000000000000000000000000000000
000000000000000000000000000000000000000000000000000000011100000001010000000000010100000000000000000000000000010001000000000000000000000000000000000000000000000000000000000000000000000000000000000000001010000100000000000000000000000000000000
000000000000000000000000000000000000000100001110000000000000000001010000000000001000000000000000000000000000010001000000000000000000000000000000000000000000000000000000000000000000000000000000000000010000000000000000000000000000000000000000
000000001100000000000000000000000000111000000000000000000000000000100000000000000000000000000000000000000000001010000000000000000000000000000000000000000000000111000100000000000000000000000000000000001000001000000000000000000000000000000000
000000001100000000000000000000000000111000000000000000000000000000000000000000000000000000000000000000110000000100000000000000000000000000000000000000000000000000001010000000000000000000000000000000000000010010000000000000000000000000000000
000000000000000000000000000000000000000000000000000000110000000000000000000000000000000000000000000000110000000000000000000000000000000000001100000000000000000000001001000000000000000000000000000000000011100100001100000000000000000000000000
000000000000000000000000000000000000000000000010000000110000000000000000000000000000000100000000000000000000000000000000000100000000000000000000011100000000000000000110000000000000000000000000000000000000001100001111000000110000000000000000
000000000000110000000000000000000000000000000001000000000000000000000000000000000000001110000000001100000000000000000110101000000000000000000000010100000000000000000000000000000000000000000000000000000000000000010011000000110000000000000000
000000000000110000000000000000010000000000000001000000000000000011100000000000000000000000000000001100000000000000000111100100000000000000000000011100000000000000000000000000000000000000000000000000000000000000001000100000000000000000000000
000000000000000000000000000000101000000000000000000000000000000111111010000000000111001000000000000000000000000000010000011000000000000001000000000000000000000000000000000000000000000000000000000100000000000000110110000000000000000000000000
000000000000000000000000000000101000000000000000000000000000001001110111000000001000011100000000000000000000000000100010000000000000000011001000000000000001100000000000000000000000000000000000001010000000000000000110000000000000000000000000
000000000000000000000000000000010000000000000000000000000000000111011000100000010000000010000000000000000000000000010001000000000000000000010000000111000001100000000000000000000000000000000000000110000000000001000100000000000000000000000000
000000000000000000000000000000000000000000000000000000000000011010000111101100001000000100000000000000000000000000110111000011100000110000010000000101000000000000000000000000000000000000000000000000000000000000111000000000000000000000000000
000000000000000000000000000000000000000000000000000000000001101100101010010010000111000100000000000000000000000000010101100001100001010000001101000111000000000000000111000000000000000000000000000000000000100000000000000000000110000000000000
000000000000000000000000000000000000000000000110000000000010001001101100001100000000000000000000000000000000000000011011000100010001011000000100000000000000000000000000000000000000000000000000000000011111000000000000000000001001000000000000
000000000000000000000000000000000000000000000110000000000000000011111000000000000000000000000000000000000000000000001110000100100011000000000010010000000000000000010000000000000000000000000000000000101100010000000000000000000110000000000000
000000000000000000110000000000000000000000000000000000000010001110000000000000000000000000000000000000000000000000000100000010100000101000000000010000000000000000010000000000000000000000000000000001100110000000000000000000000000000000000000
000000001000000000110000000000000000000000000000000000000000000010001000000000000000000000000000000000000000000000000000000000000000000000000011001000000000000000010000000000000000000000000000000001110000110000000000000000000000000000000000
000000010100000000000000000000000010100000000000000000000000010000001100000000000000000000000000000000000000000000000000000000000000000000000100010000000000000000000000000000000000000000000000000001110001100000000000000000000000000000000000
000000100100000000000000000000110111010000000000000000000000000000000100000000000001100000001000000000000000000000000000000011000000000000000100110000000000000000000000000000000000110000000000000000000000000000000000000000000000000000000000
000000011000001100000000000001101000001000000000000000000000000011010100000000000010010000010100000000000000000000000000000111000111000000000010100000001110000000000000000000000000110000000000000000000000000000000000000000000000000000000000
000000000000001100000000000000111001111000000000000000000000000000000000000000000010010000011000000000000000000000000000001000100000000000000000000000001010000000000000000000000000000000000000000000000000000000000000000000001000000000000000
000000000000000000000000000000010000011000000000000000000000000000010000000000000001100000000000000000000000000000000000001111000000000000000000000000100000000000000000000000000000000000000000000010000100100000000000000000001000000000000000
000000000000000000000000011000000111100000000000011000000000000000010100110000000000000000000000000000000000000000000000000111000000000000000000011100110100001100000000000000000000000000000000000111101011000100000000000000001000000000000000
000000000000000000000000100100000011000000000000011000000000000001101100000000000000000000000000000000000000000000000000000000000000000000000000100100000010001100000000000000000000000000000000000010101110000010000000000000010000000000000000
000000000000000000000000111110000000000000000000000000000000000001101100000111100000000000000000000000000000000000010000000000000110000000100000011000000010000000000000000000000000000000011100000001000000000010000000000000011000000000000000
000000001000000000000000001110000000000000000000000000000000000010001000111100000000000000000000000000000000000000011000000000001000001000100000000000100110000000000000000000000000000000010010000000000000000000000000000000000000000000000000
000010001000000000000000001100000000000000000000000000000000000010010000010100000000000000000100100000000000000001010100000000001000000100011000000000010100000000000000000000000000000000100010000000000000000000000000000000000011000000000000
000010000100000000000000000000000000000000001000000000000000000001010000000011100000000000001000100000100000000110010100000000000000000000000000000000000000000000000000000000000000000000000001000000011000000000000000000000000010100000000000
000000010100000000000000000000000000000000001000000000000000000000000000000001000000000000001100001001110000000001011000000000000100001100000000000000010100000000000100000000000000000011000110000000011000000000000000000000000010000000000000
000000011100000000000000000000000000000000001000000000000000000000000000000011000000000000001000001011011001100000010000000000000010001100000000000000100100000000011010000000000000001000001000000100000000000000000000000000000000000000000000
001110000000000000000000000000000000000000000000000000000000001100000000000000000000000000110001000001110001100000000000000001000001110001110000000000010100000000011011000000000000001000010000000100000000000000000110000000000000000000001000
000000000000000000000000000000000000000000000000000000000000001100000000000111000000000001100000110000100000000000000000000011100000011001000000000000000000000000110010000000000001111000001000000000000000000000000110000000000000000100000000
000000000000000000000000000000000000000000000000000000000000010000000000000000000000000001101000000000000000000000000000000011010000001100110000000000000000000000111000000000000000110011000110000000000000000000000001000000000000001110000000
000000000000000000000000000000000000000000000000000000000000000000000000000000000000000000010000000000000000000000001110000110011000000111010000000011000000000000110000000001101101100000000001000000000000000000000110000000000000010110011000
000000000000000000000000000000000000000000000000000000000000110000000000000000000000000000000000000000000000000000001110000011110000001000110000000011000000000000000000000010001100000000100010000000000000000000000110000000000000010000110110
000000000000000000000000000000000000000000000000010000000000010011000000000000000000000000000000000000000000000000110100001111100000000000100000000000000000010010001101000000100000000000010010011000000000000000000000000000000000000001000000
000000000000011000000000000000000000000000000101101000000000001110000000000000000000000000000000000000000000000000111100011000000100000001101100000000000000110010001101000100000100000000011100011000000000000000000000000000000000000000110001
100000000000001100000000000000000000000000001100100000000000000100000000000000000000000000000000000000000000000011001100000000000111000001100000000000000001110010001010110110001100000000000000000000000000000000000000000000000000000000000001
100000000001100011000000000110000000000000001000101000000000000000000000000000000000000000000000000000000000000001001000000000000001000011011100000000000000010011100110110000000000000000000000000000000000000000000000000000000000000000000001
100000000001000010000000000110000000000000000110001000000000000000000000000000000000000000100000000000000000000000111000000000000001100100011100000000000000000010001000110000000000000000000000000000000000000000000000000000000000000000001101
000000000000000110000000000000000000000000000000000000000000000000000000000000000000000001010000100000000000000000000000000000000010000000000000000000000000000000011111100000000000000000000000000000000000000000000000000000000000000000000010
000001110000000000000000000000000000000000000110011011000000000000000000000010000000000000000011100000000000000000100100000000000001000000010000000000000000000000010000000000000000000000000011000000000000000000000000000000000000000100000000
000001110000000000000000000000000000000000000011100100100000000000000000010001000000000010000111010001100000000000100100000000000000000000100000000000000000000000000000100000000000000000000011000000000000000000000000000000000000001010000000
000010001000000000000000000000000000000000000001000011000000000000000100000010000000000100000110000010010000000000100000000000000000001100000000000000000000000000100000010000000000000000000000000000000000000000000000000000000000001100000000
000110000000000000000000000000000000000000000000000000000000000000001011111000000000000100000100000001010000000001011000000000000001000000000000000000000000000000100000010000000000000000000000000000000000000000000000000000000000000000000000
001000000000000000000000000000000000000000000000000000000000000000001001110000000000000010001110000000100000001100011000110000000000100000000000000000000000000000010000010000000000000000000000000000000000000000000000000000000000000000000000
000001000000000000000000000000000000000000000000000000000000000110000110000000000000000111000111101000000000000100000001000000000001000001000000000000000000000000001000000001000000000000000000000000000000000000000000000000000000000000000000
000110000000000000000000000000000000000000000000000000000000000110000000000000000001101100001000001000000000000100100000101000000110000001000000000000000000000000000111000110110000000000000000000000000000000000000000000000000000000111000000
000001000000000000000000000000000000000000000000000000000000000000000000000000000000000000000011111000000000000010100000010000001110000001000000000000000000000000000000000000000000000000000000110000000000000000000000000000000000001010110000
000000000000000000000000000000000000000000000000000000000000000000000000000000000010101010010011110000000000000000000000000000001110000000000000000000000000000000000000001000000000000000000001001000110000000000000000000000000000001111110100
000000000000000000000000000000000000000000000000000000000000111000000000000000000000111000110111000000000000000000000000000000000000000000000000000000000000000000000000000110111000000000000000110000110000000000000000000000000000000000001110
000000000100000000000000000000000000000000000000000000000001001000000000000000001000010000001011001100000000000000000000000000000000000000000000000000000000000010000000000011110000000000000000000000000000000000000000000000000000000000000000
000000000100000000000000000001110000000000000000000000000001100000000000000000001000101000010111000110000000000000000000000000010000000000000000000000000000000101000000000001000000000000000000000000000000000000000000000000000000000000000000
000000000100000011000000000010001000000000000000000000000001100000000000000000001000010000110100000011000000110000000000000000011000000000000000000000000000000000000000000010100000000000000000000000000000000000000000000000000000000011000000
000000000000000011000000000010000000000000000000000000000000000110011000000000000110000000000000000110000000110000000000000001001100000000000000000000000000000000000000000001100000000000000000000000000000000000000000000000000000000011000000
000000000000000000000000001101000100000000000000000000000000000100001000000000000001000000000110000000000000000000000000000001100110000000000000000000000000000000000000000101100000000000000100000000000000000000000000000000000000000001110000
000000000000000000000000010000111100000000000000000000000000000100000000000000000001000000100010000000000000000000000000000001110100000000000000000000000000000000000000001101010000000000001010000000000000000000000000000000000000000000100000
000000000000000000000000010001110100000000000011100000000000000110100000000000000000111110100000000000000000000000000000000000000000000000000000000000000000000000000000001001010000000000001001000000000000000000000000000000000000000000000000
000000000000000000000000000111100000000000000100100000000000010110100000000000000000000000101100000000000000000000000000000000000000000000000000000000000000000010100000000100100000000000000110000000000000000000000000000000000000000000000000
000000000000000000000000000000000000000000000110110000000000101100000000000000000000000010100010000000000000000000000000000000000000000000000000000000000000000010100000000100100000000000000000000000000000000000000000000000000000000000000000
000000000000000000000000000000010000000000000110100000000000011000100000000000000000001011110010000000000000000000000000000000000000000000000000000000000000000010000000000000000000000000000000000000000000000000000000000110000000000000000000
000000000000000000000000000000010000000000000110110000000000010001100000000000000000001001100110000000000000000000000001100000000000000000000000000000000000000000000000000000000000000110000000000000000000000000000000001001000000000000000000
000000000000000000000000000000010000000000001100110000000000000000000000000000000000000110011000000000000000000000000001100000000000000000000000000000000000000000000000001100000000000110000000000000000000000000000001011101000000000000000000
000000000000000000000000000000000000000000001001000000000000000000000000000000000000000010010000000000000000000000000000000000000000000000000000000000000000000000000000010010000000000110000000000000000000000000000001101110000000000000000000
000000000000000000000000000000000000000000001000000000000000000000000000000000000000000000110000000000000001100000000000000000000000000000000000000000000000000001100000001010000000000000000000000111000000000000000001011110000000000000000000
000000000000000000000000000011000000000000001001000000000000000000000000000000000000000000000000000000000001100000000000000000000000000000000000000000001100000001100000000100000000000000001100001001000000000000000000001110000000000000000000
000000000001100000000100110000100000000000001101100000000000000000000000000000000000000000000000000000000000000000000000000000000000000111000000000000010010000000000001000000000000000000010100001001000000000000000000011011000000000000000000
000000000001100000001100110000100000000000000101000000000000000000000000000000000000000000000000000000000000000000000000000000000000001101100000000000001100000000000101000000000001100000011000000110000000000000000000011000000000000000000000
000110000000000000010000000111000000000000000101000000000000000000000000000000000000000000000000000000000000000000000000000000000000001101010000000000000000000000000111000000000001100000000000000000000000000000000000001000000000000000000000
000100110000000000011010110000000000000000000000000000000000000000000000000000000000010000000000000000000000000000000000000000000000000100010000000000000000000000000000000000000000000000000000000000000000000110000000011010000001000000000000
001101000000000001110000010000000000000000000111000000000000000000000000000000000000011000000000000000000000000000000000000000000000000100100000000000000000000000000000001000000000000000000000000000000000001101000000000010000001000000000000
001010000000100000000011100000000000000000000000000000000000000000000011100000000000001100000000000000000000000000000000000001000010000011100000000000000000000000000000010100000000000000010100000000000000011001000000011010010001000000000110
001110000000100001001010000000000000000000000000010000000000000000000000000000000000000000000000000000000000000000000000000010000101000000000000100000000000000000000000011000000011000000101011000000000000000010000000011001010000000000000110
000111100000100000101100000000000000000000000000010000000000000000000000000000000111000000100000000000000000000000000000000100000011000000000000100000000000000000000000000000000100100010100101000000000000000000000000000000100000000010010010
000110010000000000001010000000000000000000010000010000000000000000000000000000010101100000010000000000000000000000000000001100000111000000000000100000000000000000000000000000000101000100001100000000000000000100000000000000000000000101110000
000010100000000000000000000000000000000001100100000000110000000000000000000001100000100011000100000000111000000000000000011100000000000000000000000000000000000000000000000000000010000100000110000000000011010100000000000000000000000101100001
100001000000000000010110000000000000000010000100000000110000000000000000000000000011000100101110000000000000000000000000001001000000011000000000000000000000000000000000000000000000000100110010000000000010000100000000000000000000000010001010
000000000000000000110100000000000000000000000000000000000000000000000000000000000000001000000010000000000000110000000000000111011000111100000000000000000000000000000000000000000000000110010100000000000100000100000000110000000000000000000111
000000000000000000011100000000000000000100001100000000000000000000000000000000000000001000000000000000000000110000000000000010110100000100000000000000000000000000000000000000000000000000000000000000000111101000000000111000000000000000000010
000110000000000000000000000000000000000000000000000000010000000000000000000000000000000100100000000000000000000000000000000000010110100000000000000000000000000000000000000000000000000000000000000000000000110110000000110000000000000000000000
000001000000000000000000000000000000000000010000000000101000000000000000000000000000000010100000000000000000000100001110000000000110110000000000000000100000000000000000000000000000000000000000000000000000010110000000010110000000000000000000
000110000000000000000000000000000000110001001100000000101000000000000000000000000000000101010000000000000000000100000000000000000000011100000000000000100000000000001110000000000000000000000000000011100001000110000000001110100000000000000000
000000000000000000000000000000000001001000001000000000010000000000000000000000000000000110110000000000000000000100000000000000000011001110000000000000000000000000000000000000000001000000000000000101011011011000000000001010000000000000000000
000000000000000001100000000000000001010000010000000000000000000000000000000000000000000111110000000000000000000000000000000000000011100000000000000010101000000000000000000000110010100000000000001010000000010000000000000100000000000000000000
000000000000000010100000000000000000100000001100000000000000000000000000000000000000000000111000000000000000000000000000000000000010100000000000000011111000000000000000000000110010100000000000010110000011000000000000001000000000000000000000
000000000000000011000000000000000000000000000000000000000001100000000000000001000000000001001000000000000000000000000000000010000001100000000000001101110110000000000001000000000001000000000000010110000011000110000000000100100000000000000000
000000000000000000000000000000000000000000000000000001100000110000000000000010100000000000110000000000000000000000000011001101100000010000000000000110101100000000000010100000000000000000000000011100100100001001000000000011000000000000000000
000000000000000000000000000000000000000000000000000000100000110000000000000001100000000000000000000000000000011000000011000101000110011000000001101111011110110000000010100000000000000000000001100000100000000001000000000000000000000000000000
000000000000000000000000000000000000000000000000000010001110100000000000000000000000000000000000000000000000011000000000000010000011000000000000000110101100000000000001000000000000000000000000000000000000000001000000000000000000000000000000
000000000001100000000001000000000000000000000000000001111100000000000000000000000000000000000000010000000000000000000000000000000001110000000000001101110110000000000000000001100000000000000100000100010001001010000000000000000000000000000000
000000000001100000000001100000000000000000000000000000001000000000000000000000000000000000000000010000000000000000000000000000000000100000000000000011111000000000000000000001100000000000000100000100001001000000000000000000000000000000001100
000000000000000000000010100000000000000000000000000000000000000001110000000000000000000000000000010000000000000000100000000001100000000000000000000010101000000000000000000000000001000000000100000100000101000000000000000000000000000000001100
000000000000000000000000000000000000000000000000000000000000000100000000000000000000000000000010000000000000000011110001100001110000000000000000000000000000000000000000000000000010100000000000000000000000000000000000000000000000000000000000
000000000000000000000000000000000000000000000000000000000000011000010000000000000000000000000101100000000000000101000001000000011000000000000000000000100000001100011000000000000001100000000001110000000000000000000000000000000000000000000000
000000000000000000000000000000000000000000000110000000000000010000100000001100000011100000000100110000000000001001000010000000011000000000000000000000100000010110011000000000000000000000000000000000000000000000000000000000000000000000000000
000000000000000000000000000000000000000000000110000000000000000110000000001100000000000000000000101100000000000100110000010000000000000000000000000000000001101100000000000000000000000000000000000000000000000000000000000011100000000000000000
000000000000000000000000001000000000000000000000000000000000000000000000000000000000000000000001101100000100000011110010100000000000000000000000000000000000010000000000000000000000000000000000000000000000000000000000000010100000000000000000
000000000000000000000000110100000000000000000000000000000000000000000000000000000000000000000000100100000111000000110110100000000000000001000000000000000000000000000000000000000000000000000000000000000000000000000000000110100000000000000000
000000110000000000000000000000110000000000000000000000000000110110000000000000000000000000000000011000000011000000000110000000000000000001000000000000000000000000000000110000000000000000000000000000000000000000000000000000000000000000000000
000000110000000000000000100001001000000000000000000000000010000001000000000000000000000000000000000000000000000000000110011100000000000001000000000000000000000000000000110000000000000000000000000000000000000000000000000000000000000000000000
000001000000000000000000101001000000000000000010000000000011101100000000000000000000000000000000000000000000000000010110001110000000000000000000000000000000000000000000000000000000000000000000000011000000000000000000000000000000000001100000
000010110000001000000000000011100000000000000101000000000001010000000000000000000000000000000000000000001000000000111111001010000000000000000000000000000000000000000000000000000000000000000000000011000000000000000000000000000000000010010000
001100001000011000010000000000000000000000001001000000000000000000000000000011000000000000000000000000010110000001101100111100000000000000000000000000000000000000000011000000000000000000000000000000000000000000000000000000000000000001100000
000010111100110000111000000000000000000000011011000000000000000000000000000010100000000000000000000000110110000000111000011000000000000000000000000000000000000000000100100000000000000000000000000000000000000000000000000000000000000000000000
000001000100011000110100000000000000000000001011000000000000000000000000000001000000000000000000000001000000000000010000000000000000000000000000000000000000000000000011000000000000000000000000000000000000000000000000000000000000000000000000
000000111001010010110110000000000000000000000000000000000000000000000000000000000000000000000000000000000000000000000000000000000000000000000000000000000000000000000000000000000000000000000000000000000000000000000000000000000000000000000000
000000100000001010111100011100000000000000000100000000000000000000000000000000000000000000000000000111000000000000000000000010000001110000000000000000000000000000000000011100000000000000000000000000000000000000000000000000000000000000000000
000000000001100000000000000000010000000000000011000000000000000000000000000000000110000000000000000010001110000001000000000101000000000000000000000000000000000000000000011100000000000000000000000000000000000000000000000000000001000011100000
000000000000000000110000000000101100000000000000000000000000000000000000011000001001000000000000000001001100000011100000000100100000000000000000000000000000000000000000000000010000000000000000000000000000000000000000000000000001101000100000
000000000000000000100000000001000110000000000000000000011100000000000001101100000110000000000000000001001000000110010000110000000000000000000000000000000000000000000000000000101000000000000000000000000000000000000000000000000001100000010000
000000000000000000000000000000110101000000000000000000000000000000000001110000000000000000000000000000110000000011100000100001000000000000000000000000000000000000000000000000010000000000000000000000000000000000000000000000000000100001100000
000000000011000000000000000000111001100000000000000001000001000000000001101100000000000000000000000001000000000000000000010010000000000000000000000000000000000000000000000110000000000000000000000000000000000000000000000000000000000111000000
000000000001100000000000000000000011000000000000000001000001000000000000011000000000000000000000000000000100000000000000000000000000000000000000000000000000000000000000000110000000000000000000000000000000000000000000000000001000000000000000
000000000101000000000000000000000010000000000000000001000001000000000000001000001110000000000000000000100101000000000000000000000000000000000000000000000000000000000000000100000000000000000000000000000000000000000000011000010100000000000000
000000000111000000000000000000000110000000000000000000000000000000000000000000000110000000000000000000000010000000000000000000111100000000000000000000000000000000000000011100000000000000000000000000000000000000000000100100100000000000000000
000000001001000000000000000000000110000000000000000000011100000000000000000000000000000000000000000000000110000000000000000001101100000000000000000000000000000000000000010000000000000000000000000000000000000000000000100100010010000000000000
000000000110001011000000000000001110000000000000000000000000000000000000000000000000000000000000000000000111000000000000000001101110000000000000000000000000000000000000000000000000000000000000000000000000000000000000011000100010100000000000
000000000000011111000000001100011010000000000000001000000000000000000000000001000000000111000000000000000001000000000000000000000010000000000000000000000000000000000000000000000000000000000000000000000000000000000000000000010000010000000000
000000000000110001000000000100110011000000000000010010000000000000000000000000000000000011100000000000000011100000000000000000011010000010000001100110000000000000000000000000000000000000000000000000000000000000000000000000010000001100000000
000000000000010010000000011010011111000000000000010010000000000000000000000000000000000000000000000000010000000000000000000000010000000111000001100110000000000000000000000000000000000000000000000000000000000000000000000000000010000010000000
000000000000001110011000110110001110000000000000000100000000000000000000000000000000100000000000000000010000000000000000000000001010001100110000000001000000000000000000000000000000000000000000000000000000000000000000000000000001010100000000
000000000001001001000100110110000100000000000000000000000000000000000000000000000001010000000000000000010000100000000010000000000010000001110000011100001100000000000000000000000001100000000000011100000000000000000000000000000000001000000000
000000000010100101000000001000000000000000000000000000000000000000000000000000000001010000000000000000000110000000000111000000000010000000101000011000010010000000000000000000110011010000000000100100000110000000000000000000000000000000000000
000000000000000000001000000000000000000000000000000000000000000000000010000000000000100000000000000000000000000000000101000000000000000000001110011011001100000000000000000110111100010000000001000100001001000000000001110000000000000000000000
000000000000000000110000000000000000000000000000000000111000110000000010000000000000000000000000000000000000000000001100000000000000000000000100000011000000000000000000000001110110001000000010000000000101000000000000000000000000000000000000
000000000000000010000000000000000000000000000000000000101000100000000010000000000000000000000000000000000000000000001100011000000000000000000001100000000000000000000000000000000011000100000010010000000010000000000000000000000000000000000000
000000000000000000000000000000000000000000000000000001100000000000000000000000000000000100000000000000000000000000000110110000000000000000000010100000000000000000000000000000000001000110000010100010100000000000000000000000011000000000000000
000000000100000000000000000000000000000010000000000011001100001100000000000000000000001110000000000000000000000000000110110000000000000000000011010000000110000000000000000000000000000001000000000100010000000000000000000000011000000000000000
000000000000000000000000000000000000000010000000000001001101101000000000000000000000010111000000111000000000000000000111100000000000000000000000000000111110000000000000000000000000011010100000000100100110000000000000000000000000000000000000
000000010010000000000011000000000000000010000000000000110100111000000000000000000000110001100000010000000000110000000011000000000000000000001111000011111110000000000000000000000000010000111000000010101001000000000000000000000000000100000000
000000001100000011100100100000000000000000000000000000011000010000000000000000000000010010110001101100000001001000000000000000000000000000001011000010010000000000000000000000000000001111111100000000100001000000000000000000000000010010000000
000000000000000000000011000000000000000000000000000000001000000000000000000000000000011111100001101100000000110000000000000001100000000000001000000111000000000000000000000000000000000100000010000000010010000000000000000000000000010010000000
000000000000000000000000000000000000000000000000000000000000000000000000000000000000000111000000000100000000000000000000000010100000000000000010000101000000000000001100000000000000000001111100000000011000000000000000000000000000001000000000
000000000000000000000000000000000000000000000111000000000000000110001110000000000000000000000010010100000000000000000000000011000000000000000100000010000000000000001010000001100011100000111000000000101100000000000000000000000000000000000000
000000000000000000000000000000000000000000001000000000000000001000011110000000000000000000000011000011000000000000000000001100000000000000001100000000000000000000000100000010110000010000000000000000111000000000000000000000000000000000000000
000000000000000000000000000000000000000000001010000000000000001000000000111000000000000000000000101001000000000000000000010100011000000000000000000000000000000000000000000000110110010000000000000000010000000000000000000000000000000000011000
000000000000000000000000001100000000000000000010000000000000000100010011110001000001100100000000100000000000000000000000011000011000000000000011100000000000000000000000000000000000000000000000000000000000000000000000000000000000000000011000
000000000000000000000000000100000010000000011100000000000000000010000001111010100011000100000000110110000000000000000000000000000000000000000000100000000000000000000000000000010001010000000000000000000000000000000000000000000000111000000000
000000000000000000000000000000000010000000100100000000000000000000001100110111000011000000000000110110000000000000000000000000000000110000000011000000000000000000000000000000001000011000000000010000000000000000000000000000000001100010000000
000000000000000000000000001000000010000001110000000000000000000000001100000110000001110000000000001000000000000000000000000000000001001000000000000000000000000000000000000000000111010000000000100000110000000000000000000000000001000000000000
000000000000000000000000001000000000000001000001000000000000000000001110000010000001100011100000011100000000000000001100000000000001001000000000000000000000000000000000000000011011100000000000111001010000000000000000000000010101110001000000
000000000000000000000000000000000000000001011101000000000000000000000000000110010001000000000000000000000000000000010010000000000000110000000000000000000000000000000000000000000100000000000000010001010000000000000000000000101000001010000000
000000000000000000000000000000000000000001101000000000000000000000000000001111110000000000000000000000000000000000001100000000000000000000000000000000000000000000000000000000010100000000000000001110000000000000000000001010111110000100000000
000000000000000000000000000000000110000000000110000000000000000000000000000010010000000000000110000000000000000000000000000000000000000000000000000000000000000000000000000000000000000000000000000100000000000000000000011000011010000000000000
011000000000000000000000000001011010000000010000000000000000000000000000100001000000000000000110000000000000000000000000000000000000000000000000000000000000000000000000000000000000000000000000000000000000000000000000100010000010000000000000
100100000000000000000000000111010100000000011010100000000000000000000001010000000000001100000000000000000000000000000000000000000000000000000000000000001100000000000000000000000000000000000000000000000000110000000000011011101100000000000000
110100000000000000000000001111101000000000011010100000001100000000000011011000000000001100000000000000000000000000000000000000000000000000000000000011110110000000000000000000000000000000000000000000000001100000000000000011101100000000000000
011000000000000000000000001011110000000000001101110000010100000000000000000000000000000000000000000000000000000000000000000000000000010000000100000111100011000000000000000000000000000001000000000000000000010000000000000010000000000000000000
000000000000000000000000000100000000000000000100100000001000000000000000000000000000000000000000000000000000000000000000000000000000101000001110000000011110000000000000000000000000011111000000000000000000000000000000001110000000000000000000
000000000000000000000000000100110000000000000011000000000000000000000000000000001110000110000001010000000000000000000000000000000000101000000010000000001100000000000000011100000000101100000100000010000000000000000000010010000000000000000000
000000000000000010000000000001000000000000000000000000000000000000000001100000011001000110000010100000000000000000000000000000000000010000000000000000000100000000000000010100000000011111010011000111000000000000000000001100000000000000000000
000000000000000010000000000000000000000000000000000000000000000000000001100000110100100000000110010000000000000000000000000000000000000000000000011000100000000000000001000000000000000001000100000101100000000000000000000000000000000000000000
000000000000000010000000000000010000000000000000000000000000000000000000000000011001000000000100000000000000000001100000000000000000000000000000011000110000000000000001000001100000000111000000000000100000000000000000000000000000000000110000
000000000000010000000000000000010000000000000000011100000000000000000000000110001110000011100100000000000000000001100000000000000000000000000000110100000000000000000001000101100000001010000000000000111000000000000000000000000000000000100100
000000000000101000000000000000010000000000010000000000000000110000000000000101000000000011111110000000000000000000000000000000000000000000000000001100000000000000000000011111000000000000000000000000000000000000000000000000000000000000000011
000000000000101000000000000000000000000000001000010000000000110000000000000010000000001100000011100000000000000000000000000000110000000000000010111000000000000000000000000000000000000110000000000000000000000000000000000000000000000001101011
100000000000010000000000000000000000000000010000010010000000000000000000000000000000010100100001000010000000000000000000000000110000000000000111100000000000000000001011010000000000000000000000000000000000000000000000000000000000000000001000
000000000000000011000000000000000010000000000000001010000000000000000000010000000000000011100000000010000000000011100000000000000000000000000111000000000000000000001000010000000000000000000000000000000000000000000000000000000000000001001011
000000000000000011000000000110000101000000000000000000000000000000000000010000000000011100000000011110000000000000000000000000000000000000000000000001100000000000001011010000000000000000000000000000000000000000000000000000000000000000100000
000000000000000000000011000101000110000000000000000000000000000000000000010000000000000000000000101000000000000000000000000000000000000000000000000001100000011000000000000000000000000000000000000000000000000000000000000000000000000000000000
001100000000000000000011000010000000000000000000000000000000000000000000000000000000000000000000101000111000000000000000000000000000000000000000000000000000011000000000011111000000000000000000000000000000000000000000000000000000000000000000
000010000000000000000000000000000000000000000000000000000000000000000000000000000000000000000000010000000000000000000000000000000000000000000000000000000000000000000001000101100000000000000000000000000000000000000000000000000000000000000001
000000000000000000000000000000000000000000000000000000000000000000000000000000000000000000000000000000000000000000000000000000000000000000000000000000000000000000000001000001100000000000000000000000000000000000000000000000000000000000000001
001000000000000000000000000000000000000000000000000000000000000000000011000000000000000000000000000000000000000000000000000000000000000000000000000000000000000000000001000000000000000000000000000000000000000000000000000000000000000000000001
000001000000000000000000000000000000000000000000000000000000000000000101000000000000000000000000000000000001000000000000000000000000000100000000000000000000000000000000010100000000000000000000000000000000000000000000000000000000000000000000
000111000000000000000000100000000000000000000000000000000000000000000000000000000000000000000100000000000010100000000000000000000000001010000000000000000000000000000000011100000000000000000000000000000000000000000000000000000000000000000000
000000000000000000000001000110000000000000000000000000000000000000000001000000000000000000000100000000000010100000000000000000000000001010000000000000000000000000000000000001110000000000000000000000000000000000000000000000000000000000000000
000000000000000000000000000110000011000000000000000000000000000000001100000000000000000000000100000000000001000000000000000000000000000100000000000000000000000000000000000000001000000000000000000000000000000000000000000000000000000000000000
100000000000000000000000100010000011000000000000000001000000000000000000000000000000000000000000000000000000000000000000000000000000000000000000000000000000000000000000000100000000100000000000000000000000110000000011000000000000000000000001
001010000000000000000000111110000000000000000000000010100000000000000000000000000000000000000000000000000010000100000000000000000011000000011000000000000000000000000000000000011000100000000000000000000000110000000101000000000000000000000000
101010000000000000000000111110000000000000000000000010100000000000000000000000000000000000000000000000000011110100000000000000000100100000100100000000000000000000000000000110000000010000000000000000000000000000000100000000000000000000000001
000000000000000000000000000000000000000000000000000001000000000000000000000000000000000000000000000000000000100010000000000000000011000000011000000000000000000000000001100000000111100000000000000000000000000000000111001000000000000000000000