000000000000000000000000000000000000000000000000000000000000000000000000000011000000000000000000000000000001111110000000000000000000000000000000000000000000000000000010000000000100000000000000000000000000000000000010000100000000000000000000
000000000000000000000000000000000000000000000000000000000000000000000000000011000000000000000000000000000000101000000000000000000000000100000000000000000000000000000001000000000100100000010000000000000000000000000000100100000000000000000000
000000000000000000000000000000000000000000000000000000000000000000000000011000100000000000000000000000000000000000000000000000000000001010000000000000000000000000000001110000000000100000010000000000000000000000010000011000000000000000000000
000000000000000000000000000000000000000000000000000000100000000000100000100011000000000000000000000000000000000000000000000000000000001010000000000000000000000000000000000000000101000000010000000000000000000000010000000000000000000000000000
000000000000000000000000000000000000000000000000000001110100000001110000010011000000000000000000000000000000000000000000000000000000000100000000000000000000000000000000000000000110000000000000000000000000000000010000000000000000000000001100
000110000000000000000000000000000000000000000000000010000010000011000000000000000000000000000000000000000000000000000000000011000000000000000000000000000000000000000000000000000000000000000000000000000011000000000001100000000000000000010100
000110000000000000000000000000000000000000000000000100001000000000000100000000000000000000000000000000000000000000000000000011000000000000000000000000000000000000000000000000000000000000000000000000000100100000000000000010000000000000011000
000000000000000000000000000000000000000000000000000100010000000000000111000000000000000000000000000000000000000000000000000000000000000000000000000000000000000000000000000000000000000000000000000000000011000000000000000110000000000000000000
000000000000000000000000000000000000000000000000000010000000000001011010000000000000000000000000000000000000000000000000000000000011000000000000000000000000000000000000000000000000000000000000000000000000000000000000011001000000000000000000
000000000000000000000000000000000000000000000000000001100000000000011100000000000000000000000000000000000000000000000000000000000011000000000000000000000000000000000000000000001000000000000000000000000000000000000000001011111100000000000000
000000000000000000000000000000000000000000001100000000111010000010010000000000000100000000000000000000000000000000000000000000000000000000000000000000000110000000000000000000001001111000000000000000000000000000000000001010100100000000000000
000000000000000000000000000000000000000000001100000000011100000010010000000000000110000000000000000000000000000000000000000000000000000000000000000000000110000000000000000000001001100110000000000000000000000000000000111100001100000000000000
000000000000000000000000000000000000000000000000000000000000000001100000000000000111000000000000000000000000011000000000000000000000000100000000000000000000000000000000000000000000001100000000000000000000000100000000110100110000000000000000
000000000001000000000010000000000000000000000000000000000000000000000000000000000001000000000000000000000000100100000000000000000000000100000000000000000000000000000000000000000000000000000000000000000000001100000000001100000000000000000000
000000000010100000000101000000000000000001000000000000000000000000000100000000000011010000000000000000000000011000000000000000000000000100000000000011000000000011100000000000000000000000000000000000000000000110000000001100000000000000000000
000000000011000000000010000000000000000001000000000000000000000000001010000000000000000000000000000000000000000000000000000000000000000000000000000011000000000000000000000000000000000000000000000000000000000011010000000000000000000000000000
000000000000000000000000000000000000000001000000000000000000000000000010000000000001110000000000000000000000000000000000000000000000000000000000000000000000001000001000000000100000000000000000000000000000000011100000000000000000000000000000
000000000000000000000000000000000000000000000000000000000000000000011011000000000001110000000000000000000000000000000000000000000000000000000000000000000000001000001000000000100000000000000000000000000000000000000000000000000000000000000000
000000000000000000000000000000000000000000000100000000001110000000100011000001000110010000000000000000000000000000000000000000000001100000000000000000000000001000001000000000010000000000000000000000000000000000000000000000000000000000000000
000000000000000010000000000000000000000000001100000000000101000000100001000001000000110100000000000000000000000000000000000000000000000000000000000000000000000000000000000000000000011000000000000000000000000000000000000000000000000000000000
000000000000000101000000000000000000000000001100001111100101100000100010000000100000100101000000000000000000000000000000000000000100000000000000000000000000000011100000001000100001000010000000000000000000000000000000000000000000000000000000
000000000000001001000000000111000000000000011000001001110011110000000000000000000000101101000000000000000000000000000000000001111100000000000000000000000000000000000000010000000010000010000000000000000000000000000000000000000000000000000000
000000000110000110000000000000000000000000001110001110111011100000110000111000000000101010000000000000000000000000000000000001000001000000000000000000000000000000000000110000000100100010000000000000000000000000000000000000000000000000000000
000000000110000000000000000000000000000000001110000000010011100000100001110100000001000100000000000000000000000000000000000000111100100000000000000000110000000000000001110000000011000000000000000000000000000000000000000000000000000000000000
000000000000000000000000000000000000000000000000010000000001100000000101000100000000100110000000110000000000000000000000000001110000010000000000000000110000000000000001101010000000000000000000000000001110000000000000000000000000000000000000
000000000000000000000000000000000000000000000000111011110000101110001100000000000000110110000001001000000000000000000000000001100100100000000000000000000000000000000001101010000000000000000000000000011011000000000000000000000000000110000000
000000000000000000000000000000000000000000000000111100010000000000000000000000000000001100000000110000000000000000000000000010110000000000000000000000000000000000000001101100000000000000000000000000011001000000000000000000000110000110000000
000000000000000000000000000000000000000000000000011001100000000000000000000000000010010000000000000000000000000000000000000010101000010000110000000000000000000000000000100100000000000000000000000000000110000000000000000000000110000000000000
000000000000000000000000000000000000000000000000010101100000000010100000000000000111000000000000000000000000000000000000000010011000000001101000000000001110000000000000101000000000000000000000000000000000000000000000000000000000000000000000
000000000000000000000000000011000000000000000000000000111000000010010000000000000111000011100000000000000000000000000000000000100101010000001100000000000000000000000100011000000000000000000000000000000000000000000000000000000000000000000000
000000000000000000000000000011000000000000000000000000011000000000110000000000000000000000000000000000000000000000000000000100010001100001100100000011000000000000000100011000000000000001000000000000100000000000000000000000000000000000000000
000000000000000000000001110000000000000000000000000000010000000110110000000000000000001000001000000010000000000000000000000000001000100000111000000111000000000000000100010000000000000001000000000001010000000000000000000000000000000000000000
000000000000000000000000000000000000000000000000000000000001000110100000000000000000001000001000001100000000000000000000000001100000010001011000000100100000000000000000101000000000000001000000000001100000000000000000000000000000000000000000
000000000000000011000000000000000000000000000000000000000010100001000000000000000000001000001000000110000000000000000000000000000010000000000001000011000000000000000001001000110000000000000000000000000000000000000000000000000000000000000000
000000000000000011000000000000000000000000000000111000000010100000000000000011100000000000000000000000000000000000000000000000000001100000000110000000000000000000000000110001001000000000000000000000000000000000000000000000000000000000000000
000000000000000000000000000000000000011100000000000000000001000000000000000000000000000011100000110000000000000000000000011000000000000000000011000000000000000000011100000010001000000000000000000010100000000000000000000000000000000000000000
000000000000000000000000011000000000000010000000000000000000000000000000000000000000000000000001001000000000000000000000011000000000000000000000100000000000001100010100000110110000000000000000000000100000000000000000000000000000000000000000
100000000000000000000000100100000110110010000010000000000000000000000000000000000000000000000000110000000000000000010000011000000000000000000001100000000000001100100110000010001000000000000000000011100000000000000000000000000000000000000001
100000000000000000000000011000001001001100001101100000000000000000000000000000000000000000000000000000000000001100000000000000000000000000000000110000000000000000110110000000100100000000000000000000000000000000000000000000000000000000000001
110000110000000000000000000000000110000000001100000000000001100000000000000000000000000000000000000000000000010011000001000000000000000000000000000000000000000000000110000000000010000000000000000000000000000000000000000000000000000000000001
000000110000000000000000000000000000000000000110100000000001100000000000000000000000000000000000000000000000010010000100100000000000000000001100000000000000000000000110000000010001000000000000000000000000000000000000000000000000000000000000
000100000000000000000000000000000000000000000001000000000000000000000000000000000000000000000000000000000000001100001100100000000000000000001010010000000000000000000101110000001111100000000000000000000000000000000000000000000000000000011000
111100000000000000000000000000000000000000000000000000000000000000000000000000000000000000000000000000000000000000000100000000000000000000000110001000000000000000001000010000000100100000000000000000000000000000000000000000000000000000000001
001000000000000000000000000000000000000000000000000000000000000000000000000000000000000000000000000000000000000000000000000000000000000000000000010000000001000000001101100000000011000000000000000000000000000000000000000000000000000000000001
000000000000000000000000000011100000000000000000010000100000000000000000000000000000000000000000010000000000000000000000000000000000000000000100001100000001000000000010000000000000000000000000000000000000000000000000000000000000000000000000
000000000000000000000000000000000001110000000000110011000000000000000000000100000000000000000000010000000000000000000000000000000000000000000100101010000001000000000000000000000000000000000000000000000000000110000000000000000000000000000000
000000000000000000000000000000000001010000000001000000111100000000000000001010000000000000000000010000000000000000000000000000000000000000000011100000000000000000001000000000000000000000000000000000000000000110000000000000000000000000000000
000000000000000000000000000000000100010000000000110000001100000000000000000110000000000000000000000110000000000000000000000000000000010000000000111001000000000000001000000000000000000000000001000000000000000000000000000000000000000000000000
000000000000000000000000000000000101100000000000010000010010000000000000000000000000000000000111001010000000000000001100000000000000010000000000001011000000000000001000000000000001100000000010100000000000000000000000001100000000000000000101
011000000000000000000000000000000111001000000000000000001100000000000000000000000000000000000000000000000000000000010010000000000000010000000000000000000000000000000000000000000011000110000100100000000000000000000000001100000000000000000001
001000000000000000000000000000000000001000000000000000001000000000000000000000000000000000000000000000000000000000001100000000000000000000000000000000000000000000000000000000000000000000000011000000000000000000000000000000000001000000000000
100100000000000000000000000000000000000000011100000000000000000000000000000000000000000000000000000010000000000000000000000000000000000000000000000000000000000000000000000000000000111100000000000000110000000000000000000000000001000000000010
001100000000000000000000000000000000000000000000000000010000001100000000000000000000000000000000010010000000000000000000000000000000000000000000000010000000000000000000000000000000011000000000000000110000000000000000000000000001000000000000
100000000000000000000100000000000000000000000001000000111000011110000000000000000000000000000000010010000000100000000000000000000000000000000000000101000000000000000000000000000000010000000000000000000000000000000000000000000000000000000001
000000000000000000000100000000000010000000000001000000110000000001000000000011000000000000000110010100000001010000000000000000000000000000000000000101000000000000000000000000000000000000000000000000000000000000000000000000000001100000000000
000000000000000000000100000000001101100000000001000000010001101011000000000011000000000000010010000000000001010000000000000000000000000000000000000010000000000000000000000000000000000000000000000000000000000000000000000000000111011000000000
000000000000000000000000000000001101100011100000000000001000001000000000000000000000000000001110000000000000100000000100000000000000000000000000000000000000000000000000000000000000000000000000000000000000010000000000000000000000000000000000
000000000000000000000000011000000000000011100000000000000000001000000000000000000000000000000000000000000000000000001010000000000000000000000000000000000000011100000000000000000000000000000000010000000000010000000000000000000111000100000000
000000000000000000000000100100000000000110010000000000000001110000000000000000000000000000000000000000000000000000010010001100000000000000000000000000000000000000000000000000000000000000000000010000000000000000000000000000010000000100000000
000000000000111000011000011000000000011011100000000000000000000000000000000000000000000011011000000000000000000000001100010010000000000000000000000000000000000000000000000000000000000000000000010000000000000000000000000000001001000100000000
000000000000000000010100000000000010000011000000000000000000000000000000000000011100000100000100000000000000000000000000010100000000000000000000000000000000000000000000000000000000000000000000000000000000110000000000000000000000111000000000
000000000000000000001000000000110001000011000000000000000000000000000000000000000000001000000010000000000000000000000000001000000000000000000000000000000000000000000000000000000000000000000000000000000000101000000000000001011101110000000000
000000000000000000000000000001101001001100000000000000001000000000000000000000000000001010011010000001000000000100000000000000000000000000000000000000000000000000000000000000000000000001100000000000000000010000000000000000000001100000000000
000000000000000000000000000000100001110000000000000000001000000000000000000000000000000001000100000011100000001110000000000000000000000000000000000000000000000000000000000000000000000010010000000011000000000000000000000001000000010000000000
000000000000000000000000000000100011110000000000000000011100000000000000000000000000000011000000000110100000011111000000000000000000000000000000000000000000000011000000000000000000000010100000000100100000000000000000000000100100001000000000
000000000000000000000000000000010010111000000000000000000000000000000000000000000000000001100000001100000000110001100000000000000000000000000000000000000000000011000000000000000000000001000000000100100110000000000000000000001000110000000000
000000000000000000000000000000000000110110000000000000000000000000000000000000001100000000000000000110100001100000110000000000000000000000000000000000000000000000000000000000000000000000000000000011000100000000000000000000000000100000000000
000000000000000000000000000000000000001110000000000000011100000000100000000000010010000000000000000011100000101010100000000000000000000000000000000000000000000000000000000000000000000000000000000000001010000000000000000000000000000000000000
000000000000000000000000000000000000000110000100000000001000000001010000000000010100000000000000000001000000000000000000000000000000000000000000000000000000000000000000000000000000000000000000000000011100000000000000000000000000000000000000
000000000000000000000000000000000000011000000100000000001000000001010000000000001000000000000000000000000000011011000000000000000000000000000000000000000000000010000000000000000000000000000000000000011100000000000000000000000000000000000000
000000001100000000000000000000000000100100000100000000000000000000100000000000000000000000000000000000000000001110000000000000000000000000000000000000000000000010000100000000000000000000000000000000000000000000000000000000000000000000000000
000000001100000000000000000000000000101000000000000000000000000000000000000000000000000000000000000000110000000100000000000000000000000000000000000000000000000010001010000000000000000000000000000000000001111100000000000000000000000000000000
000000000000000000000000000000000000010000000000000000110000000000000000000000000000000000000000000000110000000000000000000000000000000000000000001000000000000000001001000000000000000000000000000000000001110110001000000000000000000000000000
000000000000000000000000000000000000000000000000000000110000000000000000000000000000001110000000000000000000000000000000000000000000000000000000010100000000000000000110000000000000000000000000000000000001001100010001000000110000000000000000
000000000000110000000000000000000000000000000011000000000000000001000000000000000000001110000000001100000000000000000100111100000000000000000000100010000000000000000000000000000000000000000000000000000000000000010000100000110000000000000000
000000000000110000000000000000010000000000000000000000000000000100000000000000000010001000000000001100000000000000001100100100000000000000000000010100000000000000000000000000000000000000000000000000000000000000101000000000000000000000000000
000000000000000000000000000000101000000000000000000000000000000100001011000000000110011100000000000000000000000000000100111000000000000011000000001000000000000000000000000000000000000000000000000100000000000000010011000000000000000000000000
000000000000000000000000000000101000000000000000000000000000001000000011000000001110011100000000000000000000000000110000000000000000000011100000000010000001100000000000000000000000000000000000001010000000000000100000000000000000000000000000
000000000000000000000000000000010000000000000000000000000000010000010000110000011000000010000000000000000000000000011101000001000000000000111000000101000001100000000000000000000000000000000000000110000000000000110110000000000000000000000000
000000000000000000000000000000000000000000000000000000000000110000100010101100001110000110000000000000000000000000110100000010100000110000010000001000100000000000000010000000000000000000000000000000000000000000111000000000000000000000000000
000000000000000000000000000000000000000000000000000000000001100010101000110010000110000000000000000000000000000000000000100000010001000000001110000101000000000000000010000000000000000000000000000000001111000000010000000000000110000000000000
000000000000000000000000000000000000000000000110000000000001011000000000001100000010000000000000000000000000000000010000100011010001011000001100000010000000000000000010000000000000000000000000000000010011100000000000000000001001000000000000
000000000000000000000000000000000000000000000110000000000000001000001100000000000000000000000000000000000000000000010001000111110011001000000000000000000000000000000000000000000000000000000000000001100001000000000000000000000110000000000000
000000000000000000110000000000000000000000000000000000000000000000101000000000000000000000000000000000000000000000001110000001000001000000000011111000000000000000111000000000000000000000000000000000000110110000000000000000000000000000000000
000000001000000000110000000000000000000000000000000000000000001010001100000000000000000000000000000000000000000000000000000000000000000000000010111000000000000000000000000000000000000000000000000010001010110000000000000000000000000000000000
000000010100000000000000000000000110100000000000000000000000000000001100000000000000000000000000000000000000000000000000000000000000000000000101011000000000000000000000000000000000000000000000000001010001110000000000000000000000000000000000
000000100100000000000000000001111111110000000000000000000000000000000110000000000001100000001000000000000000000000000000000101000010000000000111110000000100000000000000000000000000110000000000000000100000000000000000000000000000000000000000
000000011000001100000000000001000000001000000000000000000000000000001000000000000010010000010100000000000000000000000000000100100010000000000001110000001010000000000000000000000000110000000000000000000000000000000000000000000000000000000000
000000000000001100000000000001001000100100000000000000000000000000101000000000000010010000011000000000000000000000000000001000100010000000000000000000011010000000000000000000000000000000000000000000000000000000000000000000000000000000000000
000000000000000000000000000000110100001000000000000000000000000000001000000000000001100000000000000000000000000000000000001000100000000000000000001000101100000000000000000000000000000000000000000110000111000000000000000000011100000000000000
000000000000000000000000011000000100110000000000011000000000000000010100000000000000000000000000000000000000000000000000001001000000000000000000011100110000001100000000000000000000000000000000000100101001000000000000000000011000000000000000
000000000000000000000000100010000100100000000000011000000000000001000010000011000000000000000000000000000000000000000000000010000000000000000000100100000110001100000000000000000000000000001000000100101011000110000000000000010000000000000000
000000000000000000000000100000000000000000000000000000000000000010100000010111000000000000000000000000000000000000011000000000000100000000000000011000000011000000000000000000000000000000011100000001000100000000000000000000011000000000000000
000000000000000000000000000000000000000000000000000000000000000010101100110001000000000000000000000000000000000000010000000000001000000000100000000000001110000000000000000000000000000000110010000000000000000000000000000000000000000000000000
000000001100000000000000001010000000000000000000000000000000000011111000110101000000000000000000000000000000000010010100000000000000000000010000000000001110000000000000000000000000000000000011000000000000000000000000000000000011000000000000
000000000100000000000000000000000000000000000000000000000000000000100000000011100000000000001000010001110000000011010100000000000000001100000000000000000000000000000000000000000000000001000101000000011000000000000000000000000110000000000000
000000010110000000000000000000000000000000011100000000000000000000000000000000000000000000011100010110001000000010010000000000000000001100000000000000001000000000001100000000000000000000000110000000011000000000000000000000000001000000000000
000100010100000000000000000000000000000000000000000000000000000000000000000011000000000000001100000110001001100000111000000000000011100110100000000000110110000000010011000000000000000100001100000000000000000000000000000000000000000000000000
000100001000000000000000000000000000000000000000000000000000001100000000000100000000000001110000110010001001100000000000000011100001100111100000000000001000000000000011000000000000101100011000000000000000000000000110000000000000000000000000
000100000000000000000000000000000000000000000000000000000000010100000000000010000000000000000000100001110000000000000000000000000000000111000000000000000000000000000011000000000001001100001100000000000000000000000101000000000000001110000000
000000000000000000000000000000000000000000000000000000000000001000000000000010000000000001000000000000000000000000000100000000011000010000010000000000000000000001001000000000000010001000000110000000000000000000000001000000000000000000000000
000000000000000000000000000000000000000000000000000000000000110000000000000000000000000000110000000000000000000000001010000100001000000011001000000011000000000000101000000001011111110001000101000000000000000000000101000000000000010011111100
000000000000000000000000000000000000000000000000000000000000110000000000000000000000000000000000000000000000000000000000001000001000000110010000000011000000000000011000000000101110000000000011000000000000000000000110000000000000001011110100
000000000000000000000000000000000000000000000000110000000000110011000000000000000000000000000000000000000000000000100000011000010000000000001000000000000000110000001100000000001100000000110010011000000000000000000000000000000000000001001010
100000000000011100000000000000000000000000001111100000000000001001000000000000000000000000000000000000000000000000000010011011000100000000000000000000000001001111010001001110001100000000011100011000000000000000000000000000000000000000100001
000000000000101110000000000000000000000000001110100000000000001110000000000000000000000000000000000000000000000011000000000000000101000000000000000000000001001110011000010110001100000000001000000000000000000000000000000000000000000000000010
010000000001100011000000000110000000000000001011000000000000000000000000000000000000000000000000000000000000000011000000000000000000000011000100000000000000010110011010000000000000000000000000000000000000000000000000000000000000000000000000
100000000001100000000000000110000000000000000100010000000000000000000000000000000000000000100000000000000000000000111000000000000011100010110100000000000000000010100000000000000000000000000000000000000000000000000000000000000000000000000100
000000100000000110000000000000000000000000000000011100000000000000000000000000000000000000100000100000000000000000101000000000000010100000010000000000000000000000010111110000000000000000000000000000000000000000000000000000000000000000000111
000001010000000000000000000000000000000000000110111111000000000000000000000000000000000000000100010000000000000000000000000000000000000000000000000000000000000000010110100000000000000000000011000000000000000000000000000000000000000100000000
000010001000000000000000000000000000000000000100111100100000000000000000000011000000000000000000000001100000000001110000000000000000000000000000000000000000000000000000000000000000000000000011000000000000000000000000000000000000001010000000
000110110000000000000000000000000000000000000011100011000000000000000111001000000000000110001001000010010000000001101000000000000000000000000000000000000000000000000000110000000000000000000000000000000000000000000000000000000000001100000000
000110000000000000000000000000000000000000000000000000000000000000001010001000000000000110000000000001010000000000001000000000000000000000000000000000000000000000110000111000000000000000000000000000000000000000000000000000000000000000000000
000110000000000000000000000000000000000000000000000000000000000000001000001000000000000001001000000000100000001110111000100000000001100000000000000000000000000000010000000000000000000000000000000000000000000000000000000000000000000000000000
000110000000000000000000000000000000000000000000000000000000000110000111100000000000001001000001010000000000000110010001000000000011000000000000000000000000000000001110000011100000000000000000000000000000000000000000000000000000000010000000
000011000000000000000000000000000000000000000000000000000000000110000000000000000000001100000000001100000000000111000000110000001001000011100000000000000000000000000110000011100000000000000000000000000000000000000000000000000000000111100000
000010000000000000000000000000000000000000000000000000000000000000000000000000000000101000000110001000000000000001000000010000000001000000000000000000000000000000000010000100000000000000000000110000000000000000000000000000000000001000011000
000000000000000000000000000000000000000000000000000000000000010000000000000000000001101100111000001000000000000000000000000000001010000000000000000000000000000000000000000100010000000000000001001000110000000000000000000000000000001010000110
000000000000000000000000000000000000000000000000000000000000111000000000000000000001101100110000011000000000000000000000000000000100000000000000000000000000000000000000000110001000000000000000110000110000000000000000000000000000000111111110
000000000000000000000000000000100000000000000000000000000001001000000000000000000000000000100000101110000000000000000000000000000000000000000000000000000000000010000000000100001000000000000000000000000000000000000000000000000000000000000100
000000001110000000000000000001110000000000000000000000000010010000000000000000011100101000110001001001000000000000000000000000011000000000000000000000000000000010000000000000010000000000000000000000000000000000000000000000000000000000000000
000000000000000011000000000010110000000000000000000000000001100000000000000000001000010000110100000001000000110000000000000000110100000000000000000000000000000000000000000010100000000000000000000000000000000000000000000000000000000011000000
000000000000000011000000000011000000000000000000000000000000000110011000000000000110000000001110000111000000110000000000000001000010000000000000000000000000000000000000000000010000000000000000000000000000000000000000000000000000000000000000
000000000000000000000000001111110100000000000000000000000000001100011000000000000001000000000110000000000000000000000000000010000010000000000000000000000000000000000000001100010000000000000100000000000000000000000000000000000000000010010000
000000000000000000000000010010000110000000000001000000000000001100000000000000000001011101000110000000000000000000000000000001011110000000000000000000000000000000000000001101010000000000001010000000000000000000000000000000000000000001110000
000000000000000000000000001000000100000000000011100000000000000000000000000000000000111100100100000000000000000000000000000000100000000000000000000000000000000000000000001001010000000000001001000000000000000000000000000000000000000000000000
000000000000000000000000000010010000000000000100000000000000010000000000000000000000011010100100000000000000000000000000000000000000000000000000000000000000000000000000001111110000000000000110000000000000000000000000000000000000000000000000
000000000000000000000000000011100000000000001000110000000000100011000000000000000000000110001010000000000000000000000000000000000000000000000000000000000000000110000000000000000000000000000000000000000000000000000000000000000000000000000000
000000000000000000000000000000000000000000001000000000000000100101100000000000000000000010010011000000000000000000000000000000000000000000000000000000000000000001000000000000000000000000000000000000000000000000000000000110000000000000000000
000000000000000000000000000000111000000000000000000000000000011001100000000000000000001000000110000000000000000000000001100000000000000000000000000000000000000000000000000000000000000110000000000000000000000000000000010001000000000000000000
000000000000000000000000000000000000000000001000010000000000000000000000000000000000000110011100000000000000000000000001100000000000000000000000000000000000000000000000001100000000001001000000000000000000000000000001000001000000000000000000
000000000000000000000000000000000000000000011000100000000000000000000000000000000000000111000000000000000000000000000000000000000000000000000000000000000000000000000000010010000000000110000000000010000000000000000011000001000000000000000000
000000000000000000000000000000000000000000011100000000000000000000000000000000000000000000110000000000000001100000000000000000000000000000000000000000000000000001100000001010000000000000000000000111000000000000000001000001000000000000000000
000000000000000000000000000001000000000000011011100000000000000000000000000000000000000000000000000000000001100000000000000000000000000010000000000000001100000001100000000100000000000000001100001001100000000000000000100000000000000000000000
000000000001100000001100110000100000000000001101100000000000000000000000000000000000000000000000000000000000000000000000000000000000001101100000000000010010000000000010000000000000000000010100001001000000000000000000000011000000000000000000
000000000001100000001100111010100000000000000101000000000000000000000000000000000000000000000000000000000000000000000000000000000000000000000000000000001100000000000101100000000001100000011000000110000000000000000000000000000000000000000000
000110000000000000010001001011000000000000000000000000000000000000000000000000000000000000000000000000000000000000000000000000000000000001010000000000000000000000000101000000000001100000000000000000000000000000000000000000000000000000000000
000001100000000000001000111010000000000000000101000000000000000000000000000000000000011000000000000000000000000000000000000000000000000100010000000000000000000000000010000000000000000000000000000000000000001110000000011000000000000000000000
001001100000000000111110010000000000000000000010000000000000000000000001000000000000010100000000000000000000000000000000000000000000000100110000000000000000000000000000001000000000000000000000000000000000010001000000000011000011100000000000
010001000000000001010111100000000000000000000010000000000000000000000001000000000000011100000000000000000000000000000000000000000010000011100000000000000000000000000000010100000000000000011110000000000000011001000000011011100000000000000110
001000000001110000011010000000000000000000000000000000000000000000000001000000000010000000000000000000000000000000000000000010000101000001000000000000000000000000000000011000000011000001101001000000000000000000000000011101010000000000001001
000000100000000000001010000000000000000000000000111000000000000000000000000000001101100000000000000000000000000000000000001110000000100000000001110000000000000000000000000000000100100001000001000000000000000000000000000000100000000011011110
000000010000000000011000000000000000000000100000000000000000000000000000000000101100100001100000000000010000000000000000010010000101000000000000000000000000000000000000000000000101000110001000000000000000001000000000000000000000000100010000
000110100000000000001010000000000000000001101000000000110000000000000000000000100000100011110110000000010000000000000000010010000010000000000000000000000000000000000000000000000010001110010010000000000011000110000000000000000000000100000001
100001000000000000110110000000000000000001000000000000110000000000000000000000000001000111001010000000010000000000000000010001100000100100000000000000000000000000000000000000000000001100110010000000000111000110000000000000000000000011000000
000000000000000000100000000000000000000000001100000000000000000000000000000000000000001100000010000000000000110000000000000100011000100100000000000000000000000000000000000000000000000110111000000000000100001100000000101000000000000000000000
000000000000000000110100000000000000000000000000000000000000000000000000000000000000001100000000000000000000110000000000000110000111100100000000000000000000000000000000000000000000000000000000000000000111101010000001001000000000000000000111
000010000000000000001000000000000000000000001000000000010000000000000000000000000000000101000000000000000000000000000100000000110000110000000000000000000000000000000000000000000000000000000000000000000010000010000000000100000000000000000000
000001000000000000000000000000000000000000001000000000101000000000000000000000000000000110110000000000000000000000000100000000001110100000000000000000000000000000000100000000000000000000000000000001000000010001000000110011000000000000000000
000010000000000000000000000000000000110000011100000000101000000000000000000000000000000100010000000000000000001110000100000000000100000010000000000000000000000000000100000000000000000000000000000011110011010010000000010000000000000000000000
000000000000000000000000000000000001001000011100000000010000000000000000000000000000001000001000000000000000000000000000000000000010000010000000000001010000000000000100000000000001000000000000000100010011011100000000001011000000000000000000
000000000000000001100000000000000001010000010100000000000000000000000000000000000000000100000000000000000000000000000000000000000100110100000000000010101000000000000000000000110010100000000000001001000100011000000000001100000000000000000000
000000000000000010100000000000000000100000001000000000000000000000000000000000000000000000001000000000000000000000000000000000000010010000000000000000000000000000000000000000110010100000000000010001000011100000000000001100000000000000000000
000000000000000011000000000000000000000000000000000000000001110000000000000001000000000001001000000000000000000000000000000111000001110000000000001000000010000000000001000000000001000000000000110001000101000110000000000111000000000000000000
000000000000000000000000000000000000000000000000000001100000000000000000000010100000000000110000000000000000000000000011001101100011011000000000010000000001000000000010100000000000000000000000010111000010000101000000000011000000000000000000
000000000000000000000000000000000000000000000000000000110100000000000000000001100000000000000000000000000000011000000011001101100111111000000000001000000010000000000010100000000000000000000000111000000000000011100000000000000000000000000000
000000000000000000000000000000000000000000000000000000000011110000000000000000000000000000000000000000000000011000000000000010000100001000000000010000000001000000000001000000000000000000000000000000000000000011000000000000000000000000000000
000000000001100000000001100000000000000000000000000001100010000000000000000000000000000000000000000000000000000000000000000000000010010000000000001000000010000000000000000001100000000000000000000000000000000000000000000000000000000000000000
000000000001100000000010100000000000000000000000000000101100000000100000000000000000000000000000111000000000000000000000000000000001110000000000000000000000000000000000000001100000000000001110001110001001100000000000000000000000000000001100
000000000000000000000000100000000000000000000000000000000000000000100000000000000000000000000000000000000000000000110000000001010000000000000000000010101000000000000000000000000001000000000000000000000010000000000000000000000000000000001100
000000000000000000000000000000000000000000000000000000000000001000010000000000000000000000000011100000000000000010010001100001001000000000000000000001010000000000000000000000000010100000000000100000000000000000000000000000000000000000000000
000000000000000000000000000000000000000000000000000000000000011000000000000000000001000000000101110000000000000100000011100000000000000000000000000000000000001110011000000000000001100000000000100000000000000000000000000000000000000000000000
000000000000000000000000000000000000000000000110000000000000010100000000001100000001000000000010001000000000001101000000000000011000000000000000000000000000110010011000000000000000000000000000100000000000000000000000000001000000000000000000
000000000000000000000000000000000000000000000110000000000000000000000000001100000001000000000000000100000000000100010001000000000000000000000000000000000000100110000000000000000000000000000000000000000000000000000000000010100000000000000000
000000000000000000000000011000000000000000000000000000000000000000000000000000000000000000000001100010000100000010000110110000000000000000000000000000000000111000000000000000000000000000000000000000000000000000000000000000110000000000000000
000000000000000000000000011000000000000000000000000000000000000000000000000000000000000000000001100100000101000000010000000000000000000000000000000000000000000000000000000000000000000000000000000000000000000000000000000110000000000000000000
000000110000000000000000110000110000000000000000000000000000000010000000000000000000000000000000011000000101000000000000011000000000000011100000000000000000000000000000110000000000000000000000000000000000000000000000000000000000000000000000
000001010000000000000000010001010000000000000000000000000010000000000000000000000000000000000000000000000000000000000001010010000000000000000000000000000000000000000000110000000000000000000000000000000000000000000000000000000000000000000000
000001000000000000000000010000000000000000000010000000000010111000000000000000000000000000000000000000000000000000110000000010000000000000000000000000000000000000000000000000000000000000000000000011000000000000000000000000000000000001100000
000111110000011000000000000011100000000000000101000000000011011000000000000000000000000000000000000000001100000001000001100010000000000000000000000000000000000000000000000000000000000000000000000011000000000000000000000000000000000010010000
000110000100101000111000000001000000000000011001100000000000000000000000000011000000000000000000000000110010000001000001100000000000000000000000000000000000000000000011000000000000000000000000000000000000000000000000000000000000000001100000
000111110100100000000000000000000000000000011000100000000000000000000000000010100000000000000000000000110110000001000100100100000000000000000000000000000000000000000100100000000000000000000000000000000000000000000000000000000000000000000000
000001000110001000000110000000000000000000011011000000000000000000000000000001000000000000000000000000100000000000111000000000000000000000000000000000000000000000000011000000000000000000000000000000000000000000000000000000000000000000000000
000001111000110000000010001000000000000000000110000000000000000000000000000000000000000000000000000001000000000000000000000000000000100000000000000000000000000000000000001000000000000000000000000000000000000000000000000000000000000000000000
000000100001010100100110001000000000000000000010000000000000000000000000000000000000000000000000000111000100000000000000000010000000100000000000000000000000000000000000010100000000000000000000000000000000000000000000000000000000000001000000
000000000000000001000000001000011000000000000010000000000000000000000000000000000110000000000000000100001010000011100000000101000000100000000000000000000000000000000000010100000000000000000000000000000000000000000000000000000001100001100000
000000000000000000110000000000111110000000000000000000001000000000000000111100001001000000000000000011010010000100100000001010000000000000000000000000000000000000000000001000010000000000000000000000000000000000000000000000000010010000110000
000000000000000000110000000001000000000000000000000000001000000000000001000100000110000000000000000001001100000100010000110000000000000000000000000000000000000000000000000000101000000000000000000000000000000000000000000000000000000001010000
000000000000000000000000000001000101100000000000000000001000000000000010000000000000000000000000000001110000000111100000100000000000000000000000000000000000000000000000000000010000000000000000000000000000000000000000000000000001100001100000
000000000011100000000000000000101100100000000000000000000000000000000001000100000000000000000000000000100000000001000000000000000000000000000000000000000000000000000000000110000000000000000000000000000000000000000000000000000000000011100000
000000000000100000000000000000010110100000000000000011100011100000000000100000000100000000000000000000000010000000000000000000000000000000000000000000000000000000000000001000000000000000000000000000000000000000000000000000001000000010000000
000000000100000000000000000000000000000000000000000000000000000000000000011000001010000000000000000000000100000000000000000000011000000000000000000000000000000000000000000000000000000000000000000000000000000000000000011000011000000000000000
000000001101100000000000000000000001000000000000000000001000000000000000000000001010000000000000000000000001000000000000000001100100000000000000000000000000000000000000010100000000000000000000000000000000000000000000100100111000000000000000
000000001001000000000000000000000001000000000000000000001000000000000000000000000000000000000000000000000000000000000000000000000000000000000000000000000000000000000000010000000000000000000000000000000000000000000000100100110001000000000000
000000000110011001000000000000010001000000000000000000001000000000000000000000000000000010000000000000000101000000000000000001101010000000000000000000000000000000000000000000000000000000000000000000000000000000000000011000110001000000000000
000000000000100000100000001100100000000000000000000000000000000000000000000000000000000100100000000000000100000000000000000000100011000000000000000000000000000000000000000000000000000000000000000000000000000000000000000000110000011000000000
000000000000100001000000010010100000000000000000011100000000000000000000000000000000000100100000000000000011100000000000000000011100000111000001100110000000000000000000000000000000000000000000000000000000000000000000000000000000001100000000
000000000000110011000000110011100000000000000000001110000000000000000000000000000000000001000000000000000001000000000000000000010000001001100001100101000000000000000000000000000000000000000000000000000000000000000000000000000000000010000000
000000000000011011001000000001010001000000000000000000000000000000000000000000000000100000000000000000111000000000000000000000000100001100010000110000000000000000000000000000000000000000000000001000000000000000000000000000000000001100000000
000000000001011001101000100010001110000000000000000000000000000000000000000000000001010000000000000000001000000000000111000000000011000001001000010100001100000000000000000000000011100000000000011100000000000000000000000000000000001000000000
000000000001000010000000011100000000000000000000000000000000000000000000000000000001010000000000000000000000000000000101000000000000000001101000100010010010000000000000000001100111010000000000110110000110000000000000100000000000000000000000
000000000000000000110000000000000000000000000000000000010000000000000000000000000000100000000000000000000000000000000001000000000000000000011010011011101100000000000000000010000001111000000001000000001001000000000000100000000000000000000000
000000000000000000010000000000000000000000000000000000101000110000000111000000000000000000000000000000000000000000000000000000000000000000001101110111000000000000000000000011000001001000000011000000000101000000000000100000000000000000000000
000000000000000000000000000000000000000000000000000000001000110000000000000000000000000000000000000000000000000000000000111000000000000000000011100000000000000000000000000000100101001110000110000000000010000000000000000000000000000000000000
000000000000000000000000000000000000000000000000000010101100000000000000000000000000001110000000000000000000000000000000000000000000000000000010010000000000000000000000000000000011000110000001000000000000000000000000000000011000000000000000
000000000000000000000000000000000000000000000000000010011110011100000000000000000000000001000000010000000000000000001000000000000000000000000011100000010010000000000000000000000000001001000000000111110000000000000000000000011000000000000000
000000000000000000000000000000000000000111000000000011000001100000000000000000000000110000100000111000000000000000000000010000000000000000000000100000000001000000000000000000000000011000100000000111101110000000000000000000000000000000000000
000000001100000001000011000000000000000000000000000000100111001000000000000000000000110100010001000100000000110000000100100000000000000000001001000010000010000000000000000000000000010000000100000000100101000000000000000000000000000000000000
000000001100000001000100100000000000000000000000000000100100111000000000000000000000000000010001000100000001001000000000000000000000000000011001000000010100000000000000000000000000001111000100000001100011000000000000000000000000001110000000
000000000000000001000011000000000000000000000000000000011000000000000000000000000000010000010001100010000000110000000000000001100000000000000011000101100000000000000000000000000000001100000010000000111000000000000000000000000000011100000000
000000000000000000000000000000000000000000000010000000000000000000000100000000000000000000100001110110000000000000000000000010100000000000000100000101000000000000001100000000000001000001000100000000100000000000000000000000000000000000000000
000000000000000000000000000000000000000000000110000000000000000100010010000000000000000010000011001100000000000000000000000011000000000000001110000010000000000000001010000001110001100001000100000000100100000000000000000000000000000000000000
000000000000000000000000000000000000000000001001000000000000001000010011010000000000000000000011111111000000000000000000001100000000000000001100000000000000000000000100000000001100010000010000000000100100000000000000000000000000000000000000
000000000000000000000000000000000000000000000000000000000000001100010000001000000000000000000000110011000000000000000000010100011000000000000111000000000000000000000000000001111000000000000000000000111000000000000000000000000000000000011000
000000000000000000000000001100000000000000010010000000000000000100000010000101000011100000000001101110000000000000000000011000011000000000000001100000000000000000000000000000111010100000000000000000000000000000000000000000000000010000011000
000000000000000000000000001100000000000000011110000000000000000000001100000000100000000000000001000110000000000000000000000000000000000000000000100000000000000000000000000000000000111000000000000000000000000000000000000000000001110000000000
000000000000000000000000000000000111000001000100000000000000000000001111000000000000000000000000100010000000000000000000000000000000110000000001000000000000000000000000000000001101011000000000000000000000000000000000000000000001000000000000
000000000000000000000000000000000000000001010000000000000000000000010000001000000000010001000000100010000000000000000000000000000001001000000000000000000000000000000000000000010000011000000000101000110000000000000000000000000000010000000000
000000000000000000000000000000000000000011000010000000000000000000001010000001000010010001000000011100000000000000001100000000000001001000000000000000000000000000000000000000001000100000000000101001011000000000000000000000011011110000000000
000000000000000000000000000000000000000011011110000000000000000000000100001000010001100001000000001000000000000000010010000000000000110000000000000000000000000000000000000000010101000000000000100001000000000000000000000001100001111110000000
000000000000000000000000000000000000000001100000000000000000000000000000001000011000000000000000000000000000000000001100000000000000000000000000000000000000000000000000000000001000000000000000001110000000000000000000011101100010000100000000
000000000000000000000000000000001110000000111100000000000000000000000000000000010000000000000110000000000000000000000000000000000000000000000000000000000000000000000000000000000000000000000000001110000000000000000000011001100011000000000000
011000000000000000000000000001010010000000010011000000000000000000000000100000000000000000000110000000000000000000000000000000000000000000000000000000000000000000000000000000000000000000000000000000000000000000000000100010100010000000000000
100100000000000000000000001000000100000000100000000000000000000000000011011000000000001100000000000000000000000000000000000000000000000000000000000001111110000000000000000000000000000000000000000000000001110000000000010000101010000000000000
100100000000000000000000001000001000000000000010000000001100000000000011011000000000001100000000000000000000000000000000000000000000000000000000000100010001000000000000000000000000000000000000000000000001000000000000000000101100000000000000
111000000000000000000000001000010000000000010000010000010100000000000000000000000000000000000000000000000000000000000000000000000000010000001110000100000001000000000000000000000000001101000000000000000000100000000000000000000000000000000000
000000000000000000000000001100000000000000001100010000001000000000000000000000000100000000000000000000000000000000000000000000000000101000001010000011110001000000000000001000000000010001000000000000000000000000000000001011000000000000000000
000000000000000000000000000010100000000000000011000000000000000000000000000000011110000110000001100000000000000000000000000000000000101000000010000000010000000000000000010100000000100000100010000111000000000000000000010010000000000000000000
000000000000000000000000000000100000000000000000000000000000000000000001100000100001000110000110110000000000000000000000000000000000010000000000000000001100000000000000110100000000010001101110000100100000000000000000001100000000000000000000
000000000000000111000000000000000000000000000000000000000000000000000001100000100111100000000111000000000000000000000000000000000000000000000000011000110000000000000000100000000000000000000010000100100000000000000000000000000000000000000000
000000000000000000000000000000000000000000000000001000000000000000000000000000100001000001001100000000000000000001100000000000000000000000000000000100110000000000000011100011100000000101000000000000000000000000000000000000000000000000110000
000000000000010000000000000000111000000000000000001000000000000000000000000110011110000010000000000000000000000001100000000000000000000000000000100100000000000000000000100100000000000011000000000000110000000000000000000000000000000000110010
000000000000101000000000000000000000000000000000010000000000110000000000000101000100000000011000000000000000000000000000000000000000000000000001000100000000000000000000001101100000000010000000000000010000000000000000000000000000000001110001
100000000000101000000000000000000000000000011000000000000000110000000000000010000000001100001000100000000000000000000000000000110000000000000110101100000000000000000000110110000000000000000000000000000000000000000000000000000000000000010010
100000000000010000000000000000000000000000000000011100000000000000000000000000000000000100100011100000000000000001000000000000110000000000000000000000000000000000000100100000000000000000000000000000000000000000000000000000000000000001101000
000000000000000011000000000000000010000000000000000100000000000000000000000000000000010011100000001011000000000001000000000000000000000000000100100000000000000000011000011000000000000000000000000000000000000000000000000000000000000000010101
000000000000000011000000000110000101000000000000000000000000000000000000111000000000001111000000011010000000000001000000000000000000000000000010000001100000000000000100100000000000000000000000000000000000000000000000000000000000000000000000
000000000000000000000011000101000110000000000000000000000000000000000000000000000000001000000000100000010000000000000000000000000000000000000000000001100000011000000000110110000000000000000000000000000000000000000000000000000000000000000000
000100000000000000000011000010000000000000000000000000000000000000000000000000000000000000000000101000010000000000000000000000000000000000000000000000000000011000000000001101100000000000000000000000000000000000000000000000000000000000000000
000100000000000000000000000000000000000000000000000000000000000000000000000000000000000000000000010000010000000000000000000000000000000000000000000000000000000000000000100100000000000000000000000000000000000000000000000000000000000000000000
100000000000000000000000000000000000000000000000000000000000000000000000000000000000000000000000000000000000000000000000000000000000000000000000000000000000000000000011100011100000000000000000000000000000000000000000000000000000000000000011
000000000000000000000000000000000000000000000000000000000000000000000011000000000000000000000000000000000000000000000000000000000000000000000000000000000000000000000000100000000000000000000000000000000000000000000000000000000000000000000000
000101000000000000000000000000000000000000000000000000000000000000000001000000000000000000000000000000000001000000000000000000000000000100000000000000000000000000000000110100000000000000000000000000000000000000000000000000000000000000000000
000011000000000000000000000000000000000000000000000000000000000000000010000000000000000000000000000000000010100000000000000000000000001010000000000000000000000000000000010110100000000000000000000000000000000000000000000000000000000000000000
000010000000000000000000000110000000000000000000000000000000000000000000000000000000000000001110000000000010100000000000000000000000001010000000000000000000000000000000001000110000000000000000000000000000000000000000000000000000000000000000
000000000000000000000000000001000011000000000000000000000000000000000000000000000000000000000000000000000001000000000000000000000000000100000000000000000000000000000000000000110000000000000000000000000000000000000000000000000000000000000000
000000000000000000000000100001000011000000000000000001000000000000000000000000000000000000000000000000000000000000000000000000000000000000000000000000000000000000000000000000011000000000000000000000000000110000000011000000000000000000000000
000000000000000000000001000001000000000000000000000010100000000000000000000000000000000000000000000000000010101000000000000000000011000000011000000000000000000000000000000110000000110000000000000000000000110000000101000000000000000000000000
010000000000000000000000100010000000000000000000000010100000000000000000000000000000000000000000000000000010111110000000000000000100100000100100000000000000000000000000000000001110010000000000000000000000000000001101000000000000000000000000
011000000000000000000000011100000000000000000000000001000000000000000000000000000000000000000000000000000010000110000000000000000011000000011000000000000000000000000000000000000111100000000000000000000000000000000111111000000000000000000000