000000000000000000000000001000000000000000000000000000000000000000000000000011000000000000000000000000000001100010000000000000000000000000000000000000000000000000000000000000001100100000000000000000000000000000000110000100000000000000000000
000000000000000000000000000000000000000000000000000000000000000000000000000110100000000000000000000000000001101000000000000000000000000100000000000000000000000000000011000000000000000000000000000000000000000000000000010100000000000000000000
000000000000000000000000000000000000000000000000000000000000000000000000010100100000000000000000000000000000000000000000000000000000001010000000000000000000000000000001100000000011100000111000000000000000000000000000011000000000000000000000
000000000000000000000000000000000000000000000000000001110000000001110000101110100000000000000000000000000000000000000000000000000000001010000000000000000000000000000000100000000101000000000000000000000000000000111000000000000000000000000000
000000000000000000000000000000000000000000000000000001110000000010010000000011000000000000000000000000000000000000000000000000000000000100000000000000000000000000000000000000000110000000000000000000000000000000000000000000000000000000001100
000110000000000000000000000000000000000000000000000011111100000011000000000000000000000000000000000000000000000000000000000011000000000000000000000000000000000000000000000000000000000000000000000000000011000000000000000000000000000000010100
000110000000000000000000000000000000000000000000000110000000000000000100000000000000000000000000000000000000000000000000000011000000000000000000000000000000000000000000000000000000000000000000000000000100100000000000000110000000000000011000
000000000000000000000000000000000000000000000000000110000000000000000001000000000000000000000000000000000000000000000000000000000000000000000000000000000000000000000000000000000000000000000000000000000011000000000000001111000000000000000000
000000000000000000000000000000000000000000000000000011100000000000110001000000000000000000000000000000000000000000000000000000000011000000000000000000000000000000000000000000000000000000000000000000000000000000000000011000011000000000000000
000000000000000000000000000000000000000000000000000001100000000000000100000000000000000000000000000000000000000000000000000000000011000000000000000000000000000000000000000000000000110000000000000000000000000000000000001010011100000000000000
000000000000000000000000000000000000000000001100000001000000000000110000000000000110000000000000000000000000000000000000000000000000000000000000000000000110000000000000000000011101011100000000000000000000000000000000000010100010000000000000
000000000000000000000000000000000000000000001100000000100100000010010000000000001001000000000000000000000000000000000000000000000000000000000000000000000110000000000000000000000001000010000000000000000000000000000000100011101100000000000000
000000000000000000000000000000000000000000000000000000001000000001100000000000000101000000000000000000000000011000000000000000000000000000000000000000000000000000000000000000000000001110000000000000000000001100000000100010011000000000000000
000000000001000000000010000000000000000000000000000000000000000000000000000000000100000000000000000000000000100100000000000000000000001110000000000000000000000001000000000000000000000000000000000000000000001000000000000010000000000000000000
000000000010100000000101000000000000000000000000000000000000000000000100000000000011100000000000000000000000011000000000000000000000000000000000000011000000000001000000000000000000000000000000000000000000001001000000001100000000000000000000
000000000011000000000010000000000000000011100000000000000000000000000010000000000010010000000000000000000000000000000000000000000000000000000000000011000000000001000000000000000000000000000000000000000000000000000000000000000000000000000000
000000000000000000000000000000000000000000000000000000000000000000011010000000000001010000000000000000000000000000000000000000000000000000000000000000000000000000000000000000000000000000000000000000000000000010100000000000000000000000000000
000000000000000000000000000000000000000000000000000000000100000000010000000000000000001000000000000000000000000000000000000000000000000000000000000000000000011100011100000000110000000000000000000000000000000001000000000000000000000000000000
000000000000000000000000000000000000000000001100000000001110000000100100100000000010000000000000000000000000000000000000000000000000000000000000000000000000000000000000000000000000000000000000000000000000000000000000000000000000000000000000
000000000000000010000000000000000000000000000010000111000001100001110001000001100001110010000000000000000000000000000000000000000000000000000000000000000000000001000000000000000000000000000000000000000000000000000000000000000000000000000000
000000000000000101000000000010000000000000000000001110011100010000000000000000000001100100000000000000000000000000000000000000110100000000000000000000000000000001000000000000000000000100000000000000000000000000000000000000000000000000000000
000000000000001001000000000010000000000000010010010000000000010000110000010000000001101001000000000000000000000000000000000001111110000000000000000000000000000001000000111000000011000111000000000000000000000000000000000000000000000000000000
000000000110000110000000000010000000000000000010001110001000000000110001001000000001101010000000000000000000000000000000000001000010000000000000000000000000000000000001001000000100000000000000000000000000000000000000000000000000000000000000
000000000110000000000000000000000000000000001010001100111100010000110011000100000001111000000000000000000000000000000000000000001000100000000000000000110000000000000000001000000011000000000000000000000100000000000000000000000000000000000000
000000000000000000000000000000000000000000000100111001010010000100001101001000000001110000000000110000000000000000000000000000000100110000000000000000110000000000000010001000000000000000000000000000011011000000000000000000000000000000000000
000000000000000000000000000000000000000000000000000011110001110100001110000000000000110000000001001000000000000000000000000010001000000000000000000000000000000000000010001010000000000000000000000000000001000000000000000000000000000110000000
000000000000000000000000000000000000000000000000000000010000000100000000000000000000100110000000110000000000000000000000000010001000000000000000000000000000000000000000001010000000000000000000000000010001000000000000000000000110000110000000
000000000000000000000000000000000000000000000000000001010000000000000000000000000111001000000000000000000000000000000000000110101000000001110000000000000100000000000000100100000000000000000000000000001110000000000000000000000110000000000000
000000000000000000000000000000000000000000000000010010000000000001000000000000000000100001000000000000000000000000000000000000101100100001101100000000000100000000000000101100000000000000000000000000000000000000000000000000000000000000000000
000000000000000000000000000011000000000000000000000001001000000000010000000000000101000001000000000000000000000000000000000000100011000000001100000000000100000000000000100100000000000000000000000000000000000000000000000000000000000000000000
000000000000000000000000100011000000000000000000000000000000000110001000000000000010000001000000000000000000000000000000000000011011010001100100000101000000000000001110100000000000000000000000000000100000000000000000000000000000000000000000
000000000000000000000000100000000000000000000000000000011000000110000000000000000000000000000000000100000000000000000000000000110001110000000100000100100000000000000000100000000000000011100000000001010000000000000000000000000000000000000000
000000000000000000000000100000000000000000000000000000000001000100110000000000000000011100011100001000000000000000000000000000000000000000001000000100100000000000000000101000000000000000000000000001100000000000000000000000000000000000000000
000000000000000011000000000000000000000000000000010000000010100011000000000001000000000000000000001110000000000000000000000000000001100000001110000011000000000000000001001000110000000000000000000000000000000000000000000000000000000000000000
000000000000000011000000000000000000001000000000010000000010100000000000000001000000000001000000000000000000000000000000000000000001000000000100000000000000000000001000110001101000000000000000000000000000000000000000000000000000000000000000
000000000000000000000000000000000000001100000000010000000001000000000000000001000000000001000000110000000000000000000000011000000000000000000111000000000000000000010100000110101000000000000000000001000000000000000000000000000000000000000000
000000000000000000000000011000000000100010000000000000000000000000000000000000000000000001000001001000000000000000000000100100000000000000000010100000000000001100110000000110011000000000000000000010110000000000000000000000000000000000000000
100000000000000000000000100100000111111010000111000000000000000000000000000000000000000000000000110000000000000000000000011000000000000000000001000000000000001100100000000110101000000000000000000001100000000000000000000000000000000000000001
000000000000000000000000011000001001111100001001000000000000000000000000000000000000000000000000000000000000001110000000000000000000000000000001110000000000000000110001000000000100000000000000000001000000000000000000000000000000000000000010
010000110000000000000000000000000110000000000000100000000001100000000000000000000000000000000000000000000000010011000000000000000000000000000000000000000000000000000001000000000010000000000000000000000000000000000000000000000000000000000001
100000110000000000000000000000000000000000001111000000000001100000000000000000000000000000000000000000000000010011001111100000000000000000001100000000000000000000001000100000001000100000000000000000000000000000000000000000000000000000000000
110100000000000000000000000000000000000000000011000000000000000000000000000000000000000000000000000000000000001100001110000000000000000000001010000000000000000000001101110000001100100000000000000000000000000000000000000000000000000000000000
110100000000000000000000000000000000000000000000000000000000000000000000000000000000000000000000000000000000000000001100000000000000000000000110011000000000000000001000010000001000100000000000000000000000000000000000000000000000000000000001
001100000000000000000000000001000000000000000000000000000000000000000000000000000000000000000000000000000000000000000000000000000000000000000110010100000000000000001111100000000011000000000000000000000000000000000000000000000000000000000001
000000000000000000000000000001000000100000000000110001000000000000000000000000000000000000000000000000000000000000000000000000000000000000000000001100000011100000000111000000000000000000000000000000000000000000000000000000000000000000000000
000000000000000000000000000001000001010000000000110001001000000000000000000100000000000000000000111000000000000000000000000000000000000000000100101000000000000000000000000000000000000000000000000000000000000110000000000000000000000000000000
000000000000000000000000000000000011011000000001000001110100000000000000001010000000000000000000001000000000000000000000000000000000000000000010001100000000000000000000000000000000000000000000000000000000000110000000000000000000000000000000
000000000000000000000000000000000001010000000000110000100010000000000000000110000000000000000010001110000000000000000000000000000000000000000000101111000000000000011100000000000000000000000001000000000000000000000000000000000000000000000000
100000000000000000000000000000001101110000000000110000010010000000000000000000000000000000000010000010000000000000001100000000000000111000000000001111000000000000000000000000000011100000000010100000000000000000000000001100000000000000000010
111000000000000000000000000000000101110000000000000000011100000000000000000000000000000000000010000000000000000000010010000000000000000000000000000000000000000000000000000000000011100000000100100000000000000000000000001100000000000000000010
101100000000000000000000000000000010000000001000000000001100000000000000000000000000000000000000000000000000000000001100000000000000000000000000000000000000000000000000000000000001110010000011000000000000000000000000000000000000000000000001
010100000000000000000000000000000000000000001000000000000000000000000000000000000000000000000000000000000000000000000000000000000000000000000000000000000000000000000000000000000000100100000000000000110000000000000000000000000011100000000000
111100000000000000000000000000000000000000001000000000111000010010000000000000000000000000000000000111000000000000000000000000000000000000000000000010000000000000000000000000000000000100000000000000110000000000000000000000000000000000000000
000000000000000000000000000000000000000000000000000000001000010010000000000000000000000000000000110110000000100000000000000000000000000000000000000101000000000000000000000000000000011000000000000000000000000000000000000000000001100000000000
000000000000000000001110000000000111000000000011100000000000100001000000000011000000000000000110001000000001010000000000000000000000000000000000000101000000000000000000000000000000000000000000000000000000000000000000000000000001110000000000
000000000000000000000000000000001000100001000000000000111000010111000000000011000000000000000001000000000001010000000000000000000000000000000000000010000000000000000000000000000000000000000000000000000000000000000000000000000011010000000000
000000000000000000000000000000001101100010100000000000000000001000000000000000000000000000001110000000000000100000000100000000000000000000000000000000000000001000000000000000000000000000000000000000000000000000000000000000000000101000000000
000000000000000000000000011000000000000000010000000000000000101000000000000000000000000000000100000000000000000000001010000000000000000000000000000000000000001000000000000000000000000000000000000000000000000000000000000000000010000000000000
000000000000010000000000100100000000001000010000000000000000110000000000000000000000000000000000000000000000000000010010001100000000000000000000000000000000001000000000000000000000000000000000111000000000000000000000000000001101001110000000
000000000000010000011000011000000000001000100000000000000000100000000000000000001000000010001000000000000000000000001100010010000000000000000000000000000000000000000000000000000000000000000000000000000000000000000000000000000000110100000000
000000000000010000010100000000000000000000000000000000000000000000000000000000001000000110001100000000000000000000000000010100000000000000000000000000000000000000000000000000000000000000000000000000000000110000000000000000010110001000000000
000000000000000000001000000001110011000001000000000000000000000000000000000000001000001000001010000000000000000000000000001000000000000000000000000000000000000000000000000000000000000000000000000000000000101000000000000000001010001000000000
000000000000000000000000000001000011011110000000000000000000000000000000000000000000000100001010000011100000001110000000000000000000000000000000000000000000000000000000000000000000000001100000000000000000010000000000000000101011000000000000
000000000000000000000000000000100000000000000000000000000000000000000000000000000000000101101100000100100000010001000000000000000000000000000000000000000000000000000000000000000000000010010000000011000000000000000000000000000000110000000000
000000000000000000000000000000110010000000000000000000011100000000000000000000000000000010000000001000100000100000100000000000000000000000000000000000000000000011000000000000000000000010100000000100100000000000000000000000000000101000000000
000000000000000000000000000000000010000100000000000000001000000000000000000000000000000011100000001000000001000100010000000000000000000000000000000000000000000011000000000000000000000001000000000100100110000000000000000000000000110000000000
000000000000000000000000000000000001100010000000000000001000000000000000000000001100000000000000001000100001000000010000000000000000000000000000000000000000000000000000000000000000000000000000000011001000000000000000000000000000110000000000
000000000000000000000000000000000000010001000000000000011100000000100000000000010010000000000000000100100001110001110000000000000000000000000000000000000000000000000000000000000000000000000000000000010010000000000000000000000000000000000000
000000000000000000000000000000000000010010000000000000000000000001010000000000010100000000000000000011100000001010000000000000000000000000000000000000000000000000000000000000000000000000000000000000000010000000000000000000000000000000000000
000000000000000000000000000000000000011010001110000000000000000001010000000000001000000000000000000000000000011011000000000000000000000000000000000000000000000000000000000000000000000000000000000000010100000000000000000000000000000000000000
000000001100000000000000000000000000100100000000000000000000000000100000000000000000000000000000000000000000010001000000000000000000000000000000000000000000000111000100000000000000000000000000000000001000111000000000000000000000000000000000
000000001100000000000000000000000000101000000000000000000000000000000000000000000000000000000000000000110000001110000000000000000000000000000000000000000000000000001010000000000000000000000000000000000001000110000000000000000000000000000000
000000000000000000000000000000000000010000000000000000110000000000000000000000000000000100000000000000110000000000000000000000000000000000000000001000000000000000001001000000000000000000000000000000000010000010000000000000000000000000000000
000000000000000000000000000000000000000000000000000000110000000000000000000000000000001010000000000000000000000000000000011000000000000000000000011100000000000000000110000000000000000000000000000000000001011110011000000000110000000000000000
000000000000110000000000000000000000000000000000000000000000000000000000000000000000010010000000001100000000000000001100111100000000000000000000110110000000000000000000000000000000000000000000000000000000000000111000000000110000000000000000
000000000000110000000000000000010000000000000000000000000000000010000000000000000110000010000000001100000000000000001111000100000000000000000000011100000000000000000000000000000000000000000000000000000000000000101001000000000000000000000000
000000000000000000000000000000101000000000000000000000000000001100000111000000001001000000000000000000000000000000010100111000000000000010100000001100000000000000000000000000000000000000000000000100000000000000110000000000000000000000000000
000000000000000000000000000000101000000000000000000000000000001000000110000000010010010010000000000000000000000000110110110000000000000010000000000110000001100000000000000000000000000000000000001010000000000000101101000000000000000000000000
000000000000000000000000000000010000000000000000000000000000111000000010111000010000000010000000000000000000000000000110000001000000000000001000000111000001100000000000000000000000000000000000000110000000000001000100000000000000000000000000
000000000000000000000000000000000000000000000000000000000001010001100000001100010010000110000000000000000000000000110110000001100000100000100000001101100000000000000000000000000000000000000000000000000110000000000100000000000000000000000000
000000000000000000000000000000000000000000000000000000000001001001010001100010001001000000000000000000000000000000111000000010010001001000010010000111000000000000000111000000000000000000000000000000001100100000111000000000000110000000000000
000000000000000000000000000000000000000000000110000000000001011100011100011100000110000000000000000000000000000000000001100100011001011000001010000010000000000000000000000000000000000000000000000000111000100000000000000000001001000000000000
000000000000000000000000000000000000000000000110000000000000011000011100000000000000000000000000000000000000000000010111000100010011011000000111110000000000000000010000000000000000000000000000000000100100010000000000000000000110000000000000
000000000000000000110000000000000000000000000000000000000000000100000000000000000000000000000000000000000000000000001110000001000011000000000010001000000000000000010000000000000000000000000000000001000110010000000000000000000000000000000000
000000001000000000110000000000000000000000000000000000000000000000000000000000000000000000000000000000000000000000000100000000000000000000000100000100000000000000010000000000000000000000000000000000001010001000000000000000000000000000000000
000000010100000000000000000000110000110000000000000000000000000000000000000000000000000000000000000000000000000000000000000000000000000000000100000000000000000000000000000000000000000000000000000001110001010000000000000000000000000000000000
000000100100000000000000000001111000110000000000000000000000000000000010000000000001100000001000000000000000000000000000000010000000000000000100000000000100000000000000000000000000110000000000000000100000100000000000000000000000000000000000
000000011000001100000000000011000010001000000000000000000000000000011000000000000010010000010100000000000000000000000000001111100111000000000000010000011010000000000000000000000000110000000000000000000000000000000000000000000000000000000000
000000000000001100000000000001011000011100000000000000000000000000001100000000000010010000011000000000000000000000000000001101110000000000000000110000000010000000000000000000000000000000000000000000000010000000000000000000001000000000000000
000000000000000000000000000000110100101000000000000000000000000000001100000000000001100000000000000000000000000000000000011101100000000000000000011100100100000000000000000000000000000000000000000110000111000000000000000000010100000000000000
000000000000000000000000010000000110110000000000011000000000000000001100000000000000000000000000000000000000000000000000000101000000000000000000010100110010001100000000000000000000000000000000001101001000100000000000000000100100000000000000
000000000000000000000000100000000000110000000000011000000000000001100000000101000000000000000000000000000000000000000000000000000000000000000000100100000111001100000000000000000000000000011100000011101011000000000000000000100000000000000000
000000000000000000000000000000000000000000000000000000000000000010110100111100100000000000000000000000000000000000011000000000000000000000000000011000001001000000000000000000000000000000100100000000000110000000000000000000011000000000000000
000000000000000000000000000000000000000000000000000000000000000110001100000101100000000000000000000000000000000000110000000000000000000000000000000000001000000000000000000000000000000000110011000000000000000000000000000000000000000000000000
000000001100000000000000000000000000000000000000000000000000000010001100111000000000000000000000000000100000000011010000000000000000000000000000000000001010000000000000000000000000000000100101000000000000000000000000000000000111000000000000
000000000000000000000000000000000000000000001000000000000000000000100000000011100000000000011100001011110000000111010000000000000000001100000000000000001000000000000000000000000000000000000101000000011000000000000000000000000100000000000000
000000000110000000000000000000000000000000001000000000000000000000000000000000100000000000010000000100101000000010000000000000000001010000000000000000011100000000001110000000000000000000000000000000011000000000000000000000000010000000000000
000000010110000000000000000000000000000000001000000000000000000000000000000010000000000000000100110001011101100000111000000001000010110000100000000000010100000000001001000000000000001100010010000000000000000000000000000000000000000000000000
001110001000000000000000000000000000000000000000000000000000001100000000000101000000000000111000110110101001100000010000000001000010101000100000000000011100000000000100100000000000010010010000000000000000000000000110000000000000000100000000
000000000000000000000000000000000000000000000000000000000000010100000000000110000000000001000000110001110000000000000000000001110000101100000000000000000000000000000111000000000001000000010010000000000000000000000101000000000000000100000000
000000000000000000000000000000000000000000000000000000000000101000000000000000000000000000100000000000100000000000000100000000011000000100100000000000000000000000010100000000001000001100000000000000000000000000000001100000000000001000111000
000000000000000000000000000000000000000000000000000000000000101000000000000000000000000000100000000000000000000000000100000000001100000111111000000011000000000000101100000000110000110000000101000000000000000000000101000000000000000110000100
000000000000000000000000000000000000000000000000000000000001001000000000000000000000000000000000000000000000000000000000011100011000000111011000000011000000000000000000000000100000100000100101100000000000000000000110000000000000000100000010
000000000000001000000000000000000000000000000110110000000000101011000000000000000000000000000000000000000000000000000000000000001000000000000000000000000000111110100100000100000000000000110011111000000000000000000000000000000000000010001111
000000000000010010000000000000000000000000001000000000000000001001000000000000000000000000000000000000000000000001000000011100001010000000000000000000000001000001110100001010010010000000100100011000000000000000000000000000000000000000000111
100000000001100001000000000000000000000000010000100000000000001110000000000000000000000000000000000000000000000011000000000000000010000000000000000000000000110000000100000010001100000000011100000000000000000000000000000000000000000000000001
000000000000000011000000000110000000000000001001100000000000000100000000000000000000000000000000000000000000000010010000000000000000100011101000000000000000000000101100000000000000000000000000000000000000000000000000000000000000000000000000
100000000001100101000000000110000000000000000110110000000000000000000000000000000000000000000000000000000000000000101000000000000010100010110000000000000000000111100000100000000000000000000000000000000000000000000000000000000000000000000101
000000100000000000000000000000000000000000000110000000000000000000000000000000000000000000000000000000000000000000101000000000000010100000111000000000000000000000110100110000000000000000000000000000000000000000000000000000000000000000000111
000001110000000000000000000000000000000000000111000001000000000000000000000000000000000000000000000000000000000001000000000000000000000000000000000000000000000000000100110000000000000000000011000000000000000000000000000000000000000100000010
000110001000000000000000000000000000000000000100000000100000000000000010000000000000000000000000000001100000000001010000000000000000000000000000000000000000000000000001110000000000000000000011000000000000000000000000000000000000001010000000
000000010000000000000000000000000000000000000011101111000000000000000111000100000000000110000000000010010000000001001000000000000000000000000000000000000000000000000000101000000000000000000000000000000000000000000000000000000000001100000000
001000000000000000000000000000000000000000000001000000000000000000001011011100000000000101000000000001010000000110001100000000000000000000000000000000000000000000110000101000000000000000000000000000000000000000000000000000000000000000000000
001001000000000000000000000000000000000000000000000000000000000000001000010000000000000101000000000000100000001011101000000000000011100000000000000000000000000000110100010001000000000000000000000000000000000000000000000000000000000000000000
000000000000000000000000000000000000000000000000000000000000000110000111000000000000001110000000001000000000000000011001010000000010000001000000000000000000000000001010000010100000000000000000000000000000000000000000000000000000000110000000
000001000000000000000000000000000000000000000000000000000000000110000011000000000000001100000010011100000000000101100000110000000001100001000000000000000000000000001001000100100000000000000000000000000000000000000000000000000000000111110000
000011000000000000000000000000000000000000000000000000000000000000000000000000000001100000011100011000000000000001000000110000000111000001000000000000000000000000000110000101100000000000000000110000000000000000000000000000000000001000111100
000000000000000000000000000000000000000000000000000000000000111000000000000000000000000000101100001100000000000000000000000000000110000000000000000000000000000000000000001100000000000000000001001000110000000000000000000000000000001010000010
000000000000000000000000000000000000000000000000000000000000101000000000000000000001101101001000000000000000000000000000000000000100000000000000000000000000000000000000001110011000000000000000110000110000000000000000000000000000000111110000
000000000100000000000000000001110000000000000000000000000001001000000000000000001001101101000000100010000000000000000000000000001000000000000000000000000000000000000000000110011000000000000000000000000000000000000000000000000000000011110110
000000000100000000000000000000000000000000000000000000000010010000000000000000011100010001001000011001000000000000000000000000111000000000000000000000000000000000000000000000010000000000000000000000000000000000000000000000000000000000000000
000000000100000011000000000010010000000000000000000000000001100000000000000000010010010000100100000101100000110000000000000000110100000000000000000000000000000000000000000000110000000000000000000000000000000000000000000000000000000000000000
000000000000000011000000000000001000000000000000000000000000001110011000000000000110000000010000000011000000110000000000000001100110000000000000000000000000000000000000000100110000000000000000000000000000000000000000000000000000000011000000
000000000000000000000000001000101110000000000000000000000000000000011000000000000001101000000001000010000000000000000000000011101011000000000000000000000000000000000000001110011000000000000100000000000000000000000000000000000000000001010000
000000000000000000000000010010100110000000000011100000000000001100000000000000000001000110001000000000000000000000000000000001111110000000000000000000000000000000000000010000011000000000001010000000000000000000000000000000000000000001110000
000000000000000000000000000100001110000000000011100000000000001000000000000000000000000000101100000000000000000000000000000000111100000000000000000000000000000000000000010000011000000000001001000000000000000000000000000000000000000000100000
000000000000000000000000000110100000000000000110010000000000000000000000000000000000100010011110000000000000000000000000000000000000000000000000000000000000000000000000001111010000000000000110000000000000000000000000000000000000000000000000
000000000000000000000000000011100000000000001100000000000000110011100000000000000000001010011011000000000000000000000000000000000000000000000000000000000000000010000000000111100000000000000000000000000000000000000000000000000000000000000000
000000000000000000000000000000000000000000000000000000000000101100000000000000000000000010001001000000000000000000000000000000000000000000000000000000000000000010000000000000000000000000000000000000000000000000000000000010000000000000000000
000000000000000000000000000000010000000000000000000000000000011011100000000000000000000010010001000000000000000000000001100000000000000000000000000000000000000000000000000000000000000110000000000000000000000000000000000001000000000000000000
000000000000000000000000000000010000000000011000000000000000000000000000000000000000001001001110000000000000000000000001100000000000000000000000000000000000000000000000001100000000001001000000000000000000000000000011100011100000000000000000
000000000000000000000000000000000000000000000000000000000000000000000000000000000000000101000000000000000000000000000000000000000000000000000000000000000000000000000000010010000000000110000000000111000000000000000011100011100000000000000000
000000000000000000000000000000000000000000100010100000000000000000000000000000000000000011100000000000000001100000000000000000000000000000000000000000000000000001100000001010000000000000000000000100100000000000000011100000000000000000000000
000000000000000000000000000000000000000000000000100000000000000000000000000000000000000000000000000000000001100000000000000000000000000111000000000000001100000001100000000100000000000000001100001000100000000000000000000011000000000000000000
000000000001100000001100101000100000000000010000000000000000000000000000000000000000000000000000000000000000000000000000000000000000000111000000000000010010000000000011000000000000000000010100001001100000000000000000000000000000000000000000
000000000001100000010111001010100000000000001101100000000000000000000000000000000000000000000000000000000000000000000000000000000000000011000000000000001100000000000101100000000001100000011000000110000000000000000000000000000000000000000000
000011000000000000010101000010000000000000000000000000000000000000000000000000000000000000000000000000000000000000000000000000000000000000100000000000000000000000000101100000000001100000000000000000000000000100000000000000000000000000000000
000100100000000000100011101011000000000000000010000000000000000000000000000000000000011000000000000000000000000000000000000000000000000010011000000000000000000000000010000000000000000000000000000000000000001110000000000000000001000000000000
000010000000000000100000001000000000000000000111000000000000000000000000000000000000100100000000000000000000000000000000000000000000000100010000000000000000000000000000001000000000000000001100000000000000010001000000000010100001000000000000
011001100000100000000000100000000000000000000000000000000000000000000011100000000000010100000000000000000000000000000000000000000010000010010000000000000000000000000000010100000000000000111110000000000000011000000000010000000001000000000110
000000000000100000110000000000000000000000000000010000000000000000000000000000000111111000000000000000000000000000000000000010000011000011100000100000000000000000000000011000000011000001101001000000000000000000000000010100010000000000010001
000000000000100000000000000000000000000000000000010000000000000000000000000000011001100000000000000000000000000000000000001011000001100000000000100000000000000000000000000000000100100001110000000000000000000000000000001000100000000010110110
000001110000000000011000000000000000000001110000010000000000000000000000000000001110110010010000000000000000000000000000010011000011000000000000100000000000000000000000000000000101001001000000000000000000000100000000000000000000000100110110
000011100000000000100010000000000000000001110000000000110000000000000000000000010001100100011110000000111000000000000000111010000011000000000000000000000000000000000000000000000010000001111100000000000101001010000000000000000000000100000000
000011000000000000111110000000000000000001111100000000110000000000000000000000000000001000011011000000000000000000000000001011110001000000000000000000000000000000000000000000000000000000000100000000000101000000000000000000000000000010000000
000000000000000001000110000000000000000000000000000000000000000000000000000000000000000000000100000000000000110000000000001101111110111110000000000000000000000000000000000000000000001111101000000000001000111000000000010000000000000000000011
000000000000000000111000000000000000000000001100000000000000000000000000000000000000000000000000000000000000110000000000000110100110001000000000000000000000000000000000000000000000000000010000000000000101011010000000011100000000000000000010
000000000000000000011000000000000000000000000000000000010000000000000000000000000000000001100000000000000000000000000000000000010000010000000000000000000000000000000000000000000000000000000000000000000110110111000000111110000000000000000010
000011000000000000000000000000000000000000000000000000101000000000000000000000000000001101110000000000000000000100001110000000011111110000000000000000000000000000000000000000000000000000000000000011000011100011000000111010000000000000000000
000000000000000000000000000000000000110000000000000000101000000000000000000000000000001110111000000000000000000100000000000000001001000000000000000000000000000000001110000000000000000000000000000011010011010110000000111100000000000000000000
000000000000000000000000000000000001001000100010000000010000000000000000000000000000001100000000000000000000000100000000000000000110000110000000000001110000000000000000000000000001000000000000000100011101000100000000011010000000000000000000
000000000000000001100000000000000001010000010100000000000000000000000000000000000000000000000000000000000000000000000000000000000111111000000000000001110000000000000000000000110010100000000000001010100100000100000000010000000000000000000000
000000000000000010100000000000000000100000001000000000000000100000000000000000000000000000000000000000000000000000000000000010000010000000000000000000000000000000000000000000110010100000000000111011100101111100000000000000000000000000000000
000000000000000011000000000000000000000000000000000000000000100000000000000001000000000000101000000000000000000000000000001101100000000000000000000000000000000000000001000000000001000000000000110001100100100110000000001001000000000000000000
000000000000000000000000000000000000000000000000000001110000100000000000000010100000000000110000000000000000000000000011000000000100000000000000011000000011000000000010100000000000000000000000000111000010000100100000000101000000000000000000
000000000000000000000000000000000000000000000000000001110011100000000000000001100000000000000000000000000000011000000011001000100100000100000000011000000011000000000010100000000000000000000000111110000000000100100000000000000000000000000000
000000000000000000000000000000000000000000000000000001010111100000000000000000000000000000000000000000000000011000000000000111000100001000000000011000000011000000000001000000000000000000000000010000000000000010100000000000000000000000000000
000000000001100000000001100000000000000000000000000001110010100000000000000000000000000000000000010000000000000000000000000000000011011000000000000000000000000000000000000001100000000000000100000100000000000000000000000000000000000000000000
000000000001100000000000110000000000000000000000000001110100000000000000000000000000000000000000010000000000000000000000000000000001110000000000000000000000000000000000000001100000000000000100000100000001000000000000000000000000000000001100
000000000000000000000001000000000000000000000000000000000000000000110000000000000000000000000000000000000000000000110000000000100000100000000000000001110000000000000000000000000001000000000100000100000001000000000000000000000000000000001100
000000000000000000000000000000000000000000000000000000000000011000000000000000000000000000000010010000000000000000110010100000100000000000000000000001110000000100000000000000000010100000000000000000000000000000000000000000000000000000000000
000000000000000000000000000000000000000000000000000000000000010100000000000000000000000000000100010000000000001100000010100000011000000000000000000000000000011110011000000000000001100000000001110000000000000000000000000000000000000000000000
000000000000000000000000000000000000000000000110000000000000010000000000001100000011100000000011111000000000001100000010100000000000000000000000000000000000110001011000000000000000000000000000000000000000000000000000000001000000000000000000
000000000000000000000000000000000000000000000110000000000000000000000000001100000000000000000001000100000000001100000011100000000000000000000000000000000001000110000000000000000000000000000000000000000000000000000000000000110000000000000000
000000000000000000000000011000000000000000000000000000000000000000000000000000000000000000000001100110000010000000001011100000000000000000000000000000000000111100000000000000000000000000000000000000000000000000000000000110110000000000000000
000000000000000000000000000000000000000000000000000000000000000000000000000000000000000000000001001100001100000000000000101000000000000001000000000000000000010000000000000000000000000000000000000000000000000000000000000000000000000000000000
000000110000000000000000100000110000000000000000000000000000000000000000000000000000000000000000111000000000000000000000111000000000000001000000000000000000000000000000110000000000000000000000000000000000000000000000000000000000000000000000
000001010000000000000000011000010000000000000000000000000001010000000000000000000000000000000000000000000000000000000000111100000000000001000000000000000000000000000000110000000000000000000000000000000000000000000000000000000000000000000000
000000010000000000000000000010000000000000000010000000000110101000000000000000000000000000000000000000000000000000100001000111000000000000000000000000000000000000000000000000000000000000000000000011000000000000000000000000000000000001100000
000100100000011000010000000011100000000000001101100000000011001000000000000000000000000000000000000000011100000001000001100000000000000000000000000000000000000000000000000000000000000000000000000011000000000000000000000000000000000010010000
001000000000101000010000000011100000000000010111100000000000000000000000000011000000000000000000000000100010000011100010010000000000000000000000000000000000000000000011000000000000000000000000000000000000000000000000000000000000000001100000
000100100101000000011100000000000000000000100010100000000000000000000000000010100000000000000000000001001110000001011001100000000000000000000000000000000000000000000100100000000000000000000000000000000000000000000000000000000000000000000000
000000000111100000000110000000000000000000010011000000000000000000000000000001000000000000000000000001110000000000111000000000000000000000000000000000000000000000000011000000000000000000000000000000000000000000000000000000000000000000000000
000001011111110000000001000000000000000000001000000000000000000000000000000000000000000000000000000001100000000000010000000000000000000000000000000000000000000000000000001000000000000000000000000000000000000000000000000000000000000000000000
000001100000011000000110011100000000000000000011000000000000000000000000000000000000000000000000000101000100000001000000000010000001110000000000000000000000000000000000010100000000000000000000000000000000000000000000000000000000000001100000
000000000000000001010000000000100000000000000000000000000000000000000000011000000110000000000000000100101010000011100000000101000000000000000000000000000000000000000000010100000000000000000000000000000000000000000000000000000001100001010000
000000000000000001010000000000100100000000000000000000000000000000000000111100001001000000000000000011110010000100110000011110000000000000000000000000000000000000000000001000010000000000000000000000000000000000000000000000000001100000010000
000000000000000000110000000001010001000000000000000000011100000000000001110100000110000000000000000000001100001100010000110000000000000000000000000000000000000000000000000000101000000000000000000000000000000000000000000000000001100001010000
000000000001000000000000000001101111100000000000000000000000000000000011000000000000000000000000000001011000000101100000110000000000000000000000000000000000000000000000000000010000000000000000000000000000000000000000000000000000000000010000
000000000001100000000000000000110000110000000000000001000001000000000001000000000000000000000000000001110000000001100000000000000000000000000000000000000000000000000000000100000000000000000000000000000000000000000000000000000000000010100000
000000000010100000000000000000010111000000000000000001000001000000000000111000000100000000000000000000000000000000000000000000000000000000000000000000000000000000000000000100000000000000000000000000000000000000000000000000011000000010000000
000000001111100000000000000000000011000000000000000001000001000000000000010000001010000000000000000000000010000000000000000000111000000000000000000000000000000000000000001000000000000000000000000000000000000000000000011000100100000000000000
000000001101100000000000000000000000000000000000000000000000000000000000000000000000000000000000000000000000000000000000000000111000000000000000000000000000000000000000001000000000000000000000000000000000000000000000100100000000000000000000
000000001001010000000000000000000011100000000000000000011100000000000000000000000000000000000000000000000010000000000000000000010100000000000000000000000000000000000000001000000000000000000000000000000000000000000000100101000000000000000000
000000000111110000000000000000000000000000000000000000000000000000000000000000000000000000000000000000000010000000000000000001110111000000000000000000000000000000000000000000000000000000000000000000000000000000000000011001001000100000000000
000000000001100001100000001101110000000000000000001000000000000000000000000000000000000111000000000000000100100000000000000001100011000010000000000000000000000000000000000000000000000000000000000000000000000000000000000000110000011100000000
000000000001100011100000110010110000000000000000010010000000000000000000000000000000000011100000000000000011100000000000000000111110000111100001100110000000000000000000000000000000000000000000000000000000000000000000000000000000011100000000
000000000000101100100000110010010000000000000000010010000000000000000000000000000000000000000000000000010011100000000000000000010100001001100000001100000000000000000000000000000000000000000000000000000000000000000000000000000000000010000000
000000000000000000010000110000011110000000000000000100000000000000000000000000000000100000000000000000011000000000000010000000000010001111010001010010000000000000000000000000000001000000000000011100000000000000000000000000000000001100000000
000000000000011000110000011110001110000000000000000000000000000000000000000000000001010000000000000000001000000000000101000000000010000011001000011000001100000000000000000000000100100000000000100010000000000000000000000000000000001100000000
000000000000100000000000011100000100000000000000000000000000000000000000000000000001010000000000000000000000000000000101100000000000000001101000100010110010000000000000000001000100001000000000110110000110000000000000000000000000000000000000
000000000000000000110000001000000000000000000000000000010000000000000010000000000000100000000000000000000000000000000010000000000000000000100010001000111100000000000000000010100000001000000011000000001001000000000001110000000000000000000000
000000000000000000110000000000000000000000000000000000001000110000000010000000000000000000000000000000000000000000000000110000000000000000011000000100100000000000000000000011000001000000000101000000000101000000000000000000000000000000000000
000000000000000000000000000000000000000000000000000001001000110000000010000000000000000100000000000000000000000000000000010000000000000000000000001010000000000000000000000001000001101010000100000000000010000000000000000000000000000000000000
000000000000000000000000000000000000000000000000000001000010100000000000000000000000000110000000000000000000000000000000010000000000000000000100010000000000000000000000000000000011000001000010000011100000000000000000000000011000000000000000
000000000000000000000000000000000000000010000000000110110011111000000000000000000000011111000000111000000000000000000000000000000000000000000010110000000000000000000000000000000000011011000000000100011100000000000000000000011000000000000000
000000000000000000000000000000000000000010000000000011110000100100000000000000000000111000100000111000000000000000000000000000000000000000000010100000000011000000000000000000000000011000000000000100001110000000000000000000000000000000000000
000000001100000000000011000000000000000010000000000000100100001000000000000000000000111000110001010100000000110000000000000000000000000000011001100000000010000000000000000000000000010011000000000000001001000000000000000000000000000100000000
000000001100000011100100100000000000000000000000000000100101111000000000000000000000111000111011000110000001001000000000000000000000000000011101100011100000000000000000000000000000010010000110000001001111000000000000000000000000010010000000
000000000000000000000011000000000000000000000000000000011000010000000000000000000000000000110010011010000000110000000000000001100000000000001111000001100000000000000000000000000000001001000110000000000000000000000000000000000000010010000000
000000000000000000000000000000000000000000000110000000000000000000000000000000000000000000000000010010000000000000000000000010100000000000001001000101100000000000001100000000100001100010000110000001101000000000000000000000000000001000000000
000000000000000000000000000000000000000000000111000000000000000000001111000000000000000000000000000001000000000000000000000011000000000000000010000010000000000000001010000000111011100000101000000001110000000000000000000000000000000000000000
000000000000000000000000000000000000000000000110000000000000001000111011000000000000000000000010000001000000000000000000001100000000000000000001000000000000000000000100000000000100100000000000000001100100000000000000000000000000000000000000
000000000000000000000000000000000000000000000000000000000000001100000011001000000001000000000010000000000000000000000000010100011000000000001101100000000000000000000000000001000000000000000000000000111000000000000000000000000000000000011000
000000000000000000000000001100000000000000010010000000000000001100001100000000000001000000000001001000000000000000000000011000011000000000000000100000000000000000000000000001001101100000000000000000010000000000000000000000000000010000011000
000000000000000000000000001100000010000000110010000000000000000000001001000000000001000000000001011001000000000000000000000000000000000000000000100000000000000000000000000000000010001000000000000000000000000000000000000000000001010000000000
000000000000000000000000000000000010000000010110000000000000000000010010000000000000000000000001100011000000000000000000000000000000110000000000000000000000000000000000000000001000000100000000000000000000000000000000000000000001010000000000
000000000000000000000000000000000010000001000000000000000000000000010001000000000000000000000000101010000000000000000000000000000001001000000000000000000000000000000000000000010100001000000000000000111000000000000000000000000010010000000000
000000000000000000000000000000000000000000010010000000000000000000001100000000000001010011100000011100000000000000001100000000000001001000000000000000000000000000000000000000011000110000000001100001011000000000000000000000110010000100000000
000000000000000000000000000000000000000000011110000000000000000000000100000000111001100000000000011100000000000000010010000000000000110000000000000000000000000000000000000000010100000000000000001001100000000000000000001011000100000110000000
000000000000000000000000000000000100000010000010000000000000000000000000000000111000000000000000000000000000000000001100000000000000000000000000000000000000000000000000000000001000000000000000011001000000000000000000010100010010010110000000
000000000000000000000000000000001110000001001110000000000000000000000000000000011000000000000110000000000000000000000000000000000000000000000000000000000000000000000000000000000000000000000000001010000000000000000000100000010111000000000000
011000000000000000000000000000000010000000000110000000000000000000000001110000000000000000000110000000000000000000000000000000000000000000000000000000111100000000000000000000000000000000000000000100000000100000000000101000100010000000000000
100100000000000000000000000000001100000000000011000000000000000000000010001000000000001100000000000000000000000000000000000000000000000000000000000000111110000000000000000000000000000000000000000000000001100000000000000000101010000000000000
100100000000000000000000011100001000000000000000000000001100000000000011011000000000001100000000000000000000000000000000000000000000000000000100000010010101000000000000000000000000000000000000000000000001010000000000000000001100000000000001
111000000000000000000000011000000000000000001100000000010100000000000000000000000000000000000000000000000000000000000000000000000000010000001010000101010011100000000000000000000000001010000000000000000000000000000000000001000000000000000000
010000000000000000000000001100000000000000001110100000001000000000000000000000000110000000000000000000000000000000000000000000000000101000001011000011110000000000000000001000000000011011100000000010000000000000000000000111000000000000000000
000000000000000000000000000101000000000000000110000000000000000000000000000000011110000110000011110000000000000000000000000000000000101000000100000001010000000000000000110100000000110000110010000111000000000000000000010011000000000000000000
000000000000000010000000000001000000000000000000000000000000000000000001100000100000100110000100010000000000000000000000000000000000010000000000000000101000000000000000110000000000000001110011001100100000000000000000001100000000000000000000
000000000000000010000000000000000000000000000000000000000000000000000001100001110000100010000001100000000000000000000000000000000000000000000000001000100000000000000000000011000000000011100010000000000000000000000000000000000000000000000000
000000000000000010000000000000010000000000000000000000000000000000000000000001100000100000001100000000000000000001100000000000000000000000000000010100110000000000000000110011000000000001000000000000110000000000000000000000000000000000110000
000000000000010000000000000000010000000000000000011000000000000000000000000111111110000000010100000000000000000001100000000000000000000000000000001110000000000000000000111100000000000101000000000000110000000000000000000000000000000000001000
000000000000101000000000000000010000000000000000000000000000110000000000000101000110000100011000000000000000000000000000000000000000000000000011110110000000000000000000100001000000000011000000000000110000000000000000000000000000000001001011
100000000000101000000000000000000000000000000000010000000000110000000000000010000000001100001100100000000000000000000000000000110000000000000011001100000000000000000000110111000000000000000000000000000000000000000000000000000000000000001000
100000000000010000000000000000000000000000000000001100000000000000000000000000000000000100110001110000000000000000000000000000110000000000000111010000000000000000001000100100000000000000000000000000000000000000000000000000000000000000101110
000000000000000011000000000000000010000000000000000100000000000000000000010000000000000000100001101011000000000011100000000000000000000000000000000000000000000000001100110000000000000000000000000000000000000000000000000000000000000000111000
000000000000000011000000000110000101000000000000000000000000000000000000010000000000011000100000011011000000000000000000000000000000000000000000000001100000000000001000100100000000000000000000000000000000000000000000000000000000000000000000
000000000000000000000011000101000110000000000000000000000000000000000000010000000000001010000000101100000000000000000000000000000000000000000000000001100000011000000000110111000000000000000000000000000000000000000000000000000000000000000000
000000000000000000000011000010000000000000000000000000000000000000000000000000000000000000000000100000111000000000000000000000000000000000000000000000000000011000000000100001000000000000000000000000000000000000000000000000000000000000000000
000000000000000000000000000000000000000000000000000000000000000000000000000000000000000000000000010000000000000000000000000000000000000000000000000000000000000000000000111100000000000000000000000000000000000000000000000000000000000000000001
000000000000000000000000000000000000000000000000000000000000000000000000000000000000000000000000000000000000000000000000000000000000000000000000000000000000000000000000110011000000000000000000000000000000000000000000000000000000000000000001
000000000000000000000000000000000000000000000000000000000000000000000011000000000000000000000000000000000000000000000000000000000000000000000000000000000000000000000000000011000000000000000000000000000000000000000000000000000000000000000001
000001000000000000000000000000000000000000000000000000000000000000000001000000000000000000000000000000000001000000000000000000000000000100000000000000000000000000000000110110000000000000000000000000000000000000000000000000000000000000000000
000101000000000000000000000000000000000000000000000000000000000000000000000000000000000000000100000000000010100000000000000000000000001010000000000000000000000000000000110111110000000000000000000000000000000000000000000000000000000000000000
000011000000000000000000000010000000000000000000000000000000000000000000000000000000000000000100000000000010100000000000000000000000001010000000000000000000000000000000001100000000000000000000000000000000000000000000000000000000000000000000
000000000000000000000000000001000011000000000000000000000000000000000000000000000000000000000100000000000001000000000000000000000000000100000000000000000000000000000000000000000000000000000000000000000000000000000000000000000000000000000000
000000000000000000000000000011100011000000000000000001000000000000000000000000000000000000000000000000000001000000000000000000000000000000000000000000000000000000000000000000111000000000000000000000000000110000000011000000000000000000000000
000000000000000000000001100011000000000000000000000010100000000000000000000000000000000000000000000000000000101000000000000000000011000000011000000000000000000000000000000000010000110000000000000000000000110000001101100000000000000000000000
011000000000000000000000111110000000000000000000000010100000000000000000000000000000000000000000000000000110100010000000000000000100100000100100000000000000000000000000000000001000010000000000000000000000000000001000010000000000000000000000
011000000000000000000000011100000000000000000000000001000000000000000000000000000000000000000000000000000010000001000000000000000011000000011000000000000000000000000000000000000001100000000000000000000000000000001000111000000000000000000000