000000000000000000000000011100000000000000000000000000000000000000000000000111000000000000000000000000000010110000000000000000000000000000000000000000000000000000000000000000000001100000000000000000000000000000000100100100000000000000000000
000000000000000000000000000000000000000000000000000000000000000000000000001100100000000000000000000000000001110000000000000000000000000100000000000000000000000000000011100000000110100000010000000000000000000000000000010100000000000000000000
000000000000000000000000000000000000000000000000000000100000000000100000010000110000000000000000000000000000000000000000000000000000001010000000000000000000000000000010100000000011100000010000000000000000000000010000011000000000000000000000
000000000000000000000000000000000000000000000000000001010000000001110000011000100000000000000000000000000000000000000000000000000000001010000000000000000000000000000001100000000100100000010000000000000000000000010000000000000000000000000000
000000000000000000000000000000000000000000000000000000000000000010010000000011000000000000000000000000000000000000000000000000000000000100000000000000000000000000000000000000000110000000000000000000000000000000010000000000000000000000001100
000110000000000000000000000000000000000000000000000100001000000011000000000000000000000000000000000000000000000000000000000011000000000000000000000000000000000000000000000000000000000000000000000000000011000000000000000000000000000000010100
000110000000000000000000000000000000000000000000000000111000000000000000000000000000000000000000000000000000000000000000000011000000000000000000000000000000000000000000000000000000000000000000000000000100100000000000001001000000000000011000
000000000000000000000000000000000000000000000000000000000000000000000010000000000000000000000000000000000000000000000000000000000000000000000000000000000000000000000000000000000000000000000000000000000011000000000000010001000000000000000000
000000000000000000000000000000000000000000000000000100100000000000000010000000000000000000000000000000000000000000000000000000000011000000000000000000000000000000000000000000000000000000000000000000000000000000000000010001110100000000000000
000000000000000000000000000000000000000000000000000000000000000000001000000000000000000000000000000000000000000000000000000000000011000000000000000000000000000000000000000000001000110000000000000000000000000000000000011001100100000000000000
000000000000000000000000000000000000000000001100000001000000000000111000000000000110000000000000000000000000000000000000000000000000000000000000000000000110000000000000000000001011011100000000000000000000000000000000000010100010000000000000
000000000000000000000000000000000000000000001100000000000000000000010000000000001001000000000000000000000000000000000000000000000000000000000000000000000110000000000000000000001010110010000000000000000000000000000000000110101100000000000000
000000000000000000000000000000000000000000000000000000000000000001100000000000001100000000000000000000000000011000000000000000000000000100000000000000000000000000000000000000000000000110000000000000000000001100000000000110111100000000000000
000000000001000000000010000000000000000000000000000000000000000000000000000000000100100000000000000000000000100100000000000000000000000100000000000000000000000000000000000000000000000100000000000000000000011000000000000010000000000000000000
000000000010100000000101000000000000000001000000000000000000000000000000000000000111100000000000000000000000011000000000000000000000000100000000000011000000000011100000000000000000000000000000000000000000000000000000000100000000000000000000
000000000011000000000010000000000000000001000000000000000000000000001010000000000010010000000000000000000000000000000000000000000000000000000000000011000000000000000000000000000000000000000000000000000000000001000000000000000000000000000000
000000000000000000000000000000000000000001000000000000000000000000011100000000000000111000000000000000000000000000000000000000000000000000000000000000000000001000001000000000000000000000000000000000000000000001000000000000000000000000000000
000000000000000000000000000000000000000000000000000000001110000000110100000000000000000000000000000000000000000000000000000000000000000000000000000000000000001000001000000000000000000000000000000000000000000001000000000000000000000000000000
000000000000000000000000000000000000000000000100000010001111000001001000000000000001110000000000000000000000000000000000000000000000000000000000000000000000001000001000000000000000000000000000000000000000000000000000000000000000000000000000
000000000000000010000000000000000000000000000100001001010001100001110000000000000010010000000000000000000000000000000000000000000000000000000000000000000000000000000000000000000000000000000000000000000000000000000000000000000000000000000000
000000000000000101000000000000000000000000000000001001001000010001000000000000000010001110000000000000000000000000000000000001000110000000000000000000000000000011100000010000000000000100000000000000000000000000000000000000000000000000000000
000000000000001001000000000111000000000000000000010000010100000000110000000000000010001010000000000000000000000000000000000001000010000000000000000000000000000000000000111000000010000110000000000000000000000000000000000000000000000000000000
000000000110000110000000000000000000000000000011010010001100000001001011101000000010001000000000000000000000000000000000000001000011000000000000000000000000000000000000101100000100000010000000000000000000000000000000000000000000000000000000
000000000110000000000000000000000000000000000011000001100100000000100101101100000010001100000000000000000000000000000000000000000101110000000000000000110000000000000000011100000010000000000000000000001110000000000000000000000000000000000000
000000000000000000000000000000000000000000000100011000000111010000000001000000000000000000000000110000000000000000000000000000001100110000000000000000110000000000000000011000000000000000000000000000001111000000000000000000000000000000000000
000000000000000000000000000000000000000000000000010011011001100110001010000000000000001000000001001000000000000000000000000000001100000000000000000000000000000000000000011000000000000000000000000000011001100000000000000000000000000110000000
000000000000000000000000000000000000000000000000000010011000101000000100000000000010101100000000110000000000000000000000000010001100000000100000000000000000000000000000011010000000000000000000000000001101000000000000000000000110000110000000
000000000000000000000000000000000000000000000000000000100000000000000000000000000011110110000000000000000000000000000000000110001000000001011000000000000000000000000000000010000000000000000000000000001110000000000000000000000110000000000000
000000000000000000000000000000000000000000000000000011100000000000000000000000000100100000000000000000000000000000000000000000101111000001000100000000001110000000000001101110000000000000000000000000000100000000000000000000000000000000000000
000000000000000000000000000011000000000000000000000000000000000010000000000000000011000011100000000000000000000000000000000000100000000000000010000000000000000000000100101100000000000000000000000000000000000000000000000000000000000000000000
000000000000000000000000000011000000000000000000000000011000000110000000000000000010000000000000000000000000000000000000000000001100010000000110000010000000000000000100110000000000000001000000000000100000000000000000000000000000000000000000
000000000000000000000001110000000000000000000000000000000000001001010000000000000000001000001000000000000000000000000000000000111011010000001100001101100000000000000100100000000000000001000000000001010000000000000000000000000000000000000000
000000000000000000000000000000000000000000000000000000000001000100100000000000000000001000001000001010000000000000000000000000000000010000001010000100100000000000000001100000000000000001000000000001100000000000000000000000000000000000000000
000000000000000011000000000000000000000000000000000000000010100011100000000000000000001000001000001100000000000000000000000000000001100000001010000011000000000000000001001001110000000000000000000000000000000000000000000000000000000000000000
000000000000000011000000000000000000001100000000111000000010100000000000000011100000000000000000011100000000000000000000000000000001100000000001000000000000000000001000111110001000000000000000000000000000000000000000000000000000000000000000
000000000000000000000000000000000000011100000000000000000001000000000000000000000000000011100000110000000000000000000000011000000000000000000101000000000000000000110000001100101100000000000000000001100000000000000000000000000000000000000000
000000000000000000000000011000000010100010000010000000000000000000000000000000000000000000000001001000000000000000000000100100000000000000000100100000000000001100111000001000101100000000000000000010010000000000000000000000000000000000000000
000000000000000000000000100100000110000010000111000000000000000000000000000000000000000000000000110000000000000100000000011000000000000000000010010000000000001101000000000111001100000000000000000010010000000000000000000000000000000000000001
000000000000000000000000011000001000000100000101100000000000000000000000000000000000000000000000000000000000001111000000000000000000000000000001100000000000000000110000000000000100000000000000000001100000000000000000000000000000000000000010
100000110000000000000000000000000111111000001000100000000001100000000000000000000000000000000000000000000000010000000111000000000000000000000000100000000000000000010001100000000100000000000000000000000000000000000000000000000000000000000001
001000110000000000000000000000000000000000000100100000000001100000000000000000000000000000000000000000000000010001001001000000000000000000001100000000000000000000001110010000001001000000000000000000000000000000000000000000000000000000000001
000000000000000000000000000000000000000000000001000000000000000000000000000000000000000000000000000000000000001110010000000000000000000000001010000000000000000000011101010000011101110000000000000000000000000000000000000000000000000000000000
000110000000000000000000000000000000000000000000000000000000000000000000000000000000000000000000000000000000000000001010000000000000000000001001011000000000000000010000010000001010100000000000000000000000000000000000000000000000000000000001
011100000000000000000000000000000000000000000000000000000000000000000000000000000000000000000000000000000000000000000000000000000000000000000110010100000001000000001000100000000001000000000000000000000000000000000000000000000000000000000001
000000000000000000000000000011100000100000000000110000000000000000000000000000000000000000000000010000000000000000000000000000000000000000000110000100000001000000001000100000000000000000000000000000000000000000000000000000000000000000000000
000000000000000000000000000000000011011000000001010011011000000000000000000100000000000000000000011000000000000000000000000000000000000000000000000000000001000000000010000000000000000000000000000000000000000110000000000000000000000000000000
000000000000000000000000000000000011011000000001000001011100000000000000001010000000000000000000000000000000000000000000000000000000000000000001000000000000000000001000000000000000000000000000000000000000000110000000000000000000000000000000
000000000000000000000000000000000100000000000001010001001110000000000000000110000000000000000000001010000000000000000000000000000000010000000000000001000000000000001000000000000001000000000001000000000000000000000000000000000000000000000000
100000000000000000000000000000001100001000000000110000110010000000000000000000000000000000000111000010000000000000001100000000000000010000000000011001000000000000001000000000000010100000000010100000000000000000000000001100000000000000000000
001100000000000000000000000000001100010000000000000000010010000000000000000000000000000000000000000000000000000000010010000000000000010000000000000110000000000000000000000000000000000000000100100000000000000000000000001100000000000000000010
000100000000000000000000000000000011100000000000000000010100000000000000000000000000000000000000000000000000000000001100000000000000000000000000000000000000000000000000000000000010010000000011000000000000000000000000000000000001000000000001
000010000000000000000000000000000000000000011100000000000100000000000000000000000000000000000000000010000000000000000000000000000000000000000000000000000000000000000000000000000001111110000000000000110000000000000000000000000001000000000001
110100000000000000000000000000000000000000000000000000011000000000000000000000000000000000000000001101000000000000000000000000000000000000000000000010000000000000000000000000000000010100000000000000110000000000000000000000000010000000000000
011000000000000000000100000000000010000000000001000000001000110011000000000000000000000000000000010001000000100000000000000000000000000000000000000101000000000000000000000000000000001000000000000000000000000000000000000000000001010000000000
000000000000000000000100000000000111000000000001000000001000111101000000000011000000000000000011111100000001010000000000000000000000000000000000000101000000000000000000000000000000000000000000000000000000000000000000000000000000010000000000
000000000000000000000100000000001000100001000001000000010000011111000000000011000000000000001001000000000001010000000000000000000000000000000000000010000000000000000000000000000000000000000000000000000000000000000000000000000010001000000000
000000000000000000000000000000001101100001100000000000010000001010000000000000000000000000001110000000000000100000000100000000000000000000000000000000000000000000000000000000000000000000000000000000000000000000000000000000000010110000000000
000000000000000000000000011000000000000000110000000000000000101000000000000000000000000000001110000000000000000000001010000000000000000000000000000000000000011100000000000000000000000000000000010000000000000000000000000000000111011000000000
000000000000000000000000100100000000000000110000000000000001100000000000000000000000000000000000000000000000000000010010001100000000000000000000000000000000000000000000000000000000000000000000010000000000000000000000000000000111111110000000
000000000000111000011000011000000000000000000000000000000000110000000000000000000000000110001100000000000000000000001100010010000000000000000000000000000000000000000000000000000000000000000000010000000000000000000000000000000001110010000000
000000000000000000010100000000100000000000000000000000000000000000000000000000011100000110011000000000000000000000000000010100000000000000000000000000000000000000000000000000000000000000000000000000000000110000000000000000001111001100000000
000000000000000000001000000001100011101110000000000000000000000000000000000000000000001010011010000001000000000100000000001000000000000000000000000000000000000000000000000000000000000000000000000000000000101000000000000000001000000000000000
000000000000000000000000000001010011101110000000000000000000000000000000000000000000001110001010000011100000001110000000000000000000000000000000000000000000000000000000000000000000000001100000000000000000010000000000000000010011110000000000
000000000000000000000000000001110011001100000000000000001000000000000000000000000000000101011100000110110000011111000000000000000000000000000000000000000000000000000000000000000000000010010000000011000000000000000000000000000000110000000000
000000000000000000000000000000110000000000000000000000011100000000000000000000000000000100010000001100000000100000100000000000000000000000000000000000000000000011000000000000000000000010100000000100100000000000000000000000000001001000000000
000000000000000000000000000000000010000000000000000000000000000000000000000000000000000011000000011100000001100000110000000000000000000000000000000000000000000011000000000000000000000001000000000100110100000000000000000000000001001000000000
000000000000000000000000000000000001100010000000000000000000000000000000000000001100000001000000001100000011000000011000000000000000000000000000000000000000000000000000000000000000000000000000000011111010000000000000000000000000110000000000
000000000000000000000000000000000000010011000000000000011100000000100000000000010010000000000000000110110001110001110000000000000000000000000000000000000000000000000000000000000000000000000000000000000100000000000000000000000000000000000000
000000000000000000000000000000000000110111000100000000001000000001010000000000010100000000000000000011100000001010000000000000000000000000000000000000000000000000000000000000000000000000000000000000001110000000000000000000000000000000000000
000000000000000000000000000000000000111010000100000000000000000001010000000000001000000000000000000001000000011011000000000000000000000000000000000000000000000010000000000000000000000000000000000000001100010000000000000000000000000000000000
000000001100000000000000000000000000100100000100000000000000000000100000000000000000000000000000000000000000010001000000000000000000000000000000000000000000000010000100000000000000000000000000000000001000111100000000000000000000000000000000
000000001100000000000000000000000000101000000000000000000000000000000000000000000000000000000000000000110000001110000000000000000000000000000000000000000000000010001010000000000000000000000000000000000001111110000000000000000000000000000000
000000000000000000000000000000000000010000000000000000110000000000000000000000000000000100000000000000110000000100000000000000000000000000000000011100000000000000001001000000000000000000000000000000000011100001000000000000000000000000000000
000000000000000000000000000000000000000000000000000000110000000000000000000000000000001010000000000000000000000000000000100100000000000000000000100010000000000000000110000000000000000000000000000000000000001111101000000000110000000000000000
000000000000110000000000000000000000000000000000000000000000000000000000000000000000000011000000001100000000000000001001100100000000000000000000100010000000000000000000000000000000000000000000000000000000001101100100000000110000000000000000
000000000000110000000000000000010000000000000000000000000000000100000010000000000110000000000000001100000000000000010001000100000000000000000000100000000000000000000000000000000000000000000000000000000000000001001000000000000000000000000000
000000000000000000000000000000101000000000000000000000000000001100000101000000001001000000000000000000000000000000110000001000000000000001000000010000000000000000000000000000000000000000000000000100000000000001100110000000000000000000000000
000000000000000000000000000000101000000000000000000000000000000000000000110000011000000000000000000000000000000000110000101000000000000001000000000001000001100000000000000000000000000000000000001010000000000001101110000000000000000000000000
000000000000000000000000000000010000000000000000000000000000101000000111011100111000000011000000000000000000000000000000000001100000000000000000000000100001100000000000000000000000000000000000000110000000000000000100000000000000000000000000
000000000000000000000000000000000000000000000000000000000001000001100000001100011000000110000000000000000000000000100010000011100000000000010000001000100000000000000010000000000000000000000000000000001110000000110100000000000000000000000000
000000000000000000000000000000000000000000000000000000000011000111010000100010001001000000000000000000000000000000101111000011011001001000010100001000100000000000000010000000000000000000000000000000000011000000011000000000000110000000000000
000000000000000000000000000000000000000000000110000000000000000100000110111100000110000000000000000000000000000000100101100110111001000100001000100111000000000000000010000000000000000000000000000000100000110000010000000000001001000000000000
000000000000000000000000000000000000000000000110000000000000110000010100001000000000000000000000000000000000000000000000100010111100011000000000110000000000000000000000000000000000000000000000000001100110110000000000000000000110000000000000
000000000000000000110000000000000000000000000000000000000000001000001000000000000000000000000000000000000000000000000001000000000011100000000000111000000000000000111000000000000000000000000000000000001010011000000000000000000000000000000000
000000001000000000110000000000000000000000000000000000000000000000000000000000000000000000000000000000000000000000001110000000000000000000000110000000000000000000000000000000000000000000000000000001011011111000000000000000000000000000000000
000000010100000000000000000001001000110000000000000000000000000000000000000000000000000000000000000000000000000000000000000000000000000000001110000000000000000000000000000000000000000000000000000001110001110000000000000000000000000000000000
000000100100000000000000000010001001101000000000000000000000000000000000000000000001100000001000000000000000000000000000000010000010000000000000000000001100000000000000000000000000110000000000000001110000100000000000000000000000000000000000
000000011000001100000000000010000100100100000000000000000000000000011000000000000010010000010100000000000000000000000000001000010010000000000000110000001010000000000000000000000000110000000000000000000000000000000000000000000000000000000000
000000000000001100000000000011011100000100000000000000000000000000000000000000000010010000011000000000000000000000000000000000010010000000000000100000011010000000000000000000000000000000000000000000000111000000000000000000001000000000000000
000000000000000000000000000000110111100100000000000000000000000000010010000000000001100000000000000000000000000000000000010000010000000000000000000100110110000000000000000000000000000000000000001110000111000000000000000000010100000000000000
000000000000000000000000000000001110001000000000011000000000000000011100000000000000000000000000000000000000000000000000000101100000000000000000110110111001001100000000000000000000000000001000001000111000100000000000000000111000000000000000
000000000000000000000000000000000001110000000000011000000000000001100100010110000000000000000000000000000000000000000000000000000000000000000000100100011101001100000000000000000000000000011100000111111011000000000000000000101000000000000000
000000000000000000000000000000000000000000000000000000000000000110110100010100100000000000000000000000000000000000111000000000000000000000000000011000001001000000000000000000000000000000100100000001000111000000000000000000010000000000000000
000000000000000000000000000000000000000000000000000000000000000110000010000111100000000000000000000000000000000001000000000000000000000000000000000000011000000000000000000000000000000001111101000000000000000000000000000000001110000000000000
000000000000000000000000000000000000000000000000000000000000000111011100011100000000000000001000000000110000000100011000000000000000000000000000000000011000000000000000000000000000000000111101100000000000000000000000000000000110000000000000
000000001010000000000000000000000000000000000000000000000000000000000000010001100000000000011000000110000000000100000000000000000000001000000000000000000000000000000100000000000000000000000000000000011000000000000000000000000101000000000000
000000001110000000000000000000000000000000011100000000000000000000000000000010100000000000010100011100000100000110001000000000000001010000000000000000010100000000001110000000000000000000000010000000011000000000000000000000000000000000000000
000100000010000000000000000000000000000000000000000000000000000000000000000011000000000000100000110101000111100000111000000000000010001000000000000000100010000000001001000000000000001100000000000000000000000000000000000000000000000000000000
000100001100000000000000000000000000000000000000000000000000001100000000000101000000000000111001000010000111100000111000000011000000101100000000000000010100000000001100100000000000001100111000000000000000000000000110000000000000000000000000
000100000000000000000000000000000000000000000000000000000000010100000000000110000000000001000000111010000000000000000000000001011001001100000000000000001000000000000101000000000000001100000000000000000000000000000101100000000000001100010000
000000000000000000000000000000000000000000000000000000000000101100000000000000000000000001100000000001110000000000000000000000000100000000100000000000000000000000010000000000010000111000000010000000000000000000000001100000000000001010011000
000000000000000000000000000000000000000000000000000000000001101100000000000000000000000000000000000000000000000000000000001000000100001000001000000011000000000000011100000000110000111000000001100000000000000000000101100000000000001110011100
000000000000000000000000000000000000000000000000000000000001101000000000000000000000000000000000000000000000000000000000001000010000000100001000000011000000011101011100000000110000110000111100000000000000000000000110000000000000000100001001
000000000000000000000000000000000000000000000100000000000000001011000000000000000000000000000000000000000000000000000000000000001000000010000000000000000000111110111000000100000000000001111100001000000000000000000000000000000000000000001000
000000000000110000000000000000000000000000001101110000000000001001000000000000000000000000000000000000000000000011000000001000000000000000000000000000000001000111110110000010001100000000100101001000000000000000000000000000000000000000001000
100000000000100001000000000000000000000000011001100000000000001010000000000000000000000000000000000000000000000011100000001000000101000001000000000000000000100001000110000100001100000000011100000000000000000000000000000000000000000000000001
000000000000000001100000000110000000000000001110000000000000001110000000000000000000000000000000000000000000000010110000000000000000000010100000000000000000000010111100000000000000000000001000000000000000000000000000000000000000000000000010
100000000000000001000000000110000000000000001000110000000000000000000000000000000000000000000000000000000000000001101000000000000000110010000000000000000000000010000100110000000000000000000000000000000000000000000000000000000000000000000101
100001110000000000000000000000000000000000001000100000000000000000000000000000000000000000000000000000000000000001100000000000000000000001101000000000000000000010111001000000000000000000000000000000000000000000000000000000000000000000000100
000011110000000000000000000000000000000000001001000000000000000000000000000000000000000000000000000000000000000001010000000000000000000000010000000000000000000000001010001000000000000000000011000000000000000000000000000000000000000100000111
000011001000000000000000000000000000000000000100100100100000000000000111000000000000000000000000000001100000000011000000000000000000000000000000000000000000000000000001001000000000000000000011000000000000000000000000000000000000001010000000
000100000000000000000000000000000000000000000011100111000000000000000000100100000000000110000000000010010000000001111100000000000000000000000000000000000000000000000000001000000000000000000000000000000000000000000000000000000000001100000000
000000000000000000000000000000000000000000000011100110000000000000001001010100000000001101000000000001010000000100101100000000000001000000000000000000000000000000111000101000000000000000000000000000000000000000000000000000000000000000000000
000000000000000000000000000000000000000000000000000000000000000000001000010000000000000001000000000000100000000011100000000000000011000000000000000000000000000000100100010001000000000000000000000000000000000000000000000000000000000000000000
000000000000000000000000000000000000000000000000000000000000000110000101100000000000000000000000011100000000000100001000010000000010000000000000000000000000000000001010000010100000000000000000000000000000000000000000000000000000000100100000
000011000000000000000000000000000000000000000000000000000000000110000101000000000000011010001100000100000000000011110001001000000100100011100000000000000000000000001001000100110000000000000000000000000000000000000000000000000000001000000000
000011000000000000000000000000000000000000000000000000000000011100000000000000000000000000010010000000000000000011100000110000000100100000000000000000000000000000000110000101100000000000000000110000000000000000000000000000000000001000001100
000000000000000000000000000000000000000000000000000000000000101000000000000000000000010000100000011100000000000000000000000000001001000000000000000000000000000000000000000001110000000000000001001000110000000000000000000000000000001010000100
000000000000000000000000000000100000000000000000000000000001101100000000000000000001101101111100000100000000000000000000000000001110000000000000000000000000000000000000000000011000000000000000110000110000000000000000000000000000000000011110
000000000000000000000000000000100000000000000000000000000001101000000000000000011111000101100000010000000000000000000000000000001100000000000000000000000000000000000000001010100000000000000000000000000000000000000000000000000000000100011000
000000001110000000000000000001010000000000000000000000000010010000000000000000010111010011100000011101100000000000000000000000100100000000000000000000000000000000000000000000000000000000000000000000000000000000000000000000000000000001100000
000000000000000011000000000000000000000000000000000000000001111100000000000000010010000000111000001100100000110000000000000000000110000000000000000000000000000000000000000000001000000000000000000000000000000000000000000000000000000000000000
000000000000000011000000000000001000000000000000000000000000000100011000000000000110110000000000000100100000110000000000000010000001000000000000000000000000000000000000001111000000000000000000000000000000000000000000000000000000000011100000
000000000000000000000000000001001010000000000001000000000000000010011000000000000001100100000000000011000000000000000000000010000001000000000000000000000000000000000000001110000000000000000100000000000000000000000000000000000000000000010000
000000000000000000000000001101000001000000000010100000000000001100000000000000000001100100011100000000000000000000000000000010000001000000000000000000000000000000000000010100100100000000001010000000000000000000000000000000000000000001010000
000000000000000000000000001100011010000000000000010000000000001100000000000000000000000111000010000000000000000000000000000001000010000000000000000000000000000000000000010110000000000000001001000000000000000000000000000000000000000001110000
000000000000000000000000000100110100000000001000100000000000010001000000000000000000000101100001000000000000000000000000000000011000000000000000000000000000000000000000001000011000000000000110000000000000000000000000000000000000000000000000
000000000000000000000000000110100000000000001110000000000000111111000000000000000000000011000001000000000000000000000000000000000000000000000000000000000000000000000000001000100000000000000000000000000000000000000000000000000000000000000000
000000000000000000000000000001100000000000000000000000000000100000000000000000000000000011001101100000000000000000000000000000000000000000000000000000000000000000000000000011000000000000000000000000000000000000000000000000000000000000000000
000000000000000000000000000000000000000000000000000000000000011011000000000000000000000111010001000000000000000000000001100000000000000000000000000000000000000000000000000000000000000110000000000000000000000000000001000000100000000000000000
000000000000000000000000000000000000000000000000000000000000000001000000000000000000000101101110000000000000000000000001100000000000000000000000000000000000000000000000001100000000001001000000000010000000000000000010100000000000000000000000
000000000000000000000000000000000000000000010000000000000000000000000000000000000000000100000100000000000000000000000000000000000000000000000000000000000000000000000000010010000000000110000000000111000000000000000100010010100000000000000000
000000000000000000000000000000000000000000000001000000000000000000000000000000000000000011100000000000000001100000000000000000000000000010000000000000000000000001100000001010000000000000000000001100100000000000000010100000100000000000000000
000000000000000000000000000000000000000000000001000000000000000000000000000000000000000001000000000000000001100000000000000000000000000101000000000000001100000001100000000100000000000000001100001100110000000000000001000000000000000000000000
000000000001100000001101010101000000000000001001100000000000000000000000000000000000000000000000000000000000000000000000000000000000000000100000000000010010000000000011100000000000000000010100001011100000000000000000000000000000000000000000
000000000001100000010001110000000000000000001000000000000000000000000000000000000000000000000000000000000000000000000000000000000000000100100000000000001100000000000100000000000001100000011000000111000000000000000000000000000000000000000000
000011000000000000110100010010000000000000000111000000000000000000000000000000000000000000000000000000000000000000000000000000000000000010110000000000000000000000000100100000000001100000000000000000000000001110000000000000000000000000000000
000100000000000000110011110011000000000000000111000000000000000000000000000000000000011000000000000000000000000000000000000000000000000000111000000000000000000000000011000000000000000000000000000000000000001110000000000000000000000000000000
001110100000000000000000100100000000000000000111000000000000000000000001000000000000100100000000000000000000000000000000000000000000000110110000000000000000000000000000001000000000000000000010000000000000010010000000000000000011100000000000
000001000000000000110000000000000000000000000010000000000000000000000001000000000010000100000000000000000000000000000000000000000011000110010000000000000000000000000000010100000000000001100010000000000000011000000000001000000000000000000010
000000000001110000000000000000000000000000000000000000000000000000000001000000001110001000000000000000000000000000000000000111000010100011100000000000000000000000000000011000000011000000000010000000000000000000000000010000000000000000110001
000000100000000000101000000000000000000000100000111000000000000000000000000000010000001000000000000000000000000000000000000000000000100001000001110000000000000000000000000000000100100010010000000000000000000000000000001000000000000001000101
000010010000000000010000000000000000000001010000000000000000000000000000000000000110010000010100000000010000000000000000100000000000000000000000000000000000000000000000000000000101000010000000000000000000000100000000000000000000000111110110
000000010000000000100010000000000000000010000000000000110000000000000000000000001111101100100011000000010000000000000000101000000000100000000000000000000000000000000000000000000010000001111100000000000000000100000000000000000000000110000000
000010100000000001111001000000000000000001001000000000110000000000000000000000000000000000010001000000010000000000000000000000000000011100000000000000000000000000000000000000000000000100000100000000001101001100000000000000000000000000000000
000000000000000001000010000000000000000000100000000000000000000000000000000000000000000000001110000000000000110000000000001000000000111100000000000000000000000000000000000000000000000111111000000000001101001100000000010000000000000000000011
000000000000000000100000000000000000000000000000000000000000000000000000000000000000000000000000000000000000110000000000001110000011100000000000000000000000000000000000000000000000000111110000000000001101000011000000000010000000000000000110
000000000000000000101000000000000000000000000000000000010000000000000000000000000000000011010000000000000000000000000100000000110000011000000000000000000000000000000000000000000000000000000000000000000100000000000000000010000000000000000000
000000000000000000000000000000000000000000000000000000101000000000000000000000000000001000001000000000000000000000000100000000010111010000000000000000000000000000000100000000000000000000000000000011100000000000000001000010000000000000000000
000000000000000000000000000000000000110000000000000000101000000000000000000000000000010000001000000000000000001110000100000000010000000000000000000000100000000000000100000000000000000000000000000101010000001101000000000010000000000000000000
000000000000000000000000000000000001001000000000000000010000000000000000000000000000001010010000000000000000000000000000000000001000011100000000000001010000000000000100000000000001000000000000000100010101100100000000000000000000000000000000
000000000000000001100000000000000001010000011100000000000000000000000000000000000000000000000000000000000000000000000000000000000000111100000000000001010000000000000000000000110010100000000000001010100101010110000000011000000000000000000000
000000000000000010100000000000000000100000001000000000000000000000000000000000000000000000000000000000000000000000000000000111000110110000000000000000100000000000000000000000110010100000000000101010011101110000000000000000000000000000000000
000000000000000011000000000000000000000000000000000000100001110000000000000001000000000000100000000000000000000000000000000111000000000000000000000000000000000000000001000000000001000000000000100000000100100010000000000010000000000000000000
000000000000000000000000000000000000000000000000000001010000110000000000000010100000000000110000000000000000000000000011001101100000000000000000011000000011000000000010100000000000000000000000000000100000001101000000000010000000000000000000
000000000000000000000000000000000000000000000000000010000100010000000000000001100000000000000000000000000000011000000011000111001110000000000000100100000100100000000010100000000000000000000000110001000000000110110000000000000000000000000000
000000000000000000000000000000000000000000000000000010000100010000000000000000000000000000000000000000000000011000000000000111000100011100000000011000000011000000000001000000000000000000000000110010000000000001000000000000000000000000000000
000000000001100000000001110000000000000000000000000010000000100000000000000000000000000000000000000000000000000000000000000010000011001000000000000000000000000000000000000001100000000000000000001000000000000000000000000000000000000000000000
000000000001100000000000010000000000000000000000000001011000000000000000000000000000000000000000000000000000000000000000000000000010001000000000000000100000000000000000000001100000000000001110001110000000000000000000000000000000000000001100
000000000000000000000000100000000000000000000000000000100000000000000000000000000000000000000000000000000000000000110000000000000001110000000000000001010000000000000000000000000001000000000000000000000000000000000000000000000000000000001100
000000000000000000000000000000000000000000000000000000000000011000000000000000000000000000000000000000000000000000110000000000100000000000000000000001010000000110000000000000000010100000000000100000000000000000000000000000000000000000000000
000000000000000000000000000000000000000000000000000000000000110000000000000000000001000000000100000000000000001100000110110000010000000000000000000000100000110110111000000000000001100000000000100000000000000000000000000000000000000000000000
000000000000000000000000000000000000000000000110000000000000001000000000001100000001000000000011011000000000010010000110110000000000000000000000000000000000110001111000000000000000000000000000100000000000000000000000000000100000000000000000
000000000000000000000000000000000000000000000110000000000000000000000000001100000001000000000000000110000000001100000000010000000000000000000000000000000001000110000000000000000000000000000000000000000000000000000000000010010000000000000000
000000000000000000000000000000000000000000000000000000000000000000000000000000000000000000000011100010000100000000000110000000000000000000000000000000000000110110000000000000000000000000000000000000000000000000000000000001110000000000000000
000000000000000000000000010000000000000000000000000000000000000000000000000000000000000000000001000010000100000000000000001000000000000000000000000000000000110000000000000000000000000000000000000000000000000000000000000000000000000000000000
000000110000000000000000010000110000000000000000000000000000000000000000000000000000000000000000111100000000000000000001000000000000000011100000000000000000000000000000110000000000000000000000000000000000000000000000000000000000000000000000
000000011000000000000000010000110000000000000000000000000011110000000000000000000000000000000000010000000000000000000001000000000000000000000000000000000000000000000000110000000000000000000000000000000000000000000000000000000000000000000000
000000010000000000000000000110100000000000000111000000000100101000000000000000000000000000000000000000001000000000000001000110000000000000000000000000000000000000000000000000000000000000000000000011000000000000000000000000000000000001100000
000000000000011000000000000100100000000000001000100000000111010000000000000000000000000000000000000000011100000010000011100010000000000000000000000000000000000000000000000000000000000000000000000011000000000000000000000000000000000010010000
001100000000101000110000000010100000000000010000010000000000000000000000000011000000000000000000000000100010000010010010010000000000000000000000000000000000000000000011000000000000000000000000000000000000000000000000000000000000000001100000
000000000100010000010110000001000000000000111000100000000000000000000000000010100000000000000000000001001110000010001101100000000000000000000000000000000000000000000100100000000000000000000000000000000000000000000000000000000000000000000000
000000110000010000000110000000000000000000010111000000000000000000000000000001000000000000000000000010011100000000000000000000000000000000000000000000000000000000000011000000000000000000000000000000000000000000000000000000000000000000000000
000001011000001000000001001000000000000000000100000000000000000000000000000000000000000000000000000000010000000000011000000000000000100000000000000000000000000000000000001000000000000000000000000000000000000000000000000000000000000000000000
000001111111011000000010001000000000000000000000000000000000000000000000000000000000000000000000000001010100000011000000000010000000100000000000000000000000000000000000010100000000000000000000000000000000000000000000000000000000000001100000
000000000000000000001000001000000000000000000000000000000000000000000000100100000110000000000000000100001010000010010000000001000000100000000000000000000000000000000000010100000000000000000000000000000000000000000000000000000001100001010000
000000000000000001011000000001110000000000000000000000001000000000000001000100001001000000000000000011100010001100010000110110000000000000000000000000000000000000000000001000010000000000000000000000000000000000000000000000000010010000011000
000000000000000000110000000001010001100000000000000000001000000000000010000100000110000000000000000010000100001101010000000100000000000000000000000000000000000000000000000000101000000000000000000000000000000000000000000000000001100000011000
000000000001100000000000000001001110010000000000000000001000000000000010000000000000000000000000000001000100001101010000110000000000000000000000000000000000000000000000000000010000000000000000000000000000000000000000000000000000000001010000
000000000010100000000000000001000000010000000000000000000000000000000011010000000000000000000000000001011000000011100000000000000000000000000000000000000000000000000000000000000000000000000000000000000000000000000000000000000000000001000000
000000000000010000000000000000111100000000000000000011100011100000000000111000000100000000000000000000100000000000000000000000010000000000000000000000000000000000000000001100000000000000000000000000000000000000000000000000011000000001000000
000000001000010000000000000000000101000000000000000000000000000000000000111000000100000000000000000000000000000000000000000000101000000000000000000000000000000000000000001100000000000000000000000000000000000000000000011000011000000000000000
000000010000010000000000000000000000100000000000000000001000000000000000000000000000000000000000000000000000000000000000000000000100000000000000000000000000000000000000011100000000000000000000000000000000000000000000100110000000000000000000
000000001000010000000000000000000001000000000000000000001000000000000000000000000000000000000000000000000000000000000000000001000100000000000000000000000000000000000000000000000000000000000000000000000000000000000000100100000000000000000000
000000000100010000000000000000100001000000000000000000001000000000000000000000000000000010000000000000000111000000000000000001010101000000000000000000000000000000000000000000000000000000000000000000000000000000000000011011010000011000000000
000000000000000010100000011111010000000000000000000000000000000000000000000000000000000100100000000000000100100000000000000000000000000110000000000000000000000000000000000000000000000000000000000000000000000000000000000000110000100100000000
000000000000000110010000100010001000000000000000011100000000000000000000000000000000000100100000000000000100010000000000000001000001000100100000001110000000000000000000000000000000000000000000000000000000000000000000000000000000010010000000
000000000001110110110001001001000100000000000000001110000000000000000000000000000000000001000000000000011110100000000000000000110000001000010001011000000000000000000000000000000000000000000000001000000000000000000000000000000000010010000000
000000000000000100010000000010010010000000000000000000000000000000000000000000000000100000000000000000011101000000000010000000000110001000010000110000000000000000000000000000000000000000000000011100000000000000000000000000000000001010000000
000000000000010000110000000010010000000000000000000000000000000000000000000000000001010000000000000000011000000000000101100000000000000000001000011101011100000000000000000000000010000000000000100010000000000000000000000000000000001100000000
000000000000010000000000000010001110000000000000000000000000000000000000000000000001010000000000000000000000000000000101100000000000000010100100001101100010000000000000000001000000010000000000110110000110000000000000100000000000000000000000
000000000000000000110000011100000000000000000000000000000000000000000000000000000000100000000000000000000000000000000010010000000000000001101100000100001100000000000000000010100000000000000011000000001001000000000000100000000000000000000000
000000000000000000110000000000000000000000000000000000011000110000000111000000000000000000000000000000000000000000000000110000000000000000010000001101101000000000000000000010100001110100000101000000000101000000000000100000000000000000000000
000000000000000000000000000000000000000000000000000000000100000000000000000000000000000110000000000000000000000000000000011000000000000000001000001100000000000000000000000011000000100000000100000001000010000000000000000000000000000000000000
000000000000000000000000000000000000000000000000000001010110001000000000000000000000000001000000010000000000000000000000000000000000000000000000111000000000000000000000000000000011001001000000000011111100000000000000000000011000000000000000
000000000000000000000000000000000000000000000000000100010010001000000000000000000000100001000000101000000000000000000000000000000000000000000110110000000000000000000000000000000000111111000000000101110010000000000000000000011000000000000000
000000000000000000000000000000000000000111000000000110001010100100000000000000000000000010110001000100000000000000000000000000000000000000000110000000000011000000000000000000000000100000000000000000000010000000000000000000000000000000000000
000000001100000001000011000000000000000000000000000000001011001100000000000000000001000101001011010110000000110000000000000000000000000000010000010001000011000000000000000000000000110111000000000000010001000000000000000000000000000000000000
000000001100000001000100100000000000000000000000000000100110101000000000000000000000101001001111010010000001001000000000000000000000000000000000000010100000000000000000000000000000011110000110000000001111000000000000000000000000001110000000
000000000000000001000011000000000000000000000000000000011000011000000000000000000000010000101111111011000000110000000000000001100000000000000000000000010000000000000000000000000000110111001001000001111010000000000000000000000000011100000000
000000000000000000000000000000000000000000000101000000000000000000000110000000000000000000000000011111000000000000000000000010100000000000001001000000100000000000001100000000100010110001001010000001000000000000000000000000000000000000000000
000000000000000000000000000000000000000000001001000000000000000000001001000000000000000000000000000011000000000000000000000011000000000000000011000011000000000000001010000000111110010000000100000010001000000000000000000000000000000000000000
000000000000000000000000000000000000000000000101000000000000001100011000100000000000000000000000000000000000000000000000001100000000000000000101100000000000000000000100000000111110100000000000000000000000000000000000000000000000000000000000
000000000000000000000000000000000000000000000110000000000000010000000001000000000000000000000011000000000000000000000000010100011000000000000011100000000000000000000000000000001111100000000000000001001000000000000000000000000000000000011000
000000000000000000000000001100000000000000110000000000000000001100001101000000000011100000000011111000000000000000000000011000011000000000000000110000000000000000000000000000000111000000000000000000111000000000000000000000000000100000011000
000000000000000000000000001100000000000000110011000000000000000000011010000000000000000000000011011111000000000000000000000000000000000000000000000000000000000000000000000000001011000000000000000000000000000000000000000000000000011000000000
000000000000000000000000000000000111000000011110000000000000000000011011000000000000000000000001001011000000000000000000000000000000110000000000000000000000000000000000000000001100001100000000000000010000000000000000000000000011011000000000
000000000000000000000000000000000000000000101110000000000000000000010110000000000000000001000001101011000000000000000000000000000001001000000000000000000000000000000000000000010100011000000000000000101000000000000000000000000011101000000000
000000000000000000000000000000000000000000110010000000000000000000001110000000010001000001000000100010000000000000001100000000000001001000000000000000000000000000000000000000110100010000000000000001001000000000000000000001100110001110000000
000000000000000000000000000000000000000000011011000000000000000000001100000000101001100001000000010100000000000000010010000000000000110000000000000000000000000000000000000000010100000000000000101011010000000000000000001111011110000000000000
000000000000000000000000000000001110000000010001000000000000000000000000000000000100000000000000001000000000000000001100000000000000000000000000000000000000000000000000000000001000000000000000011011100000000000000000011110100001001110000000
000000000000000000000000000000001010000000001001000000000000000000000000100000101000000000000110000000000000000000000000000000000000000000000000000000011000000000000000000000000000000000000000011010000000000000000000101000111101000000000000
011000000000000000000000000000000010000000001000000000000000000000000001110000000000000000000110000000000000000000000000000000000000000000000000000000100010000000000000000000000000000000000000000100000001100000000000010000101000000000000000
100100000000000000000000001000001100000000000111000000000000000000000010001000000000001100000000000000000000000000000000000000000000000000000000000001000000000000000000000000000000000000000000000000000001010000000000000000001010000000000001
000100000000000000000000010100001100000000000110000000001100000000000011011000000000001100000000000000000000000000000000000000000000000000000100000011000000100000000000000000000000000000000000000000000001000000000000000000011100000000000001
001000000000000000000000000000000000000000001010000000010100000000000000000000000000000000000000000000000000000000000000000000000000010000001011000100010011100000000000000000000000011010000000000000000000000000000000000001000000000000000001
111000000000000000000000010110000000000000000001000000001000000000000000000000000010000000000001100000000000000000000000000000000000101000001011000000011001000000000000011000000000101010110000000111000000000000000000000100100000000000000000
000000000000000000000000001100000000000000001011000000000000000000000000000000011011000110000011110000000000000000000000000000000000101000000110000010001000000000000000100000000000111010000011001001000000000000000000000001000000000000000000
000000000000000000000000000010000000000000000000000000000000000000000001100001000101000001000000010000000000000000000000000000000000010000000000000001100000000000000000111010000000000010000111001101000000000000000000001110000000000000000000
000000000000000111000000000000000000000000000000000000000000000000000001100000010001110110001110100000000000000000000000000000000000000000000000001001100000000000000000000011000000000010010011000000110000000000000000000000000000000000000000
000000000000000000000000000000000000000000000000000000000000000000000000000000000101000000001110000000000000000001100000000000000000000000000000010011110000000000000000100001000000000000000000000000110000000000000000000000000000000000010000
000000000000010000000000000000111000000000000000000000000000000000000000000100011011000000010100000000000000000001100000000000000000000000000001000001000000000000000001001101000000000001100000000001001000000000000000000000000000000000101100
000000000000101000000000000000000000000000000000011000000000110000000000000100010010001100010000000000000000000000000000000000000000000000000010110000000000000000000001000001000000000011000000000000110000000000000000000000000000000000011001
100000000000101000000000000000000000000000000000001000000000110000000000000010000000001110100101110000000000000000000000000000110000000000000000000110000000000000000001111101000000000000000000000000000000000000000000000000000000000000001000
000000000000010000000000000000000000000000000000001100000000000000000000000000000000001100111010000000000000000001000000000000110000000000000101101000000000000000001101000100000000000000000000000000000000000000000000000000000000000000100001
000000000000000011000000000000000010000000000000001100000000000000000000000000000000001001100001001011000000000001000000000000000000000000000010000000000000000000011101111000000000000000000000000000000000000000000000000000000000000000101000
000000000000000011000000000110000101000000000000000000000000000000000000111000000000011101000001000001000000000001000000000000000000000000000000000001100000000000001101000100000000000000000000000000000000000000000000000000000000000000010000
000000000000000000000011000101000110000000000000000000000000000000000000000000000000011100000000101111110000000000000000000000000000000000000000000001100000011000000001111101000000000000000000000000000000000000000000000000000000000000000000
000000000000000000000011000010000000000000000000000000000000000000000000000000000000000000000000101000010000000000000000000000000000000000000000000000000000011000000001000001000000000000000000000000000000000000000000000000000000000000000000
000000000000000000000000000000000000000000000000000000000000000000000000000000000000000000000000000000010000000000000000000000000000000000000000000000000000000000000001001101000000000000000000000000000000000000000000000000000000000000000000
100000000000000000000000000000000000000000000000000000000000000000000000000000000000000000000000000000000000000000000000000000000000000000000000000000000000000000000000100001000000000000000000000000000000000000000000000000000000000000000011
000000000000000000000000000000000000000000000000000000000000000000000011000000000000000000000000000000000000000000000000000000000000000000000000000000000000000000000000001000000000000000000000000000000000000000000000000000000000000000000000
000010000000000000000000000000000000000000000000000000000000000000000011000000000000000000000000000000000001000000000000000000000000000100000000000000000000000000000000110000000000000000000000000000000000000000000000000000000000000000000000
000001100000000000000000000000000000000000000000000000000000000000000000000000000000000000000000000000000010100000000000000000000000001010000000000000000000000000000000100001100000000000000000000000000000000000000000000000000000000000000000
000011000000000000000000000000000000000000000000000000000000000000000000000000000000000000001110000000000010100000000000000000000000001010000000000000000000000000000000011101100000000000000000000000000000000000000000000000000000000000000000
000000000000000000000000000000100011000000000000000000000000000000000000000000000000000000000000000000000011100000000000000000000000000100000000000000000000000000000000000000010000000000000000000000000000000000000000000000000000000000000000
000000000000000000000000000000100011000000000000000001000000000000000000000000000000000000000000000000000001100000000000000000000000000000000000000000000000000000000000000000111000000000000000000000000000110000000111100000000000000000000000
000000000000000000000001101000100000000000000000000010100000000000000000000000000000000000000000000000000010110000000000000000000011000000011000000000000000000000000000000000100000110000000000000000000000110000001101100000000000000000000000
011000000000000000000001000001000000000000000000000010100000000000000000000000000000000000000000000000000110010000000000000000000100100000100100000000000000000000000000000000000001010000000000000000000000000000011001001000000000000000000000
011000000000000000000000100010000000000000000000000001000000000000000000000000000000000000000000000000000110100011000000000000000011000000011000000000000000000000000000000000001101110000000000000000000000000000001000111000000000000000000000