000000000000000000000000011100000000000000000000000000000000000000000000001111000000000000000000000000000110000000000000000000000000000000000000000000000000000000000001000000001000000000000000000000000000000000000000100100000000000000000000
000000000000000000000000001000000000000000000000000000000000000000000000001100110000000000000000000000000001010000000000000000000000000100000000000000000000000000000010100000000100010000000000000000000000000000000000110100000000000000000000
000000000000000000000000000000000000000000000000000000100000000001110000010101110000000000000000000000000000100000000000000000000000001010000000000000000000000000000010010000000000110000111000000000000000000000000000011000000000000000000000
000000000000000000000000000000000000000000000000000000100000000001010000011000110000000000000000000000000000000000000000000000000000001010000000000000000000000000000001100000000100100000000000000000000000000000111000000000000000000000000000
000000000000000000000000000000000000000000000000000000000000000010010000000001000000000000000000000000000000000000000000000000000000000100000000000000000000000000000000000000000110000000000000000000000000000000000000000000000000000000001100
000110000000000000000000000000000000000000000000000000001000000011000000000000000000000000000000000000000000000000000000000011000000000000000000000000000000000000000000000000000000000000000000000000000011000000000000000000000000000000010100
000110000000000000000000000000000000000000000000000000011000000000000000000000000000000000000000000000000000000000000000000011000000000000000000000000000000000000000000000000000000000000000000000000000100100000000000000000000000000000011000
000000000000000000000000000000000000000000000000000000100000000000000000000000000000000000000000000000000000000000000000000000000000000000000000000000000000000000000000000000000000000000000000000000000011000000000000011011000000000000000000
000000000000000000000000000000000000000000000000000000000000000000000100000000000000000000000000000000000000000000000000000000000011000000000000000000000000000000000000000000000000000000000000000000000000000000000000110010011000000000000000
000000000000000000000000000000000000000000000000000000000000000000001100000000000000000000000000000000000000000000000000000000000011000000000000000000000000000000000000000000000101110000000000000000000000000000000000011010001110000000000000
000000000000000000000000000000000000000000001100000000000000000000101000000000000110000000000000000000000000000000000000000000000000000000000000000000000110000000000000000000011010000100000000000000000000000000000000001010101010000000000000
000000000000000000000000000000000000000000001100000000000000000001001000000000001000000000000000000000000000000000000000000000000000000000000000000000000110000000000000000000000010110010000000000000000000000000000000000000100010000000000000
000000000000000000000000000000000000000000000000000000000000000000100000000000001110000000000000000000000000011000000000000000000000000000000000000000000000000000000000000000000000001110000000000000000000011100000000000000100100000000000000
000000000001000000000010000000000000000000000000000000000000000000000000000000000000100000000000000000000000100100000000000000000000001110000000000000000000000001000000000000000000000110000000000000000000011100000000000011011000000000000000
000000000010100000000101000000000000000000000000000000000000000000000000000000000100110000000000000000000000011000000000000000000000000000000000000011000000000001000000000000000000000000000000000000000000000000000000000000000000000000000000
000000000011000000000010000000000000000011100000000000000000000000011000000000000110001000000000000000000000000000000000000000000000000000000000000011000000000001000000000000000000000000000000000000000000000000000000000000000000000000000000
000000000000000000000000000000000000000000000000000000000100000000100010000000000000111000000000000000000000000000000000000000000000000000000000000000000000000000000000000000000000000000000000000000000000000011100000000000000000000000000000
000000000000000000000000000000000000000000000000000000001001000000100100000000000001001000000000000000000000000000000000000000000000000000000000000000000000011100011100000000000000000000000000000000000000000000000000000000000000000000000000
000000000000000000000000000000000000000000000000000000010000100001001000000000000001110000000000000000000000000000000000000000000000000000000000000000000000000000000000000000000000000000000000000000000000000000000000000000000000000000000000
000000000000000010000000000000000000000000000000000111110001100011010000000000000010010100000000000000000000000000000000000000000000000000000000000000000000000001000000000000000000000000000000000000000000000000000000000000000000000000000000
000000000000000101000000000010000000000000000000011000011000100001000000000000000111011010000000000000000000000000000000000000000110000000000000000000000000000001000000111000000000000110000000000000000000000000000000000000000000000000000000
000000000000001001000000000010000000000000000000111000010100000001110001000000000111011010000000000000000000000000000000000011100000000000000000000000000000000001000000100100000000000110000000000000000000000000000000000000000000000000000000
000000000110000110000000000010000000000000000011000001110110000001001110101100000111011000000000000000000000000000000000000000000100000000000000000000000000000000000000100000000110000110000000000000000100000000000000000000000000000000000000
000000000110000000000000000000000000000000000101011001000000000000000100001100000000001100000000000000000000000000000000000000001100010000000000000000110000000000000000100000000000000000000000000000001001000000000000000000000000000000000000
000000000000000000000000000000000000000000000010111010010101000000000101100000000000001100000000110000000000000000000000000000000001010000000000000000110000000000000000100000000000000000000000000000000000100000000000000000000000000000000000
000000000000000000000000000000000000000000000000011111110000001100000110000000000000011100000001001000000000000000000000000000010010000000000000000000000000000000000000100000000000000000000000000000010000100000000000000000000000000110000000
000000000000000000000000000000000000000000000000000010001001110100000100000000000010100010000000110000000000000000000000000110010000000000110000000000000000000000000000011000000000000000000000000000000001100000000000000000000110000110000000
000000000000000000000000000000000000000000000000000010100000000000000000000000000110000110000000000000000000000000000000000111000000000001011000000000000100000000000000100011000000000000000000000000000000000000000000000000000110000000000000
000000000000000000000000000000000000000000000000000001100000000000000000000000000100010100000000000000000000000000000000000001001110000000101100000000000100000000000001101010000000000000000000000000001110000000000000000000000000000000000000
000000000000000000000000000011000000000000000000000001110000000110000000000000000111000001000000000000000000000000000000000000000000000000000010000000000100000000000010000010000000000000000000000000000000000000000000000000000000000000000000
000000000000000000000000100011000000000000000000000000000000000111000000000000000011000001000000000000000000000000000000000000101110100000001010000111000000000000001111101000000000000000000000000000100000000000000000000000000000000000000000
000000000000000000000000100000000000000000000000000000000000001001100000000000000000000000000000000000000000000000000000000000011010011000001000001101100000000000000010000000000000000011100000000001010000000000000000000000000000000000000000
000000000000000000000000100000000000000000000000000000000001000100010000000000000000011100011100001000000000000000000000000000010010010000011010001100100000000000000011110000100000000000000000000001100000000000000000000000000000000000000000
000000000000000011000000000000000000000000000000010000000010100011100000000001000000000000000000000010000000000000000000000000000001010000000011000011000000000000000001001011110000000000000000000000000000000000000000000000000000000000000000
000000000000000011000000000000000000010100000000010000000010100001000000000001000000000001000000100100000000000000000000000000000001100000000101000000000000000000010000100010001100000000000000000000000000000000000000000000000000000000000000
000000000000000000000000000000000000010010000000010000000001000000000000000001000000000001000000100100000000000000000000011000000000000000000001100000000000000000100000000011000000000000000000000001100000000000000000000000000000000000000000
000000000000000000000000011000000111011010000111000000000000000000000000000000000000000001000001001000000000000000000000100100000000000000000101100000000000001111001000001000100010000000000000000010010000000000000000000000000000000000000000
000000000000000000000000100100000111000110000100100000000000000000000000000000000000000000000000110000000000001100000000011000000000000000000010010000000000001111001000000111010010000000000000000010010000000000000000000000000000000000000000
100000000000000000000000011000001000111100001100100000000000000000000000000000000000000000000000000000000000001110000010000000000000000000000001110000000000000000110000000010000110000000000000000001100000000000000000000000000000000000000010
100000110000000000000000000000000111111000001110110000000001100000000000000000000000000000000000000000000000010101000111000000000000000000000001100000000000000000110111100000001110000000000000000000000000000000000000000000000000000000000011
100000110000000000000000000000000011110000000001100000000001100000000000000000000000000000000000000000000000010110001101000000000000000000001100000000000000000000000000010000010001000000000000000000000000000000000000000000000000000000000001
000100000000000000000000000000000000000000000000000000000000000000000000000000000000000000000000000000000000001110011100000000000000000000011010000000000000000000010000011000010000010000000000000000000000000000000000000000000000000000000000
100110000000000000000000000000000000000000000000000000000000000000000000000000000000000000000000000000000000000100000000000000000000000000001001111000000000000000010100010000011010010000000000000000000000000000000000000000000000000000000000
101110000000000000000000000001000000000000000000000000000000000000000000000000000000000000000000000000000000000000000000000000000000000000001001110100000000000000011000110000000001000000000000000000000000000000000000000000000000000000000000
001000000000000000000000000001000001110000000000110000000000000000000000000000000000000000000000011000000000000000000000000000000000000000000110001000000011100000000101000000000000000000000000000000000000000000000000000000000000000000000000
000000000000000000000000000001000010001000000001010011010100000000000000000100000000000000000000011000000000000000000000000000000000000000000010000000000000000000000100000000000000000000000000000000000000000110000000000000000000000000000000
000000000000000000000000000000000101011000000011000001000010000000000000001010000000000000000000011100000000000000000000000000000000000000000000000000000000000000000100000000000000000000000000000000000000000110000000000000000000000000000000
000000000000000000000000000000001100011000000001010001000010000000000000000110000000000000000010000100000000000000000000000000000000000000000000000000000000000000011100000000000001000000000001000000000000000000000000000000000000000000000000
000000000000000000000000000000000010000000000000110000110011000000000000000000000000000000000010000100000000000000001100000000000000111000000000001101000000000000000000000000000001000000000010100000000000000000000000001100000000000000000000
001100000000000000000000000000001001110000000000000000010110000000000000000000000000000000000010000000000000000000010010000000000000000000000000001110000000000000000000000000000001000000000100100000000000000000000000001100000000000000000001
001110000000000000000000000000000111100000001000000000000110000000000000000000000000000000000000000000000000000000001100000000000000000000000000000000000000000000000000000000000001010100000011000000000000000000000000000000000000000000000011
001110000000000000000000000000000001000000001000000000010100000000000000000000000000000000000000000110000000000000000000000000000000000000000000000000000000000000000000000000000001000110000000000000110000000000000000000000000011000000000001
110100000000000000000000000000000000000000001000000000011100000000000000000000000000000000000000001101000000000000000000000000000000000000000000000010000000000000000000000000000000000010000000000000110000000000000000000000000011100000000000
111000000000000000000000000000000111000000000000000000001100100111000000000000000000000000000001000000000000100000000000000000000000000000000000000101000000000000000000000000000000001000000000000000000000000000000000000000000000100000000000
000000000000000000001110000000000111000000000011100000011000000000100000000011000000000000000011011000000001010000000000000000000000000000000000000101000000000000000000000000000000000000000000000000000000000000000000000000000000111000000000
000000000000000000000000000000001000100001100000000000011000100001000000000011000000000000001000011000000001010000000000000000000000000000000000000010000000000000000000000000000000000000000000000000000000000000000000000000000001101000000000
000000000000000000000000000000001101100001010000000000000000000011000000000000000000000000010001000000000000100000000100000000000000000000000000000000000000001000000000000000000000000000000000000000000000000000000000000000000000100000000000
000000000000000000000000011000000000000000000000000000000001100100000000000000000000000000001010000000000000000000001010000000000000000000000000000000000000001000000000000000000000000000000000000000000000000000000000000000000000000000000000
000000000000010000000000100100000000000000110000000000000001000000000000000000000000000000000010000000000000000000010010001100000000000000000000000000000000001000000000000000000000000000000000111000000000000000000000000000000100000010000000
000000000000010000011000011000000000000000000000000000000001110000000000000000001000000110011100000000000000000000001100010010000000000000000000000000000000000000000000000000000000000000000000000000000000000000000000000000001000000010000000
000000000000010000010100000001100001000100000000000000000000000000000000000000001000001001000000000000000000000000000000010100000000000000000000000000000000000000000000000000000000000000000000000000000000110000000000000000001111011100000000
000000000000000000001000000001010010101010000000000000000000000000000000000000001000001001000000000011100000001110000000001000000000000000000000000000000000000000000000000000000000000000000000000000000000101000000000000000011000011000000000
000000000000000000000000000010010100000000000000000000000000000000000000000000000000001001100010000100010000010001000000000000000000000000000000000000000000000000000000000000000000000001100000000000000000010000000000000000000001010000000000
000000000000000000000000000001001010111010000000000000011100000000000000000000000000000000110100001000110000010001000000000000000000000000000000000000000000000000000000000000000000000010010000000011000000000000000000000000000010001000000000
000000000000000000000000000001010011000000000000000000011100000000000000000000000000000101010000010000000001101110110000000000000000000000000000000000000000000011000000000000000000000010100000000100110000000000000000000000000001001000000000
000000000000000000000000000000000001000000000000000000001000000000000000000000000000000011100000010010000010100000101000000000000000000000000000000000000000000011000000000000000000000001000000000100000100000000000000000000000001001000000000
000000000000000000000000000000000001100011000000000000001000000000000000000000001100000011000000010000000010010001001000000000000000000000000000000000000000000000000000000000000000000000000000000011000010000000000000000000000000110000000000
000000000000000000000000000000000001011000000000000000011100000000100000000000010010000000000000001000110011110001111000000000000000000000000000000000000000000000000000000000000000000000000000000001100000000000000000000000000000000000000000
000000000000000000000000000000000000000000000000000000011100000001010000000000010100000000000000000100010000001010000000000000000000000000000000000000000000000000000000000000000000000000000000000000000010000000000000000000000000000000000000
000000000000000000000000000000000001000001001110000000000000000001010000000000001000000000000000000011100000011011000000000000000000000000000000000000000000000000000000000000000000000000000000000000010010110000000000000000000000000000000000
000000001100000000000000000000000001100100000000000000000000000000100000000000000000000000000000000000100000010001000000000000000000000000000000000000000000000111000100000000000000000000000000000000001101000010000000000000000000000000000000
000000001100000000000000000000000000101000000000000000000000000000000000000000000000000000000000000000110000001110000000000000000000000000000000001000000000000000001010000000000000000000000000000000000010000010000000000000000000000000000000
000000000000000000000000000000000000010000000000000000110000000000000000000000000000000100000000000000110000001110000000000000000000000000000000011100000000000000001001000000000000000000000000000000000010000000100000000000000000000000000000
000000000000000000000000000000000000000000000000000000110000000000000000000000000000000011000000000000000000000000000001100000000000000000000000101010000000000000000110000000000000000000000000000000000001011000010000000000110000000000000000
000000000000110000000000000000000000000000000000000000000000000000000000000000000000000111000000001100000000000000000001101110000000000000000001110000000000000000000000000000000000000000000000000000000000001000001100000000110000000000000000
000000000000110000000000000000010000000000000000000000000000001100000010000000000110000000000000001100000000000000111001101100000000000000000000110000000000000000000000000000000000000000000000000000000000000000011010000000000000000000000000
000000000000000000000000000000101000000000000000000000000000001100000011100000011010000000000000000000000000000000001000011100000000000000000000000000000000000000000000000000000000000000000000000100000000000010000010000000000000000000000000
000000000000000000000000000000101000000000000000000000000000011100000100010000100100000000000000000000000000000000110000010000000000000000000000000000000001100000000000000000000000000000000000001010000000000001111000000000000000000000000000
000000000000000000000000000000010000000000000000000000000000000000000011000100100100000111000000000000000000000000110000000010100000000000000000000001100001100000000000000000000000000000000000000110000100000001000000000000000000000000000000
000000000000000000000000000000000000000000000000000000000011100101100011100010100100000111000000000000000000000000010011000000000000000000001000000001110000000000000000000000000000000000000000000000000111000000110100000000000000000000000000
000000000000000000000000000000000000000000000000000000000011000101000001100010011010000000000000000000000000000001101000100000001000000000010000011010100000000000000111000000000000000000000000000000000011100000000000000000000110000000000000
000000000000000000000000000000000000000000000110000000000001101100100111101100000110000000000000000000000000000000011100100100000010110100001000101111000000000000000000000000000000000000000000000001100100010000011000000000001001000000000000
000000000000000000000000000000000000000000000110000000000000011000000110001100000000000000000000000000000000000000000010100110100100011000000001000110000000000000010000000000000000000000000000000001110110000000000000000000000110000000000000
000000000000000000110000000000000000000000000000000000000000010000001000000000000000000000000000000000000000000000000111000000011111110000000001101000000000000000010000000000000000000000000000000001001000000000000000000000000000000000000000
000000001000000000110000000000000000000000000000000000000000000000000000000000000000000000000000000000000000000000000110000000000001000000001011010000000000000000010000000000000000000000000000000001001010000000000000000000000000000000000000
000000010100000000000000000000000001110000000000000000000000000000000000000000000000000000000000000000000000000000000100000000000000000000001010000000000000000000000000000000000000000000000000000010000010001000000000000000000000000000000000
000000100100000000000000000011001101001000000000000000000000000000000000000000000001100000001000000000000000000000000000000000000000000000000100000000001100000000000000000000000000110000000000000001010001110000000000000000000000000000000000
000000011000001100000000000110010111111100000000000000000000000000000000000000000010010000010100000000000000000000000000000000000111000000000000110000000010000000000000000000000000110000000000000000100011000000000000000000000000000000000000
000000000000001100000000000011010000101110000000000000000000000000011000000000000010010000011000000000000000000000000000000000111000000000000000110000100011000000000000000000000000000000000000000100000101000000000000000000001000000000000000
000000000000000000000000000001100001001100000000000000000000000000010100000000000001100000000000000000000000000000000000000000010000000000000000111111000011000000000000000000000000000000000000001100010000100000000000000000100100000000000000
000000000000000000000000000000011000001000000000011000000000000000010110000000000000000000000000000000000000000000000000000000100000000000000000110111000001001100000000000000000000000000011100001000000000100000000000000000100100000000000000
000000000000000000000000000000000111110000000000011000000000000011000110000110000000000000000000000000000000000000010000000000000000000000000000100110100101101100000000000000000000000000010100000110000000100000000000000000101000000000000000
000000000000000000000000000000000000100000000000000000000000000100111110000000100000000000000000000000000000000000110000000000000000000000000000011000000010000000000000000000000000000001000000000001011101000000000000000000010000000000000000
000000000000000000000000000000000000000000000000000000000000001000000010010001100000000000000000000000000000000000000000000000000000000000000000000000000100000000000000000000000000000001000001100000000010000000000000000000001010000000000000
000000000000000000000000000000000000000000000000000000000000000101001100010100000000000000011000000000000000000010000000000000000000000000000000000000011000000000000000000000000000000001000101100000000000000000000000000000000001000000000000
000000001010000000000000000000000000000000001000000000000000000010001000010111100000000000010100000110000000001100011000000000000000000000000000000000010000000000001110000000000000000000011111000000011000000000000000000000000100000000000000
000000001011000000000000000000000000000000001000000000000000000000000000000010100000000000110000110000000101000110001000000000000000011000000000000000000000000000001010000000000000000000000000000000011000000000000000000000000000000000000000
000000000010000000000000000000000000000000001000000000000000000000000000000100100000000000100000110100001000100001100100000000000001101100000000000000110110000000010001000000000000001100010000000000000000000000000000000000000000000000000000
001110000100000000000000000000000000000000000000000000000000001100000000000101000000000001110001000011000100100000101000000011100001000000000000000000011100000000001101100000000000010010010000000000000000000000000111000000000000000000000000
000000000000000000000000000000000000000000000000000000000000010010000000000110000000000001000000110110100011000000010000000011101000011100000000000000001000000000000110000000000000000000010000000000000000000000000100100000000000001100011000
000000000000000000000000000000000000000000000000000000000001100010000000000000000000000001100000010001100000000000000000000000000110001100000000000000000000000000010110000000110000100000000001000000000000000000000000010000000000010010100100
000000000000000000000000000000000000000000000000000000000000000000000000000000000000000000000000000000100000000000000000000000001000000000010000000011000000001000000100000000001001000000011111000000000000000000000100100000000000001010000100
000000000000000000000000000000000000000000000000000000000001101010000000000000000000000000000000000000000000000000000000000000001000000100000000000011000000100001000000000000110000101001000110000000000000000000000111000000000000001110000000
000000000000000000000000000000000000000000001110100000000000001011000000000000000000000000000000000000000000000000000000000000000000000000000000000000000000100000000010000000011000000001000000000000000000000000000000000000000000000000011100
000000000000110000000000000000000000000000010101010000000000011001000000000000000000000000000000000000000000000010100000000000000000000000000000000000000001000000000010000110001100000001000000000000000000000000000000000000000000000000000000
000000000000110001100000000000000000000000010000010000000000011011000000000000000000000000000000000000000000000100010000000000000000000001000000000000000000000100000000000000001100000000010110000000000000000000000000000000000000000000000001
000000000000000011100000000110000000000000000010010000000000001010000000000000000000000000000000000000000000000010000000000000000000100010000000000000000000000010110000000000000000000000011100000000000000000000000000000000000000000000000010
100000100000000001100000000110000000000000011001110000000000000100000000000000000000000000000000000000000000000010000000000000000000000010110000000000000000000110000110100000000000000000000000000000000000000000000000000000000000000000000101
100010010000000000000000000000000000000000011101110000000000000000000000000000000000000000000000000000000000000010000000000000000000000001110000000000000000000001011011110000000000000000000000000000000000000000000000000000000000000000001100
000000001000000000000000000000000000000000001101100000000000000000000010000000000000000000000000000000000000000000000000000000000000000000110000000000000000000000001111000000000000000000000011000000000000000000000000000000000000000100000111
000100010000000000000000000000000000000000000100100101000000000000000011000000000000000000000000000001100000000010000000000000000000000000000000000000000000000000000000011100000000000000000011000000000000000000000000000000000000001010000010
000010000000000000000000000000000000000000000100011001000000000000000100101000000000001110000000000010010000000000000100000000000000000000000000000000000000000000010000001100000000000000000000000000000000000000000000000000000000001100000000
000000000000000000000000000000000000000000000010100101000000000000000000010000000000001101000000000001010000000000000100000000000011000000000000000000000000000000111000001000000000000000000000000000000000000000000000000000000000000000000000
000000000000000000000000000000000000000000000001000000000000000000001111011000000000000010000000001000100000000111101100000000000011000000000000000000000000000000100100010001000000000000000000000000000000000000000000000000000000000000000000
000000000000000000000000000000000000000000000000000000000000000110001101100000000000000000000000001100000000000100000000000000000110000001000000000000000000000000011010000010110000000000000000000000000000000000000000000000000000000000000000
000011000000000000000000000000000000000000000000000000000000000000000001100000000000000000001100000100000000000100010000001000000111000001000000000000000000000000001001000100010000000000000000000000000000000000000000000000000000001100000000
000011000000000000000000000000000000000000000000000000000000010010000000000000000000011000011100000100000000000010010000110000001111100001000000000000000000000000000110000000000000000000000000110000000000000000000000000000000000011000001100
000000000000000000000000000000000000000000000000000000000001100000000000000000000000111001000100001100000000000001000000000000001001000000000000000000000000000000000000000011001000000000000001001000110000000000000000000000000000000100010000
000000000000000000000000000000000000000000000000000000000000001100000000000000001101111100001000010100000000000000000000000000010010000000000000000000000000000000000000000000001000000000000000110000110000000000000000000000000000000100010010
000000000100000000000000000001110000000000000000000000000010001100000000000000010000010100001000010110000000000000000000000000010000000000000000000000000000000000000000000000010000000000000000000000000000000000000000000000000000000000000000
000000000100000000000000000000100000000000000000000000000010000100000000000000110000100010000000010111100000000000000000000000000000000000000000000000000000000000000000000000000000000000000000000000000000000000000000000000000000000000110000
000000000100000011000000000000000000000000000000000000000001110100000000000000000000010000110000010000110000110000000000000000000110000000000000000000000000000000000000000110000000000000000000000000000000000000000000000000000000000010000000
000000000000000011000000000000000100000000000000000000000000110110011000000000000110110000010000001100100000110000000000000000000001000000000000000000000000000000000000001001000000000000000000000000000000000000000000000000000000000001100000
000000000000000000000000000010000100000000000001000000000000001010011000000000000000001000001000000011000000000000000000000111000011100000000000000000000000000000000000010000000000000000000100000000000000000000000000000000000000000010010000
000000000000000000000000001100111011000000000001100000000000001010000000000000000001101100001100000000000000000000000000000011000011000000000000000000000000000000000000010001000000000000001010000000000000000000000000000000000000000001011000
000000000000000000000000000000011110000000000001110000000000010110000000000000000000001101011110000000000000000000000000000000000000000000000000000000000000000000000000010110011000000000001001000000000000000000000000000000000000000001010000
000000000000000000000000000001100100000000001000000000000000100001000000000000000000000100100011000000000000000000000000000000000000000000000000000000000000000000000000011000010000000000000110000000000000000000000000000000000000000000100000
000000000000000000000000000110000000000000001100000000000000101111000000000000000000000100000001000000000000000000000000000000000000000000000000000000000000000000000000000101110000000000000000000000000000000000000000000000000000000000000000
000000000000000000000000000011100000000000000100000000000000100000000000000000000000000000001001100000000000000000000000000000000000000000000000000000000000000000000000000001000000000000000000000000000000000000000000000000000000000000000000
000000000000000000000000000000000000000000000000000000000000010011000000000000000000000100010001100000000000000000000001100000000000000000000000000000000000000000000000000110000000000110000000000000000000000000000001000000000000000000000000
000000000000000000000000000000000000000000000000000000000000000011000000000000000000001101111110000000000000000000000001100000000000000000000000000000000000000000000000001100000000001001000000000111000000000000000011100001000000000000000000
000000000000000000000000000000000000000000000000000000000000000000000000000000000000000100011110000000000000000000000000000000000000000000000000000000000000000000000000010010000000000110000000001001000000000000000110110001000000000000000000
000000000000000000000000000000000000000000000000000000000000000000000000000000000000000011100000000000000001100000000000000000000000000010000000000000000000000001100000001010000000000000000000000000110000000000000011100001000000000000000000
000000000000000000000000000000000000000000000011000000000000000000000000000000000000000011100000000000000001100000000000000000000000000011000000000000001100000001100001000100000000000000001100010000010000000000000001000000000000000000000000
000000000001100000001011011000000000000000000001100000000000000000000000000000000000000000000000000000000000000000000000000000000000000011100000000000010010000000000011000000000000000000010100001000010000000000000000000000000000000000000000
000000000001100000110101010010000000000000001000100000000000000000000000000000000000000000000000000000000000000000000000000000000000000000100000000000001100000000000100100000000001100000011000000100100000000100000000000000000000000000000000
000010000000000000000000001011000000000000001001000000000000000000000000000000000000000000000000000000000000000000000000000000000000000000001000000000000000000000000101000000000001100000000000000010000000001010000000000000000000000000000000
001000000000000000111011011111000000000000001000100000000000000000000000000000000000011000000000000000000000000000000000000000000000000110001000000000000000000000000011000000000000000000000000000000000000010001000000000000000001000000000000
001111000000000000000000110010000000000000000000000000000000000000000000000000000000010100000000000000000000000000000000000000000000000110000000000000000000000000000000001000000000000000000000000000000000010010000000000000000001000000000000
000111000000100000000000000000000000000000000111000000000000000000000011100000000011001100000000000000000000000000000000000010000011000000010000000000000000000000000000010100000000000000000111000000000000011000000000000000000001000000000000
000000000000100000100000000000000000000000000000010000000000000000000000000000001110001100000000000000000000000000000000000010000010100100100000100000000000000000000000011000000011000001100000000000000000000000000000011000000000000000100001
000000000000100000010000000000000000000000100000010000000000000000000000000000000000011000000000000000000000000000000000000010000001000011100000100000000000000000000000000000000100100000000000000000000000000000000000000000000000000000000101
000000110000000000110000000000000000000001100000010000000000000000000000000000000000110100000010000000000000000000000000010000000000000000000000100000000000000000000000000000000101000010000000000000000000000000000000000000000000000100101110
000001110000000001001000000000000000000011100000000000110000000000000000000000001001111000111011000000111000000000000000010000000000011000000000000000000000000000000000000000000010000011111100000000000000000110000000000000000000000100100000
000000000000000001010111000000000000000001000000000000110000000000000000000000000111000000011001000000000000000000000000010000000000000100000000000000000000000000000000000000000000000100000100000000001100000010000000000000000000000000000000
000000000000000001000000000000000000000000000000000000000000000000000000000000000000000000001110000000000000110000000000001000000000000100000000000000000000000000000000000000000000001000001000000000010001101000000000000000000000000000000111
000000000000000001110000000000000000000000000000000000000000000000000000000000000000000000001100000000000000110000000000001100000001000100000000000000000000000000000000000000000000000100001000000000000000000110000000000000000000000000000111
000000000000000000010000000000000000000000000000000000010000000000000000000000000000000000000000000000000000000000000000000100111100011000000000000000000000000000000000000000000000000011100000000001001110000000000000000111000000000000000000
000000000000000000000000000000000000000000000000000000101000000000000000000000000000000000011000000000000000000100001110000000010010111000000000000000000000000000000000000000000000000000000000000011100000000000000000000111000000000000000000
000000000000000000000000000000000000110000000000000000101000000000000000000000000000011100011000000000000000000100000000000000010110110000000000000000100000000000001110000000000000000000000000000101011000001110000000000000000000000000000000
000000000000000000000000000000000001001000001000000000010000000000000000000000000000000000000000000000000000000100000000000000000000100100000000000001010000000000000000000000000001000000000000001101010001110000000000000000000000000000000000
000000000000000001100000000000000001010000011100000000000000000000000000000000000000000000000000000000000000000000000000000010000101000100000000000001010000000000000000000000110010100000000000011011100100010110000000000000000000000000000000
000000000000000010100000000000000000100000011100000000000000100000000000000000000000000000000000000000000000000000000000000101000001100000000000000000100000000000000000000000110010100000000000000001010101011110000000000000000000000000000000
000000000000000011000000000000000000000000000000000000100001010000000000000001000000000000110000000000000000000000000000000000000000000000000000000000000000000000000001000000000001000000000000010000010111101110000000000000000000000000000000
000000000000000000000000000000000000000000000000000001100001001000000000000010100000000000110000000000000000000000000011001000100100000000000000011000000011000000000010100000000000000000000000110000000000001001100000000000000000000000000000
000000000000000000000000000000000000000000000000000011001000011000000000000001100000000000000000000000000000011000000011000000001110001000000000100100000100100000000010100000000000000000000000110001000000001100100000000000000000000000000000
000000000000000000000000100000000000000000000000000111000000110000000000000000000000000000000000000000000000011000000000000000001001011100000000011000000011000000000001000000000000000000000000101000000000000011100000000000000000000000000000
000000000001100000000000110000000000000000000000000011001000000000000000000000000000000000000000000000000000000000000000000111000111000000000000000000000000000000000000000001100000000000000100001010000000000000000000000000000000000000000000
000000000001100000000001010000000000000000000000000001110000000000000000000000000000000000000000000000000000000000000000000000000010001000000000000000100000000000000000000001100000000000000100001100000000000000000000000000000000000000001100
000000000000000000000000000000000000000000000000000000110000000000000000000000000000000000000000000000000000000000110000000000000001110000000000000001010000000000000000000000000001000000000100000100000000000000000000000000000000000000001100
000000000000000000000000000000000000000000000000000000000000111000000000000000000000000000000000000000000000000000111000000000000000100000000000000001010000001111010000000000000010100000000000000000000000000000000000000000000000000000000000
000000000000000000000000000000000000000000000000000000000000100000000000000000000000000000000010000000000000001100001110110000000000000000000000000000100000110100001000000000000001100000000001110000000000000000000000000000000000000000000000
000000000000000000000000000000000000000000000110000000000000010000000000001100000011100000000010001100000000010010000110001000000000000000000000000000000001010000001000000000000000000000000000000000000000000000000000000000000000000000000000
000000000000000000000000000000000000000000000110000000000000000000000000001100000000000000000000011110000000001100000001110000000000000000000000000000000001000100110000000000000000000000000000000000000000000000000000000000010000000000000000
000000000000000000000000000000000000000000000000000000000000000000000000000000000000000000000011100011000000000000000000000000000000000000000000000000000001010110000000000000000000000000000000000000000000000000000000000001110000000000000000
000000000000000000000000000000000000000000000000000000000000000000000000000000000000000000000010001010000000000000000010000000000000000001000000000000000000111000000000000000000000000000000000000000000000000000000000000000100000000000000000
000000111000000000000000111000110000000000000000000000000001100000000000000000000000000000000000111100000000000000000000000000000000000001000000000000000000000000000000110000000000000000000000000000000000000000000000000000000000000000000000
000000001000000000000000001000000000000000000010000000000011110000000000000000000000000000000000110000000000000000000011100000000000000001000000000000000000000000000000110000000000000000000000000000000000000000000000000000000000000000000000
000000011000000000000000001110100000000000000111000000000100001000000000000000000000000000000000000000011100000000000000000110000000000000000000000000000000000000000000000000000000000000000000000011000000000000000000000000000000000001100000
000000000000011000000000000100110000000000001111100000000111110000000000000000000000000000000000000000011100000000000010100110000000000000000000000000000000000000000000000000000000000000000000000011000000000000000000000000000000000010010000
000000000000101000111000000010100000000000100000110000000010000000000000000011000000000000000000000000100010000111001000010000000000000000000000000000000000000000000011000000000000000000000000000000000000000000000000000000000000000001100000
000000000000111000110110000001000000000000100111100000000000000000000000000010100000000000000000000001100010000000001111100000000000000000000000000000000000000000000100100000000000000000000000000000000000000000000000000000000000000000000000
000000110000011000001101000000000000000000110111000000000000000000000000000001000000000000000000000000110010000000010100000000000000000000000000000000000000000000000011000000000000000000000000000000000000000000000000000000000000000000000000
000001000010101000000101000000000000000000001100000000000000000000000000000000000000000000000000000000010100000000000000000000000000000000000000000000000000000000000000001000000000000000000000000000000000000000000000000000000000000000000000
000001000110011000000000011100000000000000000000000000000000000000000000000000000000000000000000000000110100000011111000000000000001110000000000000000000000000000000000010100000000000000000000000000000000000000000000000000000000000001100000
000000111110000000011100000000100000000000000000000000000000000000000000000000000110000000000000000000011010000011100000000101000000000000000000000000000000000000000000010100000000000000000000000000000000000000000000000000000001100001011000
000000000000000000001000000001010000000000000000000000000000000000000001001110001001000000000000000111000010001000011000001110000000000000000000000000000000000000000000001000010000000000000000000000000000000000000000000000000010010000000000
000000000000000000111000000011010111100000000000000000011100000000000011000000000110000000000000000010100110010000011000000110000000000000000000000000000000000000000000000000101000000000000000000000000000000000000000000000000001100000000000
000000000001100000000000000011001111010000000000000000000000000000000110000000000000000000000000000011100100001000010000000000000000000000000000000000000000000000000000000000010000000000000000000000000000000000000000000000000000000000011000
000000000000110000000000000001000010000000000000000001000001000000000011011000000000000000000000000001011000000111100000000000000000000000000000000000000000000000000000000000000000000000000000000000000000000000000000000000000000000011000000
000000000000110000000000000000111110000000000000000001000001000000000000000000000000000000000000000000110000000001000000000000010000000000000000000000000000000000000000001100000000000000000000000000000000000000000000000000011000000000000000
000000000000111000000000000000010110000000000000000001000001000000000000101000000000000000000000000000000000000000000000000000011000000000000000000000000000000000000000000010000000000000000000000000000000000000000000011100011000000000000000
000000011000111000000000000000000011100000000000000000000000000000000000010000000000000000000000000000000000000000000000000000001100000000000000000000000000000000000000010100000000000000000000000000000000000000000000100110000000000000000000
000000001000111000000000000000000001100000000000000000011100000000000000000000000000000000000000000000000010000000000000000000100100000000000000000000000000000000000000001000000000000000000000000000000000000000000000100001000000000000000000
000000000000000000000000001111100000000000000000000000000000000000000000000000000000000000000000000000000111000000000000000000101010000000000000000000000000000000000000000000000000000000000000000000000000000000000000011111010000011000000000
000000000000000111000000011111110000000000000000001000000000000000000000000000000000000111000000000000001101100000000000000000100010000110000000000100000000000000000000000000000000000000000000000000000000000000000000000001110000100100000000
000000000000101000010000100000101000000000000000010010000000000000000000000000000000000011100000000000000001110000000000000000100000001110000000011100000000000000000000000000000000000000000000000000000000000000000000000000000000111110000000
000000000000100001111000000111001100000000000000010010000000000000000000000000000000000000000000000000010001100000000000000000100010001100110000000000000000000000000000000000000000000000000000011100000000000000000000000000000000011011000000
000000000000010111001000000111101000000000000000000100000000000000000000000000000000100000000000000000100001000000000011000000000000000000011000000100001000000000000000000000000000000000000000011100000000000000000000000000000000011010000000
000000000000001000110000000111010010000000000000000000000000000000000000000000000001010000000000000000010100000000000100100000000000000000011000100101011100000000000000000000000000000000000000100010000000000000000000000000000000001100000000
000000000000000000000000001010001100000000000000000000000000000000000000000000000001010000000000000000000000000000000100010000000000000000100100010001100010000000000000000001000000000000000000110110000110000000000000000000000000000000000000
000000000000000000110000001100000100000000000000000000000000000000000010000000000000100000000000000000000000000000000010010000000000000001101100000000001100000000000000000010100000011000000011000000001001000000000001110000000000000000000000
000000000000000000110000001000000000000000000000000000001000000000000010000000000000000000000000000000000000000000000000100000000000000000110100000000011100000000000000000110100001110000000101000000000101000000000000000000000000000000000000
000000000000000000000000000000000000000000000000000000110110010000000010000000000000000010000000000000000000000000000000111000000000000000000000000010000000000000000000000011000010001000000010000011010010000000000000000000000000000000000000
000000000000000000000000000000000000000000000000000000100110000000000000000000000000000001000000010000000000000000000000000000000000000000000101100100000000000000000000000000000001001001000000000000001110000000000000000000011000000000000000
000000000000000000000000000000000000000010000000000100110010011100000000000000000000000011000000111000000000000000000000000000000000000000000110101000000000000000000000000000000000101111000000000000000010000000000000000000011000000000000000
000000000000000000000000000000000000000010000000000110011010010100000000000000000000000010110011010110000000000000000000000000000000000000001111110000000011000000000000000000000001000000000000000000010011000000000000000000000000000000000000
000000001100000000000011000000000000000010000000000000011000101100000000000000000000000101001000000110000000110000000000000000000000000000000000000001000011000000000000000000000000100001000000000000001001000000000000000000000000000100000000
000000001100000011100100100000000000000000000000000000000010100000000000000000000000111011100000000000000001001000000000000000000000000000000000000001100000000000000000000000000000000000000110000000000001000000000000000000000000010010000000
000000000000000000000011000000000000000000000000000000011100011000000000000000000000010000011000000000000000110000000000000001100000000000000000000001110000000000000000000000000001000001001001000001111011000000000000000000000000010010000000
000000000000000000000000000000000000000000000010000000000000000000000110000000000000000000000111000000100000000000000000000010100000000000000011000001100000000000001100000000101010000001001010000011001100000000000000000000000000001000000000
000000000000000000000000000000000000000000001101100000000000000000011011000000000000000000000000001001000000000000000000000011000000000000000100000001000000000000001010000001000000010000000100000000000000000000000000000000000000000000000000
000000000000000000000000000000000000000000001101000000000000001000011001100000000000000000000000000000000000000000000000001100000000000000000100000000000000000000000100000000100000110000000000000000000000000000000000000000000000000000000000
000000000000000000000000000000000000000000001110000000000000010000010111100000000001000000000010010000000000000000000000010100011000000000000010000000000000000000000000000000000000100000000000000000101000000000000000000000000000000000011000
000000000000000000000000001100000000000000111101000000000000001000011101000000000001000000000100000010000000000000000000011000011000000000000000110000000000000000000000000000000000000000000000000000111000000000000000000000000000010000011000
000000000000000000000000001100000010000000000011000000000000000000000000000000000001000000000000000001000000000000000000000000000000000000000000000000000000000000000000000000001001000000000000000000101000000000000000000000000001001000000000
000000000000000000000000000000000010000000000000000000000000000000100001000000000000000000000000000000100000000000000000000000000000110000000000000000000000000000000000000000010000011100000000000000010000000000000000000000000010000100000000
000000000000000000000000000000000010000000100001000000000000000000010000000000000000000000000001100000000000000000000000000000000001001000000000000000000000000000000000000000110110010100000000000000101000000000000000000000000000100000000000
000000000000000000000000000000000000000000100000000000000000000000010000000000010001100011100001101011000000000000001100000000000001001000000000000000000000000000000000000000110110011000000000000011001000000000000000000101110000011100000000
000000000000000000000000000000000100000000001111000000000000000000001010000000011011100000000000011100000000000000010010000000000000110000000000000000000000000000000000000000110100000000000000001000010000000000000000010000011001000000000000
000000000000000000000000000000001010000000010101100000000000000000000000000000001100000000000000001000000000000000001100000000000000000000000000000000000000000000000000000000001000000000000000100000100000000000000000000000000001000100000000
000000000000000000000000000000001011000000011000000000000000000000000001110000000000000000000110000000000000000000000000000000000000000000000000000000010000000000000000000000000000000000000000010010000000000000000000100000101110000100000000
111000000000000000000000000000001010000000001001000000000000000000000001110000000000000000000110000000000000000000000000000000000000000000000000000000110000000000000000000000000000000000000000001100000001100000000000010000100010000000000000
110100000000000000000000001000001010000000001001000000000000000000000010001000000000001100000000000000000000000000000000000000000000000000000000000011100000000000000000000000000000000000000000000000000011000000000000000000000000000000000001
001100000000000000000000001000001100000000001000000000001100000000000011011000000000001100000000000000000000000000000000000000000000000000000110000011100000100000000000000000000000000000000000000000000000100000000000000000011100000000000011
001100000000000000000000000110000000000000000011000000010100000000000000000000000000000000000000000000000000000000000000000000000000010000001001000010111010100000000000000000000000011001000000000010000000000000000000000000111000000000000001
111000000000000000000000000110000000000000000001000000001000000000000000000000000111000000000010010000000000000000000000000000000000101000001000000000011111100000000000010000000000100010000000000111000000000000000000000011100000000000000000
010000000000000000000000001000000000000000000011000000000000000000000000000000001001000010000010010000000000000000000000000000000000101000000111000001101000000000000000100100000000101010000101001001100000000000000000001001000000000000000000
000000000000000010000000000100000000000000000000000000000000000000000001100000110100001001000000010000000000000000000000000000000000010000000000000010110000000000000000110111000000010011000100101111000000000000000000000110000000000000000000
000000000000000010000000000000000000000000000000000000000000000000000001100000001001000010001011000000000000000000000000000000000000000000000000000000000000000000000000100111000000000000000101000001010000000000000000000100000000000000000000
000000000000000010000000000000010000000000000000000000000000000000000000000000010100000000010001000000000000000001100000000000000000000000000000000010010000000000000000000101100000000001100000000001001000000000000000000000000000000000011000
000000000000010000000000000000010000000000000000000000000000000000000000000000011001000000010110000000000000000001100000000000000000000000000001010011000000000000000001100001100000000011100000000001001000000000000000000000000000000000100100
000000000000101000000000000000010000000000000000011000000000110000000000000110011111001010110010100000000000000000000000000000000000000000000001100010000000000000000011000001100000000011100000000000110000000000000000000000000000000000000000
100000000000101000000000000000000000000000000000000000000000110000000000000000000000010011100111100000000000000000000000000000110000000000000010001100000000000000000001011100000000000000000000000000000000000000000000000000000000000000001001
000000000000010000000000000000000000000000000000010000000000000000000000000000000000010000001110010000000000000000000000000000110000000000000011000100000000000000010100000110000000000000000000000000000000000000000000000000000000000000000000
000000000000000011000000000000000010000000000000001100000000000000000000010000000000000001000011000011000000000011100000000000000000000000000011000000000000000000010001011100000000000000000000000000000000000000000000000000000000000000100000
000000000000000011000000000110000101000000000000000000000000000000000000010000000000000001100001111000000000000000000000000000000000000000000000000001100000000000010100000110000000000000000000000000000000000000000000000000000000000000010000
000000000000000000000011000101000110000000000000000000000000000000000000010000000000010110000001101111010000000000000000000000000000000000000000000001100000011000000001011100000000000000000000000000000000000000000000000000000000000000000000
000000000000000000000011000010000000000000000000000000000000000000000000000000000000001000000000001011011000000000000000000000000000000000000000000000000000011000000011000001100000000000000000000000000000000000000000000000000000000000000000
000000000000000000000000000000000000000000000000000000000000000000000000000000000000000000000000000000000000000000000000000000000000000000000000000000000000000000000001100001100000000000000000000000000000000000000000000000000000000000000001
000000000000000000000000000000000000000000000000000000000000000000000000000000000000000000000000000000000000000000000000000000000000000000000000000000000000000000000000011110000000000000000000000000000000000000000000000000000000000000000001
000000000000000000000000000000000000000000000000000000000000000000000011000000000000000000000000000000000000000000000000000000000000000000000000000000000000000000000000100000000000000000000000000000000000000000000000000000000000000000000001
000001000000000000000000000000000000000000000000000000000000000000000011000000000000000000000000000000000001000000000000000000000000000100000000000000000000000000000000110000000000000000000000000000000000000000000000000000000000000000000000
000000100000000000000000000000000000000000000000000000000000000000000000000000000000000000000100000000000010100000000000000000000000001010000000000000000000000000000000100011100000000000000000000000000000000000000000000000000000000000000000
000011100000000000000000000000000000000000000000000000000000000000000000000000000000000000000100000000000110110000000000000000000000001010000000000000000000000000000000011011010000000000000000000000000000000000000000000000000000000000000000
000000000000000000000000000000000011000000000000000000000000000000000000000000000000000000000100000000000010010000000000000000000000000100000000000000000000000000000000001001001000000000000000000000000000000000000011000000000000000000000000
000000000000000000000000000001110011000000000000000001000000000000000000000000000000000000000000000000000000000000000000000000000000000000000000000000000000000000000000000000101000000000000000000000000000110000001100100000000000000000000000
000000000000000000000001100001100000000000000000000010100000000000000000000000000000000000000000000000000110010000000000000000000011000000011000000000000000000000000000000000100000110000000000000000000000110000010000010000000000000000000000
011000000000000000000001010001000000000000000000000010100000000000000000000000000000000000000000000000000000010000000000000000000100100000100100000000000000000000000000000000000011001000000000000000000000000000010011001000000000000000000000
011000000000000000000000111110000000000000000000000001000000000000000000000010000000000000000000000000000000100000000000000000000011000000011000000000000000000000000000000000000000010000000000000000000000000000011101101100000000000000000000