000000000000000000000000011010000000000000000000000000000000000000000000000011100000000000000000000000000010100000000000000000000000000000000000000000000000000000000001000000000000000000000000000000000000000000011100010010000000000000000000
000000000000000000000000011100000000000000000000000000000000000000100000010100010000000000000000000000000010010000000000000000000000000100000000000000000000000000000010100000000000110000000000000000000000000000000000100110000000000000000000
000000000000000000000000001000000000000000000000000000000000000011011000110111111000000000000000000000000000100000000000000000000000001010000000000000000000000000000010010000000010001000111000000000000000000000000000111000000000000000000000
000000000000000000000000000000000000000000000000000000000000000011011000011010110000000000000000000000000000000000000000000000000000001010000000000000000000000000000001100000000100010000000000000000000000000000111000010000000000000000000000
000000000000000000000000000000000000000000000000000000000000000100100000000000000000000000000000000000000000000000000000000000000000000100000000000000000000000000000000000000000100100000000000000000000000000000000000000000000000000000001100
000110000000000000000000000000000000000000000000000000011000000011000000000000000000000000000000000000000000000000000000000011000000000000000000000000000000000000000000000000000000000000000000000000000011000000000000000000000000000000010100
000110000000000000000000000000000000000000000000000000100000000000000000000000000000000000000000000000000000000000000000000011000000000000000000000000000000000000000000000000000000000000000000000000000100100000000000011110000000000000011000
000000000000000000000000000000000000000000000000000000011000000000000000000000000000000000000000000000000000000000000000000000000000000000000000000000000000000000000000000000000000000000000000000000000011000000000000111111000000000000000000
000000000000000000000000000000000000000000000000000000000000000000010100000000000000000000000000000000000000000000000000000000000011000000000000000000000000000000000000000000000110100000000000000000000000000000000001100000000000000000000000
000000000000000000000000000000000000000000000000000000000000000000010000000000000000000000000000000000000000000000000000000000000011000000000000000000000000000000000000000000001010110000000000000000000000000000000000101000011011000000000000
000000000000000000000000000000000000000000001100000000000000000000101100000000000000000000000000000000000000000000000000000000000000000000000000000000000110000000000000000000001000010000000000000000000000000000000000011100000011000000000000
000000000000000000000000000000000000000000001100000000000000000000000000000000001000000000000000000000000000000000000000000000000000000000000000000000000110000000000000000000000110110100000000000000000000001000000000000000001011000000000000
000000000000000000000000000000000000000000000000000000000000000000000000000000011011100000000000000000000000011000000000000000000000000000000000000000000000000000000000000000000000111011000000000000000000010100000000000000001100000000000000
000000000001000000000010000000000000000000000000000000000000000000000000000000001000010000000000000000000000100100000000000000000000001110000000000000000000000001000000000000000000011100000000000000000000010100000000000001101100000000000000
000000000010100000000101000000000000000000000000000000000000000000000000000000001000001000000000000000000000011000000000000000000000000000000000000011000000000001000000000000000000000000000000000000000000001000000000000000110000000000000000
000000000011000000000010000000000000000011100000000000000000000000011000000000000000001100000000000000000000000000000000000000000000000000000000000011000000000001000000000000000000000000000000000000000000000000000000000000000000000000000000
000000000000000000000000000000000000000000000000000000000000000001000100000000000100101100000000000000000000000000000000000000000000000000000000000000000000000000000000000000000000000000000000000000000000000011100000000000000000000000000000
000000000000000000000000000000000000000000000000000000011000000010000100000000000000001100000000000000000000000000000000000000000000000000000000000000000000011100011100000000000000000000000000000000000000000000000000000000000000000000000000
000000000000000000000000000000000000000000000000000001111001110000011000000000000011101000000000000000000000000000000000000000000000000000000000000000000000000000000000000000000000000000000000000000000000000000000000000000000000000000000000
000000000000000010000000000000000000000000000000000000000000010011011000000000000010000000000000000000000000000000000000000000000000000000000000000000000000000001000000111000000000000000000000000000000000000000000000000000000000000000000000
000000000000000101000000000010000000000000000001101001000000010000010110000000000000000000000000000000000000000000000000000000000000000000000000000000000000000001000001001000000000000110000000000000000000000000000000000000000000000000000000
000000000000001001000000000010000000000000000010110011101100000011000001101000000000000000000000000000000000000000000000000011101110000000000000000000000000000001000000001000000000001001000000000000000000000000000000000000000000000000000000
000000000110000110000000000010000000000000000011111001000000000011010000010100000110000000000000000000000000000000000000000000000001000000000000000000000000000000000010001000000000000110000000000000000000000000000000000000000000000000000000
000000000110000000000000000000000000000000000100000111010110000000010000100100000010000000000000000000000000000000000000000000010000000000000000000000110000000000000010001000000000000000000000000000000000000000000000000000000000000000000000
000000000000000000000000000000000000000000000011000111000110001000001101100000000000000000000000110000000000000000000000000000001010000000000000000000110000000000000000000000000000000000000000000000000001110000000000000000000000000000000000
000000000000000000000000000000000000000000000001000000111001010100000001000000000010100111000001001000000000000000000000000000000100000000010000000000000000000000000000000000000000000000000000000000000000010000000000000000000000000110000000
000000000000000000000000000000000000000000000000000001000000000100001110000000000101010011000000110000000000000000000000000001110000000000111000000000000000000000000000000000000000000000000000000000000000010000000000000000000110000110000000
000000000000000000000000000000000000000000000000000101000000110000000000000000001000010010000000000000000000000000000000000000011100000001000100000000000100000000000000001111000000000000000000000000000101100000000000000000000110000000000000
000000000000000000000000000000000000000000000000000010010000000000000000000000001000011000000000000000000000000000000000000011010110000000100010000000000100000000000001010111000000000000000000000000001100000000000000000000000000000000000000
000000000000000000000000000011000000000000000000000001100000000000000000000000001101100100000000000000000000000000000000000000001101100000011000000111000100000000000000100000000000000000000000000000000000000000000000000000000000000000000000
000000000000000000000000100011000000000000000000000000100000001110100000000000000001100000000000000000000000000000000000000000010110011000011100000111100000000000000000000000000000000000000000000000100000000000000000000000000000000000000000
000000000000000000000000100000000000000000000000000000000000001101110000000000000000000000000000000000000000000000000000000000000000001000011100001100110000000000000000000000000000000011100000000001010000000000000000000000000000000000000000
000000000000000000000000100000000000000000000000000000000001000100010000000000000000011100011100000000000000000000000000000000011000000000011011000110100000000000000001000001101000000000000000000001100000000000000000000000000000000000000000
000000000000000011000000000000000000000000000000010000000010100100010000000001000000000000000000000110000000000000000000000000001000010000011111000111000000000000000001000001000000000000000000000000000000000000000000000000000000000000000000
000000000000000011000000000000000000000000000001110000000010100010100000000001000000000001000000110010000000000000000000000000000011100000000000000010000000000011100000000000000100000000000000000000000000000000000000000000000000000000000000
000000000000000000000000000000000010110011000110000000000001000001000000000001000000000001000001110010000000000000000000011000000000000000000000000000000000000111010000000011111000000000000000000001100000000000000000000000000000000000000000
000000000000000000000000011000000110111011000110110000000000000000000000000000000000000001000001000100000000000000000000100100000000000000000000000000000000001010001000000000100010000000000000000010010000000000000000000000000000000000000000
000000000000000000000000100100001100000010000010110000000000000000000000000000000000000000000000110000000000000000000011111000000000000000000000111000000000001000011110000100100011000000000000000010010000000000000000000000000000000000000000
000000000000000000000000011000001100000110000001110000000000000000000000000000000000000000000000000000000000011000000111100000000000000000000110011000000000000100000000100100100001100000000000000001100000000000000000000000000000000000000001
110000110000000000000000000000001100000100000010010000000001100000000000000000000000000000000000000000000000111000101101100000000000000000001000000000000000000001100000011110001101000000000000000000000000000000000000000000000000000000000110
110001110000000000000000000000000010000000000111110000000001100000000000000000000000000000000000000000000000000000010101000000000000000000011000010000000000000000100010001000110111000000000000000000000000000000000000000000000000000000000010
110000000000000000000000000000000000000000000011100000000000000000000000000000000000000000000000000000000000001110110110000000000000000000010000110000000000000000001101101000100101000000000000000000000000000000000000000000000000000000000001
111010000000000000000000000000000001100000000000000000000000000000000000000000000000000000000000000000000000000100001100000000000000000000011010111000000000000000110101001000111000000000000000000000000000000000000000000000000000000000000000
001100000000000000000000000001000001110000000000000000000000000000000000000000000000000000000000000000000000000100000000000000000000000000001011000100000000000000110110110000000000000000000000000000000000000000000000000000000000000000000000
011100000000000000000000000001000001110000000001110001000000000000000000000000000000000000000000010000000000000000000000000000000000000000001011011000000011100000000000110000000000000000000000000000000000000000000000000000000000000000000000
000000000000000000000000000001000110001000000010010011100000000000000000000100000000000000000000100000000000000000000000000000000000000000000111010000000000000000001001000000000000000000000000000000000000000110000000000000000000000000000000
000000000000000000000000000000001011100100000100000000000110000000000000001010000000000000000000001110000000000000000000000000000000000000000000000000000000000000000010000000000000000000000000000000000000000110000000000000000000000000000000
000000000000000000000000000000010000101100000010010001010001000000000000000110000000000000000010001110000000000000000000000000000000000000000000000000000000000000001010000000000001000000000001000000000000000000000000000000000000000000000000
000000000000000000000000000000001011001000000001110001001110000000000000000000000000000000000010000000000000000000001100000000000000111000000000000100000000000000001100000000000010100000000010100000000000000000000000001100000000000000000000
010000000000000000000000000000000110111000000000000000101000000000000000000000000000000000000010000000000000000000010010000000000000000000000000001000000000000000000000000000000100000100000100100000000000000000000000001100000000000000000010
010000000000000000000000000000000000010000001000000000110000000000000000000000000000000000000000000100000000000000001100000000000000000000000000000100000000000000000000000000000010111010000011000000000000000000000000000000000000000000000100
000000000000000000000000000000000011100000001000000000000000000000000000000000000000000000000000001010000000000000000000000000000000000000000000000000000000000000000000000000000001011001000000000000110000000000000000000000000000000000000000
100000000000000000000000000000000001000000001000000000000000000011000000000000000000000000000001100000000000000000000000000000000000000000000000000010000000000000000000000000000000000010000000000000110000000000000000000000000000000000000011
110000000000000000000000000000000011100000000000000000000000000011000000000000000000000000000010000100000000100000000000000000000000000000000000000101000000000000000000000000000000000000000000000000000000000000000000000000000000000000000000
010000000000000000001110000000001101100000000011100000000000000000100000000011000000000000000100000100000001010000000000000000000000000000000000000101000000000000000000000000000000000000000000000000000000000000000000000000000000000000000000
000000000000000000000000000000011000110001100000000000000000000010100000000011000000000000001001011000000001010000000000000000000000000000000000000010000000000000000000000000000000000000000000000000000000000000000000000000000001001000000000
000000000000000000000000000000001101100001000000000000000001100100100000000000000000000000001000100000000000100000000100000000000000000000000000000000000000001000000000000000000000000000000000000000000000000000000000000000000001110000000000
000000000000000000000000011000000000000000000000000000000010010011000000000000000000000000010001000000000000000000001010000000000000000000000000000000000000001000000000000000000000000000000000000000000000000000000000000000000000100000000000
000000000000010000000000100100000000000000000000000000000010010000000000000000000000000000000001000000000000000000010010001100000000000000000000000000000000001000000000000000000000000000000000111000000000000000000000000000000000000000000000
000000000000010000011000011000000000000000000000000000000001110000000000000000001000000111101100000000000000000000001100010010000000000000000000000000000000000000000000000000000000000000000000000000000000000000000000000000000000011100000000
000000000000010000010100000011110011000000000000000000000001100000000000000000001000010000111100000011100000001110000000010100000000000000000000000000000000000000000000000000000000000000000000000000000000110000000000000000011101110110000000
000000000000000000001000000000011000101100000000000000000000000000000000000000001000011100010000000100100000000000000000001000000000000000000000000000000000000000000000000000000000000000000000000000000000101000000000000000000001000000000000
000000000000000000000000000100000000101000000000000000001000000000000000000000000000001001011000000110010000010001000000000000000000000000000000000000000000000000000000000000000000000001100000000001000000010000000000000000000010000000000000
000000000000000000000000000010010000101000000000000000001000000000000000000000000000000000000000011000110000010001000000000000000000000000000000000000000000000000000000000000000000000010010000000010100000000000000000000000000010000100000000
000000000000000000000000000001111111110000000000000000000000000000000000000000000000000000011000100100000001100000110000000000000000000000000000000000000000000011000000000000000000000010100000000100010000000000000000000000000000000100000000
000000000000000000000000000000000101100000000000000000000000000000000000000000000000000000010000100100000110100000101100000000000000000000000000000000000000000011000000000000000000000001000000000100010000000000000000000000000011000100000000
000000000000000000000000000000000011000000000000000000000000000000000000000000001100000000000000100100000100000000000100000000000000000000000000000000000000000000000000000000000000000000000000000100010000000000000000000000000000110000000000
000000000000000000000000000000000011010000000000000000000000000000100000000000010010000000000000011000111100001010000100000000000000000000000000000000000000000000000000000000000000000000000000000010010000000000000000000000000000000000000000
000000000000000000000000000000000000010000000000000000001000000001010000000000010100000000000000000110001011000000011000000000000000000000000000000000000000000000000000000000000000000000000000000000110001000000000000000000000000000000000000
000000000000000000000000000000000000000000001110000000001000000001010000000000001000000000000000000111110000111011100000000000000000000000000000000000000000000000000000000000000000000000000000000000011010100000000000000000000000000000000000
000000001100000000000000000000000010000000000000000000000000000000100000000000000000000000000000000010000000110001100000000000000000000000000000001000000000000111000100000000000000000000000000000000001000100000000000000000000000000000000000
000000001100000000000000000000000001001000000000000000000000000000000000000000000000000000000000000000100000011011000000000000000000000000000000001000000000000000001010000000000000000000000000000000000000000000000000000000000000000000000000
000000000000000000000000000000000000110000000000000000110000000000000000000000000000000000000000000000100000001110000000100000000000000000000000001000000000000000001001000000000000000000000000000000000011100000000000000000000000000000000000
000000000000000000000000000000000000000000000000000000110000000000000000000000000000000001000000000000000000000100000001111100000000000000000000000000000000000000000110000000000000000000000000000000000000111000001000000000110000000000000000
000000000000110000000000000000000000000000000000000000000000000000000000000000000100000001000000001100000000000000011010011100000000000000000011000000000000000000000000000000000000000000000000000000000000011000000100000000110000000000000000
000000000000110000000000000000010000000000000000000000000000000100000110000000011010000010000000001100000000000000011100000100000000000000000000100000000000000000000000000000000000000000000000000000000000000000001100000000000000000000000000
000000000000000000000000000000101000000000000000000000000000000010000101000000010001000000000000000000000000000000001100001000000000000000000000000000000000000000000000000000000000000000000000000100000000000011001000000000000000000000000000
000000000000000000000000000000101000000000000000000000000000010100001101000000100001000010000000000000000000000000001100001000000000000000000000000000000001100000000000000000000000000000000000001010000000000010000000000000000000000000000000
000000000000000000000000000000010000000000000000000000000001010111000000000000100001000101000000000000000000000000001100000000000000000000000000000000100001100000000000000000000000000000000000000110000000000010010000000000000000000000000000
000000000000000000000000000000000000000000000000000000000000000101100000000110000001000101000000000000000000000000010101000000000000000000000000000000011000000000000000000000000000000000000000000000000000000001100000000000000000000000000000
000000000000000000000000000000000000000000000000000000000010011101100000000000110001000010000000000000000000000001100010110000000000000000000000010000000000000000000111000000000000000000000000000000000101110000000000000000000110000000000000
000000000000000000000000000000000000000000000110000000000001100100001100001011011010000000000000000000000000000000111100111110000000000000000000110000000000000000000000000000000000000000000000000000110111000000000000000000001001000000000000
000000000000000000000000000000000000000000000110000000000001110110001100011100000100000000000000000000000000000000011000111110010110001000000000111000000000000000010000000000000000000000000000000010010011000000000000000000000110000000000000
000000000000000000110000000000000000000000000000000000000000001000000000001000000000000000000000000000000000000000000000000000010100100000000000111000000000000000010000000000000000000000000000000100101010000000000000000000000000000000000000
000000001000000000110000000000000000110000000000000000000000000000000000000000000000000000000000000000000000000000000110000000010100100000000111110000000000000000010000000000000000000000000000000100000011000000000000000000000000000000000000
000000010100000000000000000010000111110000000000000000000000000000000000000000000000000000000000000000000000000000000110000000000110000000000011000000000000000000000000000000000000000000000000000000000001110000000000000000000000000000000000
000000100100000000000000000110001101100000000000000000000000000000000000000000000001100000001000000000000000000000000000000000001010000000000111100000000010000000000000000000000000110000000000000010010001110000000000000000000000000000000000
000000011000001100000000001100110100000110000000000000000000000000000000000000000010010000010100000000000000000000000000000000100001000000000000100010000110000000000000000000000000110000000000000001100001010000000000000000000000000000000000
000000000000001100000000000100110100000111000000000000000000000000111100000000000010010000011000000000000000000000000000000000100010000000000001000011000011000000000000000000000000000000000000001100000001100000000000000000001000000000000000
000000000000000000000000000011000000000010000000000000000000000000100100000000000001100000000000000000000000000000000000000000001000000000000011100010100000011000000000000000000000000000001000010010000010000000000000000000110100000000000000
000000000000000000000000000001100001111100000000011000000000000000110010000000000000000000000000000000000000000000000000000000000000000000000001100000000001000100000000000000000000000000110100001010000010010000000000000001100000000000000000
000000000000000000000000000000000000000000000000011000000000000100000000000000000000000000000000000000000000000000110000000000000000000000000000111000000001000100000000000000000000000000110000000011001000010000000000000001100000000000000000
000000000000000000000000000000000010010000000000000000000000001000010011000000100000000000000000000000000000000000110000000000000000000000000000011000001101011000000000000000000000000000000011000110010000100000000000000000011100000000000000
000000000000000000000000000000000000000000000000000000000000001000100011111111100000000000000000000000000000000000000000000000000000000000000000001000010000000000000000000000000000000000110011000000001001000000000000000000000010000000000000
000000000000000000000000000000000000000000000000000000000000001000011010010111100000000000000000000000000000000000000000000000000000000000000000000000000000000000000100000000000000000000111100000000010000000000000000000000000000000000000000
000000000011000000000000000000000000000000001000000000000000000110001100010100110000000000100000000000000000001001111100000000000000011000000000000000000100000000011011000000000000000000010001000000011000000000000000000000000000000000000000
000000000100100000000000000000000000000000001000000000000000000000000000001101110000000000010000110110000111011000000000000000000001100100000000000000000000000000011010100000000000000000000111000000011000000000000000000000000000000000000000
000000000011000000000000000000000000000000001000000000000000000000000000000111110000000000001001011011001000110000000000000001100001000100000000000001000110000000010000000000000000001100100100000000000000000000000111000000000000000000000000
001110000000000000000000000000000000000000000000000000000000001100000000001001000000000000100001000011001000100010001100000010011001010100000000000000100010000000001011100000000000001100010000000000000000000000000100100000000000000000000000
000000000000000000000000000000000000000000000000000000000000101000000000001110000000000010010001000110110111000000110000000010000110100000000000000000011100000000000000000000000000000000100000000000000000000000000100010000000000001110111000
000000000000000000000000000000000000000000000000000000000000100100000000000000000000000001100000100010010000000000000000000001000010010110000000000000001000000000000100000000000000100000001010000000000000000000000000010000000000010011110000
000000000000000000000000000000000000000000000000000000000000111010000000000000000000000000000000010001110000000000000000000000011100001100000000000011000000000000000100000000010000100000011001100000000000000000000100010000000000011010001000
000000000000000000000000000000000000000000001101000000000000110001000000000000000000000000000000000000000000000000000000000000000000000000000000000011000000100000000100000000010000100000110000000000000000000000000100100000000000011010000000
000000000000000000000000000000000000000000000001100000000000010110100000000000000000000000000000000000000000000000000000000000000000000000000000000000000000100000000000000000000000000000110000000000000000000000000111000000000000000100001100
000000000000110000000000000000000000000000010000011000000000000100100000000000000000000000000000000000000000000010000000000000000000000000000000000000000000000000000000000000001100000000000000000000000000000000000000000000000000000000000000
000000000000110001000000000000000000000000000011000000000000000110100000000000000000000000000000000000000000000101000000000000000000000000000000000000000000000000000000000000000000000000110110000000000000000000000000000000000000000000000000
100000000000000110110000000110000000000000011100100100000000001001000000000000000000000000000000000000000000001000000000000000000000000001000000000000000000000111000000000000000000000000110010000000000000000000000000000000000000000000000110
110000000000000001000000000110000000000000011000011000000000001110000000000000000000000000000000000000000000000101000000000000000000000001010000000000000000000100000000110000000000000000001100000000000000000000000000000000000000000000001110
100000011000000000000000000000000000000000000000000000000000000000000000000000000000000000000000000000000000000010000000000000000000000000111000000000000000000110010100110000000000000000000000000000000000000000000000000000000000000000011010
100000011000000000000000000000000000000000000000000000000000000000000101000000000000000000000000000000000000000000000000000000000000000000000000000000000000000000010000001000000000000000000011000000000000000000000000000000000000000100001001
000000000000000000000000000000000000000000001100001011000000000000000100000000000000000100000000000001100000000000000000000000000000000000000000000000000000000000100000000000000000000000000011000000000000000000000000000000000000001010000111
000000000000000000000000000000000000000000000100000001000000000000000000000000000000001010000000000010010000000000000000000000000000000000000000000000000000000000100000010100000000000000000000000000000000000000000000000000000000001100000010
000000000000000000000000000000000000000000000100000011000000000000000100001000000000001001000000000111010000000101001110000000000000000000000000000000000000000001101100001000000000000000000000000000000000000000000000000000000000000000000000
000000000000000000000000000000000000000000000011010000000000000000011100100000000000000110000000001110100000001000000010000000000000000000000000000000000000000000100100001100010000000000000000000000000000000000000000000000000000000000000000
000000000000000000000000000000000000000000000000000000000000000000000110010000000000000000000000000000000000001000111100000000000000000001000000000000000000000000100010000010000000000000000000000000000000000000000000000000000000001000000000
000011000000000000000000000000000000000000000000000000000000000000000001000000000000000000001000000000000000001000000000000000000000000001000000000000000000000000010001000010010000000000000000000000000000000000000000000000000000011000000000
000011000000000000000000000000000000000000000000000000000000100010000001000000000000000000110110001001000000000111000000000000011001110001000000000000000000000000001110000000000000000000000000110000000000000000000000000000000000010100001000
000000000000000000000000000000000000000000000000000000000001000100000000000000000001100100010110001110000000000000000000000000000100000000000000000000000000000000000000000000000000000000000001001000110000000000000000000000000000000000001000
000000000000000000000000000001110000000000000000000000000000000010000000000000010011100110001100111000000000000000000000000000011000000000000000000000000000000000000000000000000000000000000000110000110000000000000000000000000000000000111000
000000000100000000000000000000000000000000000000000000000001000010000000000000101001010010001000000000000000000000000000000000000000000000000000000000000000000000000000000000000000000000000000000000000000000000000000000000000000000000000000
000000000100000000000000000001010000000000000000000000000001110110000000000000110001011100110000000000110000000000000000000000000000000000000000000000000000000000000000000000000000000000000000000000000000000000000000000000000000000000110000
000000000100000011000000000000100000000000000000000000000011010100000000000000000001000000000000110011001000110000000000000000000000000000000000000000000000000000000000001010000000000000000000000000000000000000000000000000000000000001100000
000000000000000011000000000000000000000000000000000000000000101011111000000000000001100100000100001000110000110000000000000010000001000000000000000000000000000000000000010010000000000000000000000000000000000000000000000000000000000011101000
000000000000000000000000000000000000000000000001100000000000011000011000000000000000001100100100001001100000000000000000000101000000110000000000000000000000000000000000100010000000000000000100000000000000000000000000000000000000000100001000
000000000000000000000000000010100010000000000010010000000000000000000000000000000000001100100110000010000000000000000000000000000001000000000000000000000000000000000000000011010000000000001010000000000000000000000000000000000000000011000100
000000000000000000000000000000010001000000000111010000000000100000100000000000000000000001101011000000000000000000000000000000000000000000000000000000000000000000000000000110110000000000001001000000000000000000000000000000000000000011001000
000000000000000000000000000011100010000000001110100000000001100000100000000000000000000000101000000000000000000000000000000000000000000000000000000000000000000000000000110000001000000000000110000000000000000000000000000000000000000000110000
000000000000000000000000000100000000000000010010000000000001100111000000000000000000000000010000000000000000000000000000000000000000000000000000000000000000000000000000001101000000000000000000000000000000000000000000000000000000000000000000
000000000000000000000000000101000000000000001100000000000001110000000000000000000000000100000000000000000000000000000000000000000000000000000000000000000000000000000000000001100000000000000000000000000000000000000001000000000000000000000000
000000000000000000000000000001000000000000000000000000000000000111000000000000000000001010000000000000000000000000000001100000000000000000000000000000000000000000000000001010000000000110000000000111000000000000000011100000000000000000000000
000000000000000000000000000000000000000000000000000000000000000011000000000000000000010000000000000000000000000000000001100000000000000000000000000000000000000000000000011010000000001001000000000101000000000000000101010001000000000000000000
000000000000000000000000000000000000000000000000000000000000000000000000000000000000000010000100000000000000000000000000000000000000000000000000000000000000000000000000011000000000000110000000000101000000000000001110111001000000000000000000
000000000000000000000000000000000000000000000001000000000000000000000000000000000000001110000100000000000001100000000000000000000000000011000000000000000000000001100000001010000000000000000000000000111000000000000101010001000000000000000000
000000000000000000001110000000000000000000000010100000000000000000000000000000000000000011000000000000000001100000000000000000000000000100100000000000001100000001100010100100000000000000001100000000001000000000000011100000000000000000000000
000000000001100000010001011000000000000000000010110000000000000000000000000000000000000001000000000000000000000000000000000000000000000000100000000000010010000000000100100000000000000000010100000000111000000000000001000000000000000000000000
000000000001100000010001011000000000000000001110110000000000000000000000000000000000000000000000000000000000000000000000000000000000000001110000000000001100000000000100010000000001100000011000000000000000001110000000000000000000000000000000
000000000000000000010101000000000000000000001001100000000000000000000000000000000000000000000000000000000000000000000000000000000000000000110000000000000000000000000100100000000001100000000000000000000000010001000000000000000000000000000000
000000000000000000001001000000000000000000000000100000000000000000000000000000000000111000000000000000000000000000000000000000000000000110000000000000000000000000000011100000000000000000000000000000000000100001000000000000000001000000000000
011111100000000000000001100000000000000000000111000000000000000000000000000000000001000100000000000000000000000000000000000000000000001001000000000000000000000000000000001000000000000000000000000000000000100010000000000000000001000000000000
000111000000100000000000100000000000000000000000000000000000000000000011100000000100011000000000000000000000000000000000000010000011000000000000000000000000000000000000010100000000000000000111000000000000111000000000000000000001000000000000
000000000000100000000000000000000000000000000000100000000000000000000000000000000100000000000000000000000000000000000000000010000010100000110000100000000000000000000000011000000011000000000000000000000000000000000000000000000000000000001110
000000000000100000111000000000000000000001100001110000000000000000000000000000000100100000000010000000000000000000000000000010000001000010010000100000000000000000000000000000000100100001110000000000000000000000000000000000000000000000010001
000000000000000000100000000000000000000010100000010000000000000000000000000000000010000000011101000000000000000000000000010000000000000011100000100000000000000000000000000000000101000100000100000000000000000000000000000000000000000000100000
000001010000000011000010000000000000000110100000000000110000000000000000000000000101101000101000100000111000000000000000101000000000000000000000000000000000000000000000000000000010000000000100000000000000000110000000000000000000000000010000
000000100000000000000001000000000000000011000000000000110000000000000000000000000101000000010101000000000000000000000000000000000000000010000000000000000000000000000000000000000000000000000010000000000000000011000000000000000000000000001110
000000000000000000010010000000000000000001000000000000000000000000000000000000000111000000000111000000000000110000000000000000000000001010000000000000000000000000000000000000000000001000011100000000011010000110000000000000000000000000000101
000000000000000011010000000000000000000000000000000000000000000000000000000000000000000000001010000000000000110000000000000010100010000000000000000000000000000000000000000000000000001001101000000001011010000000000000000010000000000000000101
000000000000000000100000000000000000000000000000000000010000000000000000000000000000000000010100000000000000000000000000001100100011000000000000000000000000000000000000000000000000000100000000000001001100000000000000000101000000000000000010
000000000000000000000000000000000000000000000000000000101000000000000000000000000000000000100100000000000000000100001110000000000000000000000000000000000000000000000000000000000000000011000000000111111000010100000000000101000000000000000000
000000000000000000000000000000000000110000001000000000101000000000000000000000000000011100011000000000000000000100000000000000001011010000000000000000100000000000001110000000000000000000000000001000011000100100000000000010000000000000000000
000000000000000000000000000000000001001000001000000000010000000000000000000000000000000000000000000000000000000100000000000000001000110000000000000001010000000000000000000000000001000000000000010100110001000100000000000000000000000000000000
000000000000000001100000000000000001010000010100000000000000000000000000000000000000000000000000000000000000000000000000000000000000000000000000000001010000000000000000000000110010100000000000100100010011000000000000000000000000000000000000
000000000000000010100000000000000000100000001000000000000000100000000000000000000000000000000000000000000000000000000000000000000010100000000000000000100000000000000000000000110010100000000000000101010001000000000000000000000000000000000000
000000000000000011000000000000000000000000001000000001110000110000000000000001000000000000110000000000000000000000000000000000000000000000000000000000000000000000000001000000000001000000000000100101101100100001100000000000000000000000000000
000000000000000000000000000000000000000000000000000010110000011000000000000010100000000000110000000000000000000000000011000000011010001000000000011000000011000000000010100000000000000000000000101000000011100000100000000000000000000000000000
000000000000000000000000000000000000000000000000000111110000001100000000000001100000000000000000000000000000011000000011000000010010000100000000100100000100100000000010100000000000000000000000001000000000001100010000000000000000000000000000
000000000000000000000000110000000000000000000000001110000000011000000000000000000000000000000000000000000000011000000000000000011000000010000000011000000011000000000001000000000000000000000000001100000000001101100000000000000000000000000000
000000000001100000000000011000000000000000000000000110010000010000000000000000000000000000000000000000000000000000000000000111001101000100000000000000000000000000000000000001100000000000000100001000000000000001100000000000000000000000000000
000000000001100000000000100000000000000000000000000010111000000000000000000000000000000000000000000000000000000000000000000000000000000000000000000000100000000000000000000001100000000000000100011000000000000000000000000000000000000000001100
000000000000000000000000000000000000000000000000000000000000110000000000000000000000000000000000000000000000000000010000000000000011001000000000000001010000000010000000000000000001000000000100011100000000000000000000000000000000000000001100
000000000000000000000000000000000000000000000000000000000000101000000000000000000000000000000000000000000000000000010000000000000001010000000000000001010000110000000000000000000010100000000000010000000000000000000000000000000000000000000000
000000000000000000000000000000000000000000000000000000000000100000000000000000000000000000000000000000000000001100000000000000000000100000000000000000100000000110011000000000000001100000000001110000000000000000000000000000000000000000000000
000000000000000000000000000000000000000000000110000000000000000000000000001100000011100000000000110000000000010010000100001000000000000000000000000000000011010110001000000000000000000000000000000000000000000000000000000000000000000000000000
000000000000000000000000000000000000000000000110000000000000000000000000001100000000000000000010010011000000001100000010010000000000000000000000000000000011000110000000000000000000000000000000000000000000000000000000000000100000000000000000
000000000000000000000000000000000000000000000000000000000000000000000000000000000000000000000110100001100000000000000010010000000000000000000000000000000011010000000000000000000000000000000000000000000000000000000000000001011000000000000000
000000011000000000000000011000000000000000000000000000000000000000000000000000000000000000000010010111000000000000000001000000000000000001000000000000000000000110000000000000000000000000000000000000000000000000000000000001010000000000000000
000000111000000000000000011000100000000000000010000000000000000000000000000000000000000000000001110110000000000000000000000000000000000001000000000000000000110000000000110000000000000000000000000000000000000000000000000000100000000000000000
000000100100000000000000011110010000000000000111000000000110011000000000000000000000000000000001100000001000000000000011000000000000000001000000000000000000000000000000110000000000000000000000000000000000000000000000000000000000000000000000
000000011000000000000000000110001000000000001011100000000101001000000000000000000000000000000000000000011100000000000001001010000000000000000000000000000000000000000000000000000000000000000000000011000000000000000000000000000000000001100000
000000000000011000011000000010001000000000001100110000001101110000000000000000000000000000000000000001101010000000000000011010000000000000000000000000000000000000000000000000000000000000000000000011000000000000000000000000000000000010010000
000000000000100100101100000000010000000000100000111000000110110000000000000011000000000000000000000001110000000111000001111100000000000000000000000000000000000000000011000000000000000000000000000000000000000000000000000000000000000001100000
000000000001101110101110000001100000000001000100110000000000000000000000000010100000000000000000000011000001000000001111100000000000000000000000000000000000000000000100100000000000000000000000000000000000000000000000000000000000000000000000
000000000000001110011111000000000000000001000000000000000000000000000000000001000000000000000000000000100000000000000001100000000000000000000000000000000000000000000011000000000000000000000000000000000000000000000000000000000000000000000000
000001000011110100001101010000000000000000111000000000000000000000000000000000000000000000000000000000110001000000000000000000000000000000000000000000000000000000000000001000000000000000000000000000000000000000000000000000000000000000100000
000001010000111000010010001100000000000000001000000000000000000000000000000000000000000000000000000001110001000111000000000000000001110000000000000000000000000000000000010100000000000000000000000000000000000000000000000000000000000001010000
000000000000000000011110000101110000000000000000000000000000000000000000000000000110000000000000000100000000000111000000001100000000000000000000000000000000000000000000010100000000000000000000000000000000000000000000000000000001100001010000
000000100100000000100100000001011001000000000000000000000000000000000011001110001001000000000000000100000001001111000000011010000000000000000000000000000000000000000000001000010000000000000000000000000000000000000000000000000010010000000000
000000001000100000111000000000110101000000000000000000011100000000000101100000000110000000000000000100100000011000101000000100000000000000000000000000000000000000000000000000101000000000000000000000000000000000000000000000000001100000000000
000000000000100000011000000000000000000000000000000000000000000000001100100000000000000000000000000001001010010000010000000000000000000000000000000000000000000000000000000000010000000000000000000000000000000000000000000000000000000000000000
000000000001000000000000000001110000000000000000000001000001000000000100010000000000000000000000000001001000001000000000000000000000000000000000000000000000000000000000000000000000000000000000000000000000000000000000000000000000000000000000
000000000000000000000000000000010000000000000000000001000001000000000001110000000000000000000000000000011000000000100000000000011000000000000000000000000000000000000000000000000000000000000000000000000000000000000000011000011000000000000000
000000000011100000000000000000111000000000000000000001000001000000000000011000000000000000000000000000010000000000000000000000010100000000000000000000000000000000000000001010000000000000000000000000000000000000000000010010011000000000000000
000000011001100000000000000011100001000000000000000000000000000000000000000000000000000000000000000000000010000000000000000000001110000000000000000000000000000000000000001100000000000000000000000000000000000000000000100000110000000000000000
000000011000100010000000000010000001000000000000000000011100000000000000000000000000000000000000000000000111000000000000000000000110000000000000000000000000000000000000001100000000000000000000000000000000000000000000100001100000000000000000
000000000000010010000000001010000000000000000000000000000000000000000000000000000000000000000000000000001001100000000000000001100110000000000000000000000000000000000000000000000000000000000000000000000000000000000000010101010000010000000000
000000000000010000000000111000001000000000000000001000000000000000000000000000000000000111000000000000011100110000000000000010000000000000000000001100000000000000000000000000000000000000000000000000000000000000000000010110010000100000000000
000000000000010000011000001000001100000000000000010010000000000000000000000000000000000011100000000000001000111000000000000001010000000011110000001110000000000000000000000000000000000000000000001000000000000000000000000000100000000011000000
000000000000100000001100001000010000000000000000010010000000000000000000000000000000000000000000000000001010010000000000000000100000000001110000001110001000000000000000000000000000000000000000011100000000000000000000000000000000000001100000
000000000000000000001000001100011100000000000000000100000000000000000000000000000000100000000000000000010111100000000011100000000000000001101000000110110100000000000000000000000000000000000000110110000000000000000000000000000000001111000000
000000000000010001110000011100010000000000000000000000000000000000000000000000000001010000000000000000010001000000000100010000000000000001100000000100000010000000000000000000000000000000000001100011000000000000000000000000000000001110000000
000000000000000110000000001100010010000000000000000000000000000000000000000000000001010000000000000000000000000000000110000000000000000001101100000010001010000000000000000011000000000000000000110110000110000000000000000000000000001000000000
000000000000000000110000010000001010000000000000000000001000000000000010000000000000100000000000000000000000000000000010001000000000000010010110000000110110000000000000000110100000110000000011000000001001000000000001110000000000000000000000
000000000000000000110000011100000000000000000000000000111100000000000010000000000000000000000000000000000000000000000001001000000000000001110000000000011100000000000000001000100001101000000101000000001101100000000000000000000000000000000000
000000000000000000000000000000000000000000000000000000110110000000000010000000000000000000000000010000000000000000000001001000000000000000111011100000001000000000000000000111000010110000000010000000001001100000000000000000000000000000000000
000000000000000000000000000000000000000000000000000000010001001000000000000000000000000000000000111000000000000000000000110000000000000000000111111000000000000000000000000010000011000001000000000000000111000000000000000000011000000000000000
000000000000000000000000000000000000000010000000000100100010011000000000000000000000000011100001000100000000000000000000000000000000000000000001001000000000000000000000000000000010000001100000000000001000000000000000000000011000000000000000
000000000000000000000000000000000000000010000000000100110010000010000000000000000000000110000000100010000000000000000000000000000000000000000110110000000011000000000000000000000001000101000000000000000111100000000000000000000000000000000000
000000001100000000000011000000000000000010000000000000000000001110000000000000000000100000000000001110000000110000000000000000000000000000000111110001100011000000000000000000000000100000000000000000001000000000000000000000000000000100000000
000000001100000011100100100000000000000000000000000000010101100100000000000000000000000000001000000100000001001000000000000000000000000000000011000010010000000000000000000000000000000000000110000000101100000000000000000000000000010010000000
000000000000000000000011000000000000000000000010000000001100100000000110000000000000100000000010000000000000110000000000000001100000000000000000000111111000000000000000000000000000000000001001000010000000100000000000000000000000010010000000
000000000000000000000000000000000000000000000111100000001100000000001111000000000000010000100001000000000000000000000000000010100000000000000000000010010000000000001100000000100000000000001010000010001011000000000000000000000000001000000000
000000000000000000000000000000000000000000001100000000000000000000011111000000000000000000000010000000000000000000000000000011000000000000000100000001100000000000001010000000100000110000000100000000000100000000000000000000000000000000000000
000000000000000000000000000000000000000000000010000000000000000000110000000000000000000000000000000000000000000000000000001100000000000000000110000000000000000000000100000000100001001000000000000000000000000000000000000000000000000000000000
000000000000000000000000000000000000000000000011000000000000000000110000000000000001000000000000000000000000000000000000010100011000000000000000000000000000000000000000000000000000110000000000000001101100000000000000000000000000000000011000
000000000000000000000000001100000000000000010101100000000000000000110111000000000001000000000000000000000000000000000000011000011000000000000000000000000000000000000000000000000000010000000000000001101100000000000000000000000000000000011000
000000000000000000000000001100000010000000011100100000000000000000011111000000000001000000000000000000000000000000000000000000000000000000000000000000000000000000000000000000000000011000000000000000101000000000000000000000000000000000000000
000000000000000000000000000000000010000000001001000000000000000000101000000000000000000000000000100000000000000000000000000000000000110000000000000000000000000000000000000000001110110100000000000000101100000000000000000000000000001000000000
000000000000000000000000000000000010000000000001000000000000000000111000000000000000000000000001110000000000000000000000000000000001001000000000000000000000000000000000000000101110100100000000000000001100000000000000000000100000010000000000
000000000000000000000000000000000000000000010101100000000000000000111000000000011100000011100001000111000000000000001100000000000001001000000000000000000000000000000000000000000001011000000000000010001000000000000000000000101000100100000000
000000000000000000000000000000000110000000110100000000000000000000000000000000100000100000000000100010000000000000010010000000000000110000000000000000000000000000000000000000111100000000000000000001010000000000000000000000101001101000000000
000000000000000000000000000000011001000000110000010000000000000000000001100000011111000000000000011100000000000000001100000000000000000000000000000000000000000000000000000000011100000000000000010000100000000000000000000000010101100000000000
000000000000000000000000000000000000000000010100100000000000000000000011010000001110000000000110001000000000000000000000000000000000000000000000000000110000000000000000000000000000000000000000010100000001000000000000000000001101000000000000
001000000000000000000000000000100010000000000001000000000000000000000011011000000000000000000110000000000000000000000000000000000000000000000000000000110000000000000000000000000000000000000000010100000011000000000000000000110001000000000000
000100000000000000000000000000000010000000010000000000000000000000000110001100000000001100000000000000000000000000000000000000000000000000000000000000000000000000000000000000000000000000000000000000000010100000000000000000110110000000000011
000000000000000000000000000100011100000000000001000000001100000000000011011000000000001100000000000000000000000000000000000000000000000000000110000110000001100000000000000000000000000000000000000010000000000000000000000000010110000000000110
000000000000000000000000011000000000000000000100100000010100000000000000000000000111000000000000000000000000000000000000000000000000010000001011000000000010110000000000000000000000010000000000000111000000000000000000000000000000000000000011
101000000000000000000000011011000000000000000000100000001000000000000000000000001101000000000000010000000000000000000000000000000000101000001001000000000110110000000000000000000000100111000000000100100000000000000000000000000000000000000000
111000000000000000000000000000000000000000000001000000000000000000000000000000010001000010000010110000000000000000000000000000000000101000000111000000100011000000000001110000000000101000000111000000000000000000000000000011000000000000000000
010000000000000010000000000000000000000000000000000000000000000000000001100000110001000010000100000000000000000000000000000000000000010000000110000000010000000000000001001000000000000100000101100110000000000000000000001011000000000000000000
000000000000000010000000000000000000000000000000000000000000000000000001100000110001000010000100000000000000000000000000000000000000000000000000000010010000000000000000001000000000000000110111110101100000000000000000001010000000000000000000
000000000000000010000000000000010000000000000000000000000000000000000000000000111101000000001100100000000000000001100000000000000000000000000000000100000000000000000010000000000000000000110000000001011000000000000000000000000000000000011000
000000000000010000000000000000010000000000000000000000000000000000000000000000110000100000110011000000000000000001100000000000000000000000000011011000100000000000000010001111100000000000110000000011001000000000000000000000000000000000011000
000000000000101000000000000000010000000000000000000000000000110000000000000000010000000011111001110000000000000000000000000000000000000000000010000000000000000000000010001011100000000001100000000000110000000000000000000000000000000000000000
000000000000101000000000000000000000000000000000011000000000110000000000000000001000111000100000110000000000000000000000000000110000000000000110100001000000000000000111101000100000000001000000000000000000000000000000000000000000000000000000
000000000000010000000000000000000000000000000000001100000000000000000000000000000100011010100000010000000000000000000000000000110000000000000100011010000000000000010110000110000000000000000000000000000000000000000000000000000000000000000000
000000000000000011000000000000000010000000000000000000000000000000000000010000000000000010000000000000000000000011100000000000000000000000000010000000000000000000011011000000000000000000000000000000000000000000000000000000000000000000000000
000000000000000011000000000110000101000000000000000000000000000000000000010000000000000100000000000000110000000000000000000000000000000000000000000001100000000000010110000110000000000000000000000000000000000000000000000000000000000000000000
000000000000000000000011000101000110000000000000000000000000000000000000010000000000001001100000011001001000000000000000000000000000000000000000000001100000011000000111101000100000000000000000000000000000000000000000000000000000000000000000
000000000000000000000011000010000000000000000000000000000000000000000000000000000000001000000000000000011000000000000000000000000000000000000000000000000000011000000010000000100000000000000000000000000000000000000000000000000000000000000000
000000000000000000000000000000000000000000000000000000000000000000000000000000000000000000000000000000000000000000000000000000000000000000000000000000000000000000000010000000100000000000000000000000000000000000000000000000000000000000000001
000000000000000000000000000000000000000000000000000000000000000000000000000000000000000000000000000000000000000000000000000000000000000000000000000000000000000000000010000001000000000000000000000000000000000000000000000000000000000000000001
000000000000000000000000000000000000000000000000000000000000000000000011000000000000000000000000000000000000000000000000000000000000000000000000000000000000000000000000000101000000000000000000000000000000000000000000000000000000000000000001
000000000000000000000000000000000000000000000000000000000000000000000011000000000000000000000000000000000011100000000000000000000000000100000000000000000000000000000001000001000000000000000000000000000000000000000000000000000000000000000000
000000100000000000000000000000000000000000000000000000000000000000000000000000000000000000000100000000000100010000000000000000000000001010000000000000000000000000000001000111100000000000000000000000000000000000000000000000000000000000000000
000010100000000000000000000000000000000000000000000000000000000000000000000000000000000000000100000000001000001000000000000000000000001010000000000000000000000000000000100000110000000000000000000000000000000000000010000000000000000000000000
000001100000000000000000000000100011000000000000000000000000000000000000000000000000000000000100000000001000010000000000000000000000000100000000000000000000000000000000010111010000000000000000000000000000000000001000100000000000000000000000
000000000000000000000000000001010011000000000000000001000000000000000000000000000000000000000000000000000100100000000000000000000000000000000000000000000000000000000000001101110000100000000000000000000000110000000000010000000000000000000000
000000000000000000000001100010010000000000000000000010100000000000000000000000000000000000000000000000000000000000000000000000000011000000011000000000000000000000000000000000100001110000000000000000000000110000110000011000000000000000000000
011000000000000000000001100101100000000000000000000010100000000000000000000000000000000000000000000000000000000000000000000000000100100000100100000000000000000000000000000000000001010000000000000000000000000000100000000100000000000000000000
011000000000000000000000000110000000000000000000000001000000000000000000000011100000000000000000000000000000010000000000000000000011000000011000000000000000000000000000000000000000000000000000000000000000000000100001010000000000000000000000