000000000000000000000000010010000000000000000000000000000000000000000000000100010000000000000000000000000001110000000000000000000000000000000000000000000000000000000001000000000000000000000000000000000000000000011000011110000000000000000000
000000000000000000000000000000000000000000000000000000000000000001110000110100001000000000000000000000000000110000000000000000000000000100000000000000000000000000000010100000000000010000010000000000000000000000001000100110000000000000000000
000000000000000000000000011100000000000000000000000000000000000010001000100000001000000000000000000000000000000000000000000000000000001010000000000000000000000000000010010000000000101000010000000000000000000000010000101100000000000000000000
000000000000000000000000000000000000000000000000000000000000000100001000111010001000000000000000000000000000000000000000000000000000001010000000000000000000000000000001100000000110010000010000000000000000000000010000111000000000000000000000
000000000000000000000000000000000000000000000000000000000000000100110000000000000000000000000000000000000000000000000000000000000000000100000000000000000000000000000000000000000000000000000000000000000000000000010000000000000000000000001100
000110000000000000000000000000000000000000000000000000010000000011000000000000000000000000000000000000000000000000000000000011000000000000000000000000000000000000000000000000000000000000000000000000000011000000000000001100000000000000010100
000110000000000000000000000000000000000000000000000000100000000000000000000000000000000000000000000000000000000000000000000011000000000000000000000000000000000000000000000000000000000000000000000000000100100000000000100001000000000000011000
000000000000000000000000000000000000000000000000000000010000000000000000000000000000000000000000000000000000000000000000000000000000000000000000000000000000000000000000000000000000000000000000000000000011000000000001000001000000000000000000
000000000000000000000000000000000000000000000000000000000000000000001000000000000000000000000000000000000000000000000000000000000011000000000000000000000000000000000000000000000110110000000000000000000000000000000001000010000000000000000000
000000000000000000000000000000000000000000000000000000000000000000110100000000000000000000000000000000000000000000000000000000000011000000000000000000000000000000000000000000001010110000000000000000000000000000000001101100000111000000000000
000000000000000000000000000000000000000000001100000000000000000000011000000000000000000000000000000000000000000000000000000000000000000000000000000000000110000000000000000000001010000000000000000000000000000000000000011100011000100000000000
000000000000000000000000000000000000000000001100000000000000000000000000000000011101000000000000000000000000000000000000000000000000000000000000000000000110000000000000000000000101000110000000000000000000001000000000001000001001000000000000
000000000000000000000000000000000000000000000000000000000000000000000000000000011001100000000000000000000000011000000000000000000000000100000000000000000000000000000000000000000001000010000000000000000000010100000000000000000000000000000000
000000000001000000000010000000000000000000000000000000000000000000000000000000001001110000000000000000000000100100000000000000000000000100000000000000000000000000000000000000000000100110000000000000000000010100000000000001100100000000000000
000000000010100000000101000000000000000001000000000000000000000000000000000000000000011100000000000000000000011000000000000000000000000100000000000011000000000011100000000000000000001000000000000000000000001000000000000001111000000000000000
000000000011000000000010000000000000000001000000000000000000000000001000000000000000000000000000000000000000000000000000000000000000000000000000000011000000000000000000000000000000000000000000000000000000000001000000000000000000000000000000
000000000000000000000000000000000000000001000000000000000000000000000100000000000000000010000000000000000000000000000000000000000000000000000000000000000000001000001000000000000000000000000000000000000000000001000000000000000000000000000000
000000000000000000000000000000000000000000000000000000001000100000000100000000000010100000000000000000000000000000000000000000000000000000000000000000000000001000001000000000000000000000000000000000000000000001000000000000000000000000000000
000000000000000000000000000000000000000000000000000000101000110011110100000000000011011100000000000000000000000000000000000000000000000000000000000000000000001000001000010000000000000000000000000000000000000000000000000000000000000000000000
000000000000000010000000000000000000000000000000000001010000011000000000000000000010000000000000000000000000000000000000000000000000000000000000000000000000000000000000111000000000000000000000000000000000000000000000000000000000000000000000
000000000000000101000000000000000000000000000001100011100000000000010111000000000000000000000000000000000000000000000000000001000100000000000000000000000000000011100000101100000000000110000000000000000000000000000000000000000000000000000000
000000000000001001000000000111000000000000000010000110100000000011001011111000000000000000000000000000000000000000000000000001000110000000000000000000000000000000000000011100000000001001000000000000000000000000000000000000000000000000000000
000000000110000110000000000000000000000000000110001000010010000011000001010100000110000000000000000000000000000000000000000001111110000000000000000000000000000000000000011100000000000110000000000000000000000000000000000000000000000000000000
000000000110000000000000000000000000000000000100010000001110000000110001111000000110000000000000000000000000000000000000000000000000000000000000000000110000000000000000000000000000000000000000000000000000100000000000000000000000000000000000
000000000000000000000000000000000000000000000011000100000001001000001011100000000001000010000000110000000000000000000000000000001100000000000000000000110000000000000000000000000000000000000000000000000000110000000000000000000000000000000000
000000000000000000000000000000000000000000000011000000111110000100000001100000000011100101000001001000000000000000000000000000111100000000111000000000000000000000000000000000000000000000000000000000000000011000000000000000000000000110000000
000000000000000000000000000000000000000000000000000011010000010000000110000000000111011000000000110000000000000000000000000000110100000000111000000000000000000000000000000110000000000000000000000000000000010000000000000000000110000110000000
000000000000000000000000000000000000000000000000000001100000000000000100000000001100010111000000000000000000000000000000000010000110000001001100000000000000000000000000001001000000000000000000000000001110100000000000000000000110000000000000
000000000000000000000000000000000000000000000000000010000000000000000000000000011000011100000000000000000000000000000000000000110001000000111100000010001110000000000000110001000000000000000000000000001110000000000000000000000000000000000000
000000000000000000000000000011000000000000000000000001110000000100000000000000001111001000000000000000000000000000000000000000110001110000100000000100100000000000000000100010000000000000000000000000000000000000000000000000000000000000000000
000000000000000000000000000011000000000000000000000001100000001010110000000000000011100000000000000000000000000000000000000000000111111000100000000000010000000000000000000000000000000001000000000000100000000000000000000000000000000000000000
000000000000000000000001110000000000000000000000000000000000000001010000000000000000111000001000000000000000000000000000000000010100011000100000001000010000000000000000000000000000000001000000000001010000000000000000000000000000000000000000
000000000000000000000000000000000000000000000000000000000001000100011000000000000000001000001000000000000000000000000000000000011000000000100001000000110000000000000000000001100000000001000000000001100000000000000000000000000000000000000000
000000000000000011000000000000000000000000000000010000000010100110110000000000000000001000001000000110000000000000000000000000011101100000010001000000000000000001000000000001100000000000000000000000000000000000000000000000000000000000000000
000000000000000011000000000000000000000000000011110000000010100011100000000011100000000000000001011011000000000000000000000000000001100000001110000111000000000100100000000010011000000000000000000000000000000000000000000000000000000000000000
000000000000000000000000000000000110101111000100000000000001000001000000000000000000000011100001011110000000000000000000011000000001000000000000000000000000000000010000000001111100000000000000000001100000000000000000000000000000000000000000
000000000000000000000000011000001010101000000000110000000000000000000000000000000000000000000001001000000000000000000000000100000000000000000000010000000000001011100000000010000111000000000000000010010000000000000000000000000000000000000000
000000000000000000000000100100000000011000000110001000000000000000000000000000000000000000000000100000000000000000000100001000000000000000000000101000000000001000011100000001110010100000000000000010010000000000000000000000000000000000000000
100000000000000000000000011000010010000110000010001000000000000000000000000000000000000000000000000000000000101000001000000000000000000000000100101000000000000000111100010001010100100000000000000001100000000000000000000000000000000000000011
010001010000000000000000000000001010000110000100001000000001100000000000000000000000000000000000000000000000101000010000000000000000000000011000011000000000000001100000010011101100000000000000000000000000000000000000000000000000000000000110
001001010000000000000000000000000100000000000100010000000001100000000000000000000000000000000000000000000000000001000001100000000000000000011000110000000000000001110111100001110001100000000000000000000000000000000000000000000000000000000110
000001100000000000000000000000000001000000000100010000000000000000000000000000000000000000000000000000000000001110110000000000000000000000100101000000000000000000101101101101000101000000000000000000000000000000000000000000000000000000000000
000000000000000000000000000000000001010000000001000000000000000000000000000000000000000000000000000000000000000000011110000000000000000000011010001000000000000000100000001000111000000000000000000000000000000000000000000000000000000000000001
100010000000000000000000000000000010000000000000100000000000000000000000000000000000000000000000000000000000000000000000000000000000000000001000000100000001000000110110001000010000000000000000000000000000000000000000000000000000000000000000
010100000000000000000000000011100000001000000001110011100000000000000000000000000000000000000000000000000000000000000000000000000000000000001000011000000001000000011110010000000000000000000000000000000000000000000000000000000000000000000000
001000000000000000000000000000000100001000000011010011100000000000000000000100000000000000000000011100000000000000000000000000000000000000000101011000000001000000000001100000000000000000000000000000000000000110000000000000000000000000000000
000000000000000000000000000000001010100100000110000010000010000000000000001010000000000000000000011010000000000000000000000000000000000000000010000000000000000000000011000000000000000000000000000000000000000110000000000000000000000000000000
000000000000000000000000000000011000101100000011010000100001000000000000000110000000000000000000001010000000000000000000000000000000010000000000000000000000000000001010000000000001000000000001000000000000000000000000000000000000000000000000
000000000000000000000000000000001010000000000001110001001110000000000000000000000000000000000111000100000000000000001100000000000000010000000000000000000000000000001100000000000011000000000010100000000000000000000000001100000000000000000000
000000000000000000000000000000000110101000000000100001101000000000000000000000000000000000000000000000000000000000010010000000000000010000000000001100000000000000000000000000000110101100000100100000000000000000000000001100000000000000000000
000000000000000000000000000000000100001000000000000000110000000000000000000000000000000000000000000100000000000000001100000000000000000000000000000000000000000000000000000000000011100010000011000000000000000000000000000000000000000000000000
100000000000000000000000000000000011100000011100000000000000000000000000000000000000000000000000000100000000000000000000000000000000000000000000000000000000000000000000000000000001001011000000000000110000000000000000000000000000000000000011
110000000000000000000000000000000000000000000000000000000000000011000000000000000000000000000001000100000000000000000000000000000000000000000000000010000000000000000000000000000000000000000000000000110000000000000000000000000000000000000001
010000000000000000000100000000000100000000000001000000000000000010100000000000000000000000000011000000000000100000000000000000000000000000000000000101000000000000000000000000000000000000000000000000000000000000000000000000000000000000000000
110000000000000000000100000000011100000000000001000000000000000010100000000011000000000000000110000100000001010000000000000000000000000000000000000101000000000000000000000000000000000000000000000000000000000000000000000000000000000000000000
000000000000000000000100000000010000010001100001000000000000000000110000000011000000000000001100111000000001010000000000000000000000000000000000000010000000000000000000000000000000000000000000000000000000000000000000000000000001010000000000
000000000000000000000000000000011101110001100000000000000001100100100000000000000000000000011001110000000000100000000100000000000000000000000000000000000000000000000000000000000000000000000000000000000000000000000000000000000001010000000000
000000000000000000000000011000000000000000000000000000000010011011000000000000000000000000000001100000000000000000001010000000000000000000000000000000000000011100000000000000000000000000000000010000000000000000000000000000000001110000000000
000000000000000000000000100100000000000000000000000000000010011000000000000000000000000011111010000000000000000000010010001100000000000000000000000000000000000000000000000000000000000000000000010000000000000000000000000000000000011000000000
000000000000111000011000011111100000000000000000000000000010010000000000000000000000000011100110000001000000000100001100010010000000000000000000000000000000000000000000000000000000000000000000010000000000000000000000000000001000010110000000
000000000000000000010100000001111001000000000000000000000001010000000000000000011100010000000100000011100000000100000000010100000000000000000000000000000000000000000000000000000000000000000000000000000000110000000000000000001011010110000000
000000000000000000001000000011011000101100000000000000000000000000000000000000000000010100000100000100110000001110000000001000000000000000000000000000000000000000000000000000000000000000000000000000000000101000000000000000001101000000000000
000000000000000000000000000000011001101000000000000000000000000000000000000000000000011100111000000111010000000000000000000000000000000000000000000000000000000000000000000000000000000001100000000001000000010000000000000000000011000000000000
000000000000000000000000000011010110001000000000000000000000000000000000000000000000000000100000011010110000010001000000000000000000000000000000000000000000000000000000000000000000000010010000000011100000000000000000000000000000000000000000
000000000000000000000000000001110100000000000000000000000000000000000000000000000000000000011000100100000011110001111000000000000000000000000000000000000000000011000000000000000000000010100000000110110000000000000000000000000011001110000000
000000000000000000000000000000110000010000000000000000000000000000000000000000000000000000011001111110000110100000101100000000000000000000000000000000000000000011000000000000000000000001000000001110111000000000000000000000000001101000000000
000000000000000000000000000000000100000000000000000000000000000000000000000000001100000000000000100100010000000000000110000000000000000000000000000000000000000000000000000000000000000000000000000110111000000000000000000000000001100000000000
000000000000000000000000000000000011000000000000000000000000000000100000000000010010000000000000011010010000000000000100000000000000000000000000000000000000000000000000000000000000000000000000000000011000000000000000000000000000000000000000
000000000000000000000000000000000000100000000100000000000000000001010000000000010100000000000000000000000011101010111000000000000000000000000000000000000000000000000000000000000000000000000000000000100001000000000000000000000000000000000000
000000000000000000000000000000000000000000000100000000000000000001010000000000001000000000000000000000110000001010000000000000000000000000000000000000000000000010000000000000000000000000000000000000101100100000000000000000000000000000000000
000000001100000000000000000000000000000000000100000000000000000000100000000000000000000000000000000110010000000000000000000000000000000000000000000000000000000010000100000000000000000000000000000000011101000000000000000000000000000000000000
000000001100000000000000000000000001110000000000000000000000000000000000000000000000000000000000000001000000100000100000000000000000000000000000011100000000000010001010000000000000000000000000000000000000100000000000000000000000000000000000
000000000000000000000000000000000000110000000000000000110000000000000000000000000000000000000000000000000000010001000001101000000000000000000000000000000000000000001001000000000000000000000000000000000001100000000000000000000000000000000000
000000000000000000000000000000000000000000000000000000110000000000000000000000000000000000000000000000000000001110000001000100000000000000000000000000000000000000000110000000000000000000000000000000000000001000000000000000110000000000000000
000000000000110000000000000000000000000000000000000000000000000000000000000000001100000011000000001100000000000000010011000010000000000000000001000000000000000000000000000000000000000000000000000000000000101000000100000000110000000000000000
000000000000110000000000000000010000000000000000000000000000000000000110000000011110000000000000001100000000000000000010010100000000000000000001000000000000000000000000000000000000000000000000000000000000000000001100000000000000000000000000
000000000000000000000000000000101000000000000000000000000000001110000001000000111011000000000000000000000000000000000010001100000000000000000000000000000000000000000000000000000000000000000000000100000000000011001100000000000000000000000000
000000000000000000000000000000101000000000000000000000000000100101001100000000110011100010000000000000000000000000010010000000000000000000000000000000000001100000000000000000000000000000000000001010000000000110000000000000000000000000000000
000000000000000000000000000000010000000000000000000000000000100101100000000001000011100101000000000000000000000000010000000000000000000000000000000000010001100000000000000000000000000000000000000110000000000010100000000000000000000000000000
000000000000000000000000000000000000000000000000000000000000110000000000000001110011100101000000000000000000000000110101100000000000000000000000000000010000000000000010000000000000000000000000000000000000100001100000000000000000000000000000
000000000000000000000000000000000000000000000000000000000001110101110000000000111011000010000000000000000000000001000010000100000000000000000000110000000000000000000010000000000000000000000000000000001101100000000000000000000110000000000000
000000000000000000000000000000000000000000000110000000000010000001011100011011011110000000000000000000000000000001000100000010000000000000000000000000000000000000000010000000000000000000000000000000110100000000000000000000001001000000000000
000000000000000000000000000000000000000000000110000000000001010110001100010010001100000000000000000000000000000000100100100010000110000000000001000000000000000000000000000000000000000000000000000001000000000000000000000000000110000000000000
000000000000000000110000000000000000000000000000000000000000111100000000011100000000000000000000000000000000000000001100011100110101010000000010000000000000000000111000000000000000000000000000000110010000000000000000000000000000000000000000
000000001000000000110000000000000010010000000000000000000000000000000000000000000000000000000000000000000000000000000110000000000101000000000100001000000000000000000000000000000000000000000000000000000110000000000000000000000000000000000000
000000010100000000000000000110001100000000000000000000000000000000000000000000000000000000000000000000000000000000000110000000000011000000000000010000000000000000000000000000000000000000000000000000000000010000000000000000000000000000000000
000000100100000000000000001011010000010000000000000000000000000000000000000000000001100000001000000000000000000000000000000000000011000000000100100000000110000000000000000000000000110000000000000001100010001000000000000000000000000000000000
000000011000001100000000001001100100000101000000000000000000000000011000000000000010010000010100000000000000000000000000000000010111000000000000100011000100000000000000000000000000110000000000000111100010010000000000000000000000000000000000
000000000000001100000000001100010000000001000000000000000000000000111100000000000010010000011000000000000000000000000000000000010000000000000010000110000111000000000000000000000000000000000000001111000011100000000000000000011000000000000000
000000000000000000000000000010010000110001000000000000000000000001000110000000000001100000000000000000000000000000000000000000000000000000000010000010000011101000000000000000000000000000011000010010000010100000000000000001111000000000000000
000000000000000000000000000011100000111100000000011000000000000000110000000000000000000000000000000000000000000000000000000000000000000000000010000000000000100100000000000000000000000000100000000010000100000000000000000000000000000000000000
000000000000000000000000000000000001000000000000011000000000000000110011000000000000000000000000000000000000000000110000000000000000000000000001001000000001000100000000000000000000000000111010000001000000110000000000000001001000000000000000
000000000000000000000000000000000000000000000000000000000000001100000010011110100000000000000000000000000000000000110000000000000000000000000000100100001010101000000000000000000000000000000011000111011000100000000000000000111100000000000000
000000000000000000000000000000000000000000000000000000000000011100101000010000010000000000000000000000000000000000000000000000000000000000000000011000001000000000000000000000000000000000100001000000011000000000000000000000001100000000000000
000000000000000000000000000000000000000000000000000000000000001000011010000000000000000000000000000000000000000000111000000000000000000000000000000000000000000000001110000000000000000000000101000000010000000000000000000000000000000000000000
000000000011000000000000000000000000000000000000000000000000000100011100010000000000000000000000000000000010011000111000000000000000111000000000000000000000000000010011000000000000000000110001000000100000000000000000000000000000000000000000
000000000100100000000000000000000000000000011100000000000000000000000000000000001000000000010000110111000111001000111000000000000001110100000000000000000110000000100010000000000000000000001101000000011000000000000010000000000000000000000000
000100000011000000000000000000000000000000000000000000000000000000000000000000010000000000010001011000001010001000000000000001110011000110000000000000000110000000010010100000000000001100001100000000000000000000000111000000000000000000000000
000100000000000000000000000000000000000000000000000000000000011100000000001000000000000000010011001000001010110000011000000010111101001000000000000000110010000000000001000000000000001100110000000000000000000000001101100000000000000100010000
000100000000000000000000000000000000000000000000000000000000001000000000001110000000000000010001100100110111000000011000000011001110110110000000000000011100000000000111000000000000000000010000000000000000000000000000110000000000001110001000
000000000000000000000000000000000000000000000000000000000001100100000000000100000000000001100000100110000010000000000000000000000011010110000000000000011100000000000000000000000000000000001101000000000000000000000000111000000000010000000000
000000000000000000000000000000000000000000000000000000000001001110000000000000000000000000000000000001110000000000000000000000001100001110000000000011000000000000001110000000000001110000101101000000000000000000000000110000000000100010110000
000000000000000000000000000000000000000000000011100000000000000001000000000000000000000000000000000000100000000000000000000000001000000000000000000011000000000000000000000000000000000000000000000000000000000000001101100000000000010010001100
000000000000000000000000000000000000000000001011110000000000110110100000000000000000000000000000000000000000000000000000000000000000000000000000000000000000000000000000000000001000000000110000000000000000000000000111000000000000001100000000
000000000000110000000000000000000000000000000010010000000000000000110000000000000000000000000000000000000000000010000000000000000000000000000000000000000000000000000000000000000000000000001000000000000000000000000010000000000000000000000000
000000000000111011100000000000000000000000010111111000000000001110100000000000000000000000000000000000000000000110000000000000000000000000000000000000000000000010000000000000000000000000111110000000000000000000000000000000000000000000000000
110000000000000010100000000110000000000000010111111000000000001001000000000000000000000000000000000000000000001100000000000000000000000000100000000000000000000110000000000000000000000000100010000000000000000000000000000000000000000000001010
110000000000000011100000000110000000000000010100011000000000001110000000000000000000000000000000000000000000000110000000000000000000000001011000000000000000001001000000110000000000000000011100000000000000000000000000000000000000000000010000
000000011000000000000000000000000000000000000000000000000000000100000000000000000000000000000000000000000000000010000000000000000000000000111000000000000000000110001000101000000000000000000110000000000000000000000000000000000000000000010010
100000011000000000000000000000000000000000000000000000000000000000000010000000000000000000000000000000000000000000000000000000000000000000010000000000000000000000111000010000000000000000000011000000000000000000000000000000000000000100011000
100000000000000000000000000000000000000000001100000011000000000000000010000000000000000100000000000001100000000000000000000000000000000000000000000000000000000000110000001000000000000000000011000000000000000000000000000000000000001010000100
000000000000000000000000000000000000000000000110000100100000000000000000000000000000001010000000000100010000000000000100000000000000000000000000000000000000000000100000001000000000000000000000000000000000000000000000000000000000001100000111
000000000000000000000000000000000000000000000100000011000000000000000100000000000000001001000000001000010000000000000110000000000000000000000000000000000000000001101100010000000000000000000000000000000000000000000000000000000000000000000000
000000000000000000000000000000000000000000000010000000000000000000000000010000000000000110000000001000100000001100100010000000000000000000000000000000000000000000101110001100000000000000000000000000000000000000000000000000000000000000000000
000000000000000000000000000000000000000000000000000000000000000000000111100000000000000000000000000100000000011100011100000000000000000000000000000000000000000000110010000010000000000000000000000000000000000000000000000000000000011000000000
000011000000000000000000000000000000000000000000000000000000000000000001100000000000000000011100000000000000001011111000000000000000100011100000000000000000000000011001000000000000000000000000000000000000000000000000000000000000010100000000
000011000000000000000000000000000000000000000000000000000000000000000000000000000000000000110010001010000000000110000000000000001000100000000000000000000000000000001110000000000000000000000000110000000000000000000000000000000000010000000000
000000000000000000000000000000100000000000000000000000000000000110000000000000000010100110110001000010000000000010000000000000000100100000000000000000000000000000000100000000000000000000000001001000110000000000000000000000000000000000001100
000000000000000000000000000000100000000000000000000000000000000110000000000000010010011110010010011000000000000000000000000000001000000000000000000000000000000000000000000000000000000000000000110000110000000000000000000000000000000000011000
000000000000000000000000000001010000000000000000000000000001000011000000000000101000010011001100010000000000000000000000000000000000000000000000000000000000000000000000000000000000000000000000000000000000000000000000000000000000000000001000
000000001110000000000000000000100000000000000000000000000000010110000000000000110011011100010000000001110000000000000000000000000000000000000000000000000000000000000000000000000000000000000000000000000000000000000000000000000000000001110000
000000000000000011000000000000100000000000000000000000000010000000110000000000000011010100000000010001001000110000000000000000000000000000000000000000000000000000000000000100000000000000000000000000000000000000000000000000000000000010000000
000000000000000011000000000000000000000000000000000000000001100011101000000000000001101100000000001110010000110000000000000010000000100000000000000000000000000000000000010011000000000000000000000000000000000000000000000000000000000010100000
000000000000000000000000000000000000000000000001100000000000011101001000000000000000010010001100000101110000000000000000000010000001100000000000000000000000000000000000000110000000000000000100000000000000000000000000000000000000000100111100
000000000000000000000000000000000000000000000100010000000000010000010000000000000000001110101001000001000000000000000000000000000000100000000000000000000000000000000000000000010000000000001010000000000000000000000000000000000000000101001100
000000000000000000000000000010010011000000001000010000000001100000000000000000000000000001101011000000000000000000000000000000000000000000000000000000000000000000000000000110111000000000001001000000000000000000000000000000000000000010011000
000000000000000000000000000011100000000000001000100000000000010010100000000000000000000001101100000000000000000000000000000000000000000000000000000000000000000000000000010001110000000000000110000000000000000000000000000000000000000001110000
000000000000000000000000000100100000000000010011000000000010000011000000000000000000000000010000000000000000000000000000000000000000000000000000000000000000000000000000011011100000000000000000000000000000000000000000000000000000000000000000
000000000000000000000000000000000000000000001100000000000001011000000000000000000000000100000000000000000000000000000000000000000000000000000000000000000000000000000000001001100000000000000000000010000000000000000011100000000000000000000000
000000000000000000000000000010000000000000000000000000000000100101000000000000000000001100000000000000000000000000000001100000000000000000000000000000000000000000000000011010000000000110000000000101000000000000000000000000000000000000000000
000000000000000000000000000000000000000000000000000000000000000101000000000000000000000100000000000000000000000000000001100000000000000000000000000000000000000000000000000000000000001001000000001101100000000000001000001000000000000000000000
000000000000000000000000000000000000000000000000000000000000000000000000000000000000001010000000000000000000000000000000000000000000000000000000000000000000000000000000000000000000000110000000000001010000000000001000001011100000000000000000
000000000000000000000100000000000000000000000001000000000000000000000000000000000000000000000000000000000001100000000000000000000000000011000000000000000000000001100000001000000000000000000000000000111000000000001000001000000000000000000000
000000000000000000001110000000000000000000000010110000000000000000000000000000000000000001000000000000000001100000000000000000000000000010100000000000001100000001100001010100000000000000001100000000000100000000000000000000000000000000000000
000000000001100000010101011000000000000000000010000000000000000000000000000000000000000011000000000000000000000000000000000000000000000000000000000000010010000000000111110000000000000000010100000000011000000100000011100000000000000000000000
000000000001100000110001011000000000000000001010000000000000000000000000000000000000000000000000000000000000000000000000000000000000000001000000000000001100000000001110110000000001100000011000000000010000001110000000000000000000000000000000
000000000000000000010001000000000000000000001010000000000000000000000000000000000000010000000000000000000000000000000000000000000000000010010000000000000000000000000100110000000001100000000000000000000000011101000000000000000000000000000000
001111000000000000001001000000000000000000000100100000000000000000000000000000000000111000000000000000000000000000000000000000000000000111100000000000000000000000000011110000000000000000000000000000000000110011000000000000000000000000000000
001000100000000000000001100000000000000000000011000000000000000000000001000000000000000100000000000000000000000000000000000000000000000110000000000000000000000000000001111000000000000000000010000000000001100000000000000000000011100000000000
000000100000000000000001100000000000000000000011000000000000000000000001000000000010001000000000000000000000000000000000000000000011000000100000000000000000000000000000010100000000000000000010000000000000110000000000000000000000000000000100
000010000001110000010000000000000000000000000001110000000000000000000001000000001110010000000000000000000000000000000000000111000010100000110000000000000000000000000000011000000011000000100010000000000000010000000000000000000000000000001110
000000000000000000110000000000000000000001100001010000000000000000000000000000000110000000001110000000000000000000000000000000000001000010010001110000000000000000000000000000000100100000100000000000000000000000000000000000000000000000011110
000000000000000000100000000000000000000110110000010000000000000000000000000000000110110000011111000000010000000000000000010000000000000011100000000000000000000000000000000000000101000000101000000000000000000000000000000000000000000000110000
000000100000000001000000000000000000000100100000000000110000000000000000000000000101100000100001100000010000000000000000010000000000000010000000000000000000000000000000000000000010000000000110000000000000000111000000000000000000000000011100
000000100000000000000011000000000000000100100000000000110000000000000000000000001100000000010101100000010000000000000000000000000000000100000000000000000000000000000000000000000000000000000010000000000000000001000000000000000000000000001110
000000000000000000100000000000000000000011000000000000000000000000000000000000000101000000000001000000000000110000000000000000000000000100000000000000000000000000000000000000000000000000111100000000111000000111000000000000000000000000000001
000000000000000001010000000000000000000000000000000000000000000000000000000000000010000000001001000000000000110000000000000101000011000000000000000000000000000000000000000000000000001100101100000000000010000000000000000010000000000000000101
000000000000000001100000000000000000000000000000000000010000000000000000000000000000000000010110000000000000000000000100000101000011000000000000000000000000000000000000000000000000000100100000000000000000000000000000000101000000000000000010
000000000000000000000000000000000000000000000000000000101000000000000000000000000000001000100100000000000000000000000100000000000100100000000000000000000000000000000100000000000000000010000000000111000000001000000000000101000000000000000000
000000000000000000000000000000000000110000000000000000101000000000000000000000000000001000011000000000000000001110000100000000000101010000000000000000100000000000000100000000000000000000000000001000000000100110000000000010000000000000000000
000000000000000000000000000000000001001000011100000000010000000000000000000000000000001000000000000000000000000000000000000000000101110000000000000001010000000000000100000000000001000000000000010100100011100000000000000000000000000000000000
000000000000000001100000000000000001010000010100000000000000000000000000000000000000000000000000000000000000000000000000000000000001110000000000000001010000000000000000000000110010100000000000000100011011100000000000000000000000000000000000
000000000000000010100000000000000000100000011100000000100000110000000000000000000000000000000000000000000000000000000000000000000000000000000000000000100000000000000000000000110010100000000000001101010101100000000000000000000000000000000000
000000000000000011000000000000000000000000000000000001010000101000000000000001000000000000110000000000000000000000000000000000000101000000000000000000000000000000000001000000000001000000000000011101111100100001100000000000000000000000000000
000000000000000000000000000000000000000000000000000100001000100100000000000010100000000000110000000000000000000000000011000000011100000000000000011000000011000000000010100000000000000000000000001100000111110001110000000000000000000000000000
000000000000000000000000000000000000000000000000001000010000000100000000000001100000000000000000000000000000011000000011000000100000000100000000100100000100100000000010100000000000000000000000001000000001011111010000000000000000000000000000
000000000000000000000000111000000000000000000000001000010000010100000000000000000000000000000000000000000000011000000000000010110010000110000000011000000011000000000001000000000000000000000000011100000000001101010000000000000000000000000000
000000000001100000000000001000000000000000000000001000111000011000000000000000000000000000000000000000000000000000000000000010011100000000000000000000000000000000000000000001100000000000000000000000000000000011100000000000000000000000000000
000000000001100000000000010000000000000000000000000111111000110000000000000000000000000000000000000000000000000000000000000010000101000000000000000000100000000000000000000001100000000000001110000000000000000000000000000000000000000000001100
000000000000000000000000000000000000000000000000000000010000110000000000000000000000000000000000000000000000000000000000000000000011100000000000000001010000000000000000000000000001000000000000100100000000000000000000000000000000000000001100
000000000000000000000000000000000000000000000000000000000001100000000000000000000000000000000000000000000000000000000000000000000011010000000000000001010000000110000000000000000010100000000000000000000000000000000000000000000000000000000000
000000000000000000000000000000000000000000000000000000000000010000000000000000000001000000000000000000000000001100000000000000000000100000000000000000100001010110011000000000000001100000000000110000000000000000000000000000000000000000000000
000000000000000000000000000000000000000000000110000000000000000000000000001100000001000000000000110000000000010010000000000000000000000000000000000000000011100001011000000000000000000000000000100000000000000000000000000000000000000000000000
000000000000000000000000000000000000000000000110000000000000000000000000001100000001000000000110010011100000001100000110011000000000000000000000000000000100000110000000000000000000000000000000000000000000000000000000000000110000000000000000
000000000000000000000000000000000000000000000000000000000000000000000000000000000000000000000110111100100000000000000011100000000000000000000000000000000011101000000000000000000000000000000000000000000000000000000000000001011000000000000000
000000101000000000000000011000000000000000000000000000000000000000000000000000000000000000000110010100100000000000000000000000000000000000000000000000000001011000000000000000000000000000000000000000000000000000000000000001011000000000000000
000000100100000000000000100000000000000000000111000000000000000000000000000000000000000000000010010101000000000000000011000000000000000011100000000000000000000000000000110000000000000000000000000000000000000000000000000000100000000000000000
000000100100000000000000010011010000000000000000100000000110011000000000000000000000000000000001010000011100000000000011000000000000000000000000000000000000000000000000110000000000000000000000000000000000000000000000000000000000000000000000
000000011000000000000000000001011000000000001000010000000001001000000000000000000000000000000000000000100000000000000011111000000000000000000000000000000000000000000000000000000000000000000000000011000000000000000000000000000000000001100000
000000000000011000011100000110011000000000011110001000001000001000000000000000000000000000000000000001000000000010000001000010000000000000000000000000000000000000000000000000000000000000000000000011000000000000000000000000000000000010010000
000000000001100011100010000001110000000000001101001000001110010000000000000011000000000000000000000000010000000010000100000100000000000000000000000000000000000000000011000000000000000000000000000000000000000000000000000000000000000001100000
000000000001100000100001000000100000000001100000101000000000000000000000000010100000000000000000000010010000000010000100001000000000000000000000000000000000000000000100100000000000000000000000000000000000000000000000000000000000000000000000
000000000010000001000001100000000000000001011000000000000000000000000000000001000000000000000000000000110000000000000100100000000000000000000000000000000000000000000011000000000000000000000000000000000000000000000000000000000000000000000000
000000100001000010000001101000000000000000111000000000000000000000000000000000000000000000000000000000000000000010000000000000000000100000000000000000000000000000000000001000000000000000000000000000000000000000000000000000000000000000100000
000000100000001000010001001110100000000000001000000000000000000000000000000000000000000000000000000001010000000101000000000000000000100000000000000000000000000000000000010100000000000000000000000000000000000000000000000000000000000001010000
000000100000010000110010001101011000000000000000000000000000000000000000000100000110000000000000000010100000000000100000011100000000100000000000000000000000000000000000010100000000000000000000000000000000000000000000000000000001100000000000
000000000000000000100010000011000010000000000000000000001000000000000011100100001001000000000000001110000000010000100000010010000000000000000000000000000000000000000000001000010000000000000000000000000000000000000000000000000010010000000000
000000000000000000100100000000110010000000000000000000001000000000001100110100000110000000000000000010000000110011110000001100000000000000000000000000000000000000000000000000101000000000000000000000000000000000000000000000000001100000000000
000000000001100000101000000001001000000000000000000000001000000000001101110000000000000000000000000011110100010000010000000000000000000000000000000000000000000000000000000000010000000000000000000000000000000000000000000000000000000000000000
000000000000000000000000000000110000000000000000000000000000000000001111010000000000000000000000000000101000000000000000000000000000000000000000000000000000000000000000000000000000000000000000000000000000000000000000000000000000000000000000
000000000010100000000000000001000000000000000000000011100011100000000000000000000000000000000000000000111000000000000000000000011000000000000000000000000000000000000000000000000000000000000000000000000000000000000000011000011000000000000000
000000000010100000000000000000001000000000000000000000000000000000000000011000000000000000000000000000011000000000000000000000010010000000000000000000000000000000000000001000000000000000000000000000000000000000000000111000000000000000000000
000000011110010000000000000010100000000000000000000000001000000000000000000000000000000000000000000000000111000000000000000000000000000000000000000000000000000000000000010010000000000000000000000000000000000000000000110000001000000000000000
000000011001110000000000000010000000000000000000000000001000000000000000000000000000000000000000000000000100100000000000000000000001000000000000000000000000000000000000001100000000000000000000000000000000000000000000110011000000000000000000
000000000000110000000000001000000000000000000000000000001000000000000000000000000000000010000000000000010000010000000000000001000110000000000000000000000000000000000000000000000000000000000000000000000000000000000000110101010000000000000000
000000000000111000000000001000001100000000000000000000000000000000000000000000000000000100100000000000010100001000000000000010000000000001100000001010000000000000000000000000000000000000000000000000000000000000000000000111010000000000000000
000000000000110000011100001100011100000000000000011100000000000000000000000000000000000100100000000000000001001000000000000001100000000010010000010000000000000000000000000000000000000000000000011100000000000000000000000000000000000011100000
000000000000000000000100011000010000000000000000001110000000000000000000000000000000000001000000000000011010001000000001000000100000000000001000000000011000000000000000000000000000000000000000100010000000000000000000000000000000000000100000
000000000000000000101100000000110000000000000000000000000000000000000000000000000000100000000000000000010100100000000011100000000000000010000000000001011100000000000000000000000000000000000001000001000000000000000000000000000000001000100000
000000000000000011110000010010110100000000000000000000000000000000000000000000000001010000000000000000001001100000000100100000000000000010001100000101011010000000000000000000000000000000000001000001000000000000000000000000000000010001000000
000000000000000010000000000100011100000000000000000000000000000000000000000000000001010000000000000000000000000000000110000000000000000010001110000000011011000000000000000111000000000000000010010111000110000000000000100000000000001000000000
000000000000000001110000010000000100000000000000000000001100000000000000000000000000100000000000000000000000000000000111000000000000000010000110000000100010000000000000000110100001110000000011000000001001100000000000100000000000000000000000
000000000000000000110000011000000000000000000000000000100010000000000111000000000000000000000000000000000000000000000011011100000000000001000000000000100010000000000000001000100000001000000101000000011100000000000000100000000000000000000000
000000000000000000000000001000000000000000000000000000000110000000000000000000000000000000000000111000000000000000000001001000000000000001001000000000011100000000000000000111000010010000000010000000001000000000000000000000000000000000000000
000000000000000000000000000000000000000000000000000000011101011000000000000000000000000001000000111000000000000000000000110000000000000000011100001000000000000000000000000111000110100001100000000000001111100000000000000000011000000000000000
000000000000000000000000000000000000000000000000000000100011011100000000000000000000000111000001001100000000000000000000000000000000000000000000001000000000000000000000000000000010000001100000000000001000100000000000000000011000000000000000
000000000000000000000000000000000000000111000000000000110000010010000000000000000000000110000000001010000000000000000000000000000000000000000100001000000011000000000000000000000001000011100000000000001111000000000000000000000000000000000000
000000001100000001000011000000000000000000000000000000111011001010000000000000000000000000000000001010000000110000000000000000000000000000000000010001100011000000000000000000000000000000000000000000011001000000000000000000000000000000000000
000000001100000001000100100000000000000000000000000000000111111110000000000000000000000000000000001110000001001000000000000000000000000000000100000100001000000000000000000000000000000000000110000000011100000000000000000000000000001110000000
000000000000000001000011000000000000000000000110000000010001100000001001000000000000000000000000000000000000110000000000000001100000000000000000000100001000000000000000000000000000000000001001000001011011000000000000000000000000011100000000
000000000000000000000000000000000000000000001001000000001100000000010000000000000000000000000011000000000000000000000000000010100000000000000000000100001000000000001100000000000000000000001010000000000111000000000000000000000000000000000000
000000000000000000000000000000000000000000001000000000000000000000100001000000000000000000000000000000000000000000000000000011000000000000000110000001100000000000001010000001110000110000000100000000000110000000000000000000000000000000000000
000000000000000000000000000000000000000000000011000000000000000000000110000000000000000000000000000000000000000000000000001100000000000000000110000000000000000000000100000000000001001000000000000000001100000000000000000000000000000000000000
000000000000000000000000000000000000000000000100100000000000000001000010000000000000000000000000000000000000000000000000010100011000000000000000000000000000000000000000000000000000111000000000000001101100000000000000000000000000000000011000
000000000000000000000000001100000000000000010100100000000000000000000001000000000011100000000000000000000000000000000000011000011000000000000000000000000000000000000000000000000000000000000000000000000000000000000000000000000000000000011000
000000000000000000000000001100000000000000010100100000000000000000000001000000000000000000000000000000000000000000000000000000000000000000000000000000000000000000000000000000000100000000000000000000100000000000000000000000000000000000000000
000000000000000000000000000000000111000000011111100000000000000000100010000000000000000000000001110000000000000000000000000000000000110000000000000000000000000000000000000000011010100100000000000000000000000000000000000000000000000000000000
000000000000000000000000000000000000000000001001000000000000000001000100000000001000000001000001010010000000000000000000000000000001001000000000000000000000000000000000000000011000000100000000000000000000000000000000000000010000011000000000
000000000000000000000000000000000110000000110001100000000000000000101000000000011000000001000001010111000000000000001100000000000001001000000000000000000000000000000000000000100001111000000000000000011100000000000000000001100001101000000000
000000000000000000000000000000001110000000000010100000000000000000010000000000100001000001000000110001000000000000010010000000000000110000000000000000000000000000000000000000100110000000000000000001110000000000000000000000101110000000000000
000000000000000000000000000000001110000000000000000000000000000000000011100000010001000000000000011100000000000000001100000000000000000000000000000000000000000000000000000000100100000000000000001000100000000000000000000000010100010000000000
000000000000000000000000000000010000000000111000100000000000000000000000011000010001000000000110011100000000000000000000000000000000000000000000000000110000000000000000000000001000000000000000110000000011000000000000000000100101000000000000
000000000000000000000000000000000000000000001000000000000000000000000000010100000100000000000110000000000000000000000000000000000000000000000000000000110000000000000000000000000000000000000000000000000010100000000000000000100001000000000000
000000000000000000000000000000011010000000000000000000000000000000000100000100000000001100000000000000000000000000000000000000000000000000000000000000000000000000000000000000000000000000000000000000000010000000000000000000000101000000000111
000000000000000000000000001000001100000000000000000000001100000000000111011100000010001100000000000000000000000000000000000000000000000000000111000000000001110000000000000000000000000000000000000111000000000000000000000000110110000000000100
000000000000000000000000010010001000000000000001100000010100000000000000000000001101000000000000000000000000000000000000000000000000010000001001000000000110000000000000000000000000000010000000000101000000000000000000000000000000000000000111
101000000000000000000000011100000000000000000001100000001000000000000000000000001101100000000000110000000000000000000000000000000000101000001000100000000100010000000000100000000000101110000010000101000000000000000000000000000000000000000000
101000000000000000000000000000000000000000000000000000000000000000000000000000110001100000000000110000000000000000000000000000000000101000001001000000000111100000000001110000000000011000000101100110000000000000000000000111000000000000000000
111000000000000000000000000000000000000000000000000000000000000000000001100000001011100111000110000000000000000000000000000000000000010000000101000000110000000000000001001000000000000000000000011111000000000000000000000000000000000000000000
000000000000000111000000000000000000000000000000000000000000000000000001100001000001100000000110000000000000000000000000000000000000000000000000000000000000000000000000000000000000000000110100011101110000000000000000000011000000000000000000
000000000000000000000000000000000000000000000000000000000000000000000000000001000011100000011101000000000000000001100000000000000000000000000000001100000000000000000000001011000000000001000011100000011000000000000000000000000000000000011000
000000000000010000000000000000111000000000000000000000000000000000000000000000000000000000000010010000000000000001100000000000000000000000000011001000000000000000000111001000100000000000000000000011001000000000000000000000000000000000011000
000000000000101000000000000000000000000000000000000000000000110000000000000000111000100000001010010000000000000000000000000000000000000000000000110000000000000000000000001000010000000001010000000001110000000000000000000000000000000000000000
000000000000101000000000000000000000000000000000011100000000110000000000000000001000101010000001001000000000000000000000000000110000000000000111010000000000000000001000011000100000000001100000000000000000000000000000000000000000000000000000
000000000000010000000000000000000000000000000000011100000000000000000000000000000000101000000000110000000000000001000000000000110000000000000101010000000000000000010000100100000000000000000000000000000000000000000000000000000000000000000000
000000000000000011000000000000000010000000000000000000000000000000000000000000000000001011000000000000000000000001000000000000000000000000000000000001000000000000110001000000000000000000000000000000000000000000000000000000000000000000000000
000000000000000011000000000110000101000000000000000000000000000000000000111000000000000111000000000000110000000001000000000000000000000000000000000001100000000000010000100100000000000000000000000000000000000000000000000000000000000000000000
000000000000000000000011000101000110000000000000000000000000000000000000000000000000001100000000000000001000000000000000000000000000000000000000000001100000011000001000000101000000000000000000000000000000000000000000000000000000000000000000
000000000000000000000011000010000000000000000000000000000000000000000000000000000000000000000000000000011000000000000000000000000000000000000000000000000000011000000000000001110000000000000000000000000000000000000000000000000000000000000000
000000000000000000000000000000000000000000000000000000000000000000000000000000000000000000000000000000000000000000000000000000000000000000000000000000000000000000000111000001100000000000000000000000000000000000000000000000000000000000000000
100000000000000000000000000000000000000000000000000000000000000000000000000000000000000000000000000000000000000000000000000000000000000000000000000000000000000000000000000011100000000000000000000000000000000000000000000000000000000000000011
000000000000000000000000000000000000000000000000000000000000000000000011000000000000000000000000000000000001000000000000000000000000000000000000000000000000000000000000000001100000000000000000000000000000000000000000000000000000000000000000
000000000000000000000000000000000000000000000000000000000000000000000011000000000000000000000000000000000011100000000000000000000000000100000000000000000000000000000000000100000000000000000000000000000000000000000000000000000000000000000000
000001000000000000000000000000000000000000000000000000000000000000000000000000000000000000000000000000000111110000000000000000000000001010000000000000000000000000000001100010010000000000000000000000000000000000000000000000000000000000000000
000000110000000000000000000000000000000000000000000000000000000000000000000000000000000000001110000000001100011000000000000000000000001010000000000000000000000000000000101000010000000000000000000000000000000000000000000000000000000000000000
000001100000000000000000000000100011000000000000000000000000000000000000000000000000000000000000000000001100010000000000000000000000000100000000000000000000000000000000010100001000000000000000000000000000000000000000000000000000000000000000
000000000000000000000000000001010011000000000000000001000000000000000000000000000000000000000000000000000000000000000000000000000000000000000000000000000000000000000000001100010001110000000000000000000000110000010000111000000000000000000000
000000000000000000000001100010010000000000000000000010100000000000000000000000000000000000000000000000000000000000000000000000000011000000011000000000000000000000000000000001110001010000000000000000000000110000110000011000000000000000000000
011000000000000000000001100101100000000000000000000010100000000000000000000001000000000000000000000000000000000000000000000000000100100000100100000000000000000000000000000000000001010000000000000000000000000001100000110000000000000000000000
011000000000000000000000110000000000000000000000000001000000000000000000000010100000000000000000000000000000000000000000000000000011000000011000000000000000000000000000000000000000000000000000000000000000000000101000101000000000000000000000