000000000000000000000000000110000000000000000000000000000000000001110000001010011000000000000000000000000001010000000000000000000000000000000000000000000000000000000001000000000000000000000000000000000000000000001101110000000000000000000000
000000000000000000000000110000000000000000000000000000000000000010000000110010100100000000000000000000000000000000000000000000000000000100000000000000000000000000000010100000000000010000010000000000000000000000000000110000000000000000000000
000000000000000000000000011100000000000000000000000000000000000100001001000000010100000000000000000000000000000000000000000000000000001010000000000000000000000000000010010000000000101000010000000000000000000000100101100100000000000000000000
000000000000000000000000000000000000000000000000000000000000000100001000111000001000000000000000000000000000000000000000000000000000001010000000000000000000000000000001100000000000010000010000000000000000000000101001111110000000000000000000
000000000000000000000000000000000000000000000000000000000000000100010000110000000000000000000000000000000000000000000000000000000000000100000000000000000000000000000000000000000000000000000000000000000000000000010000001100000000000000001100
000110000000000000000000000000000000000000000000000000000000000010010000000000000000000000000000000000000000000000000000000011000000000000000000000000000000000000000000000000000000000000000000000000000011000000000000000000000000000000010100
000110000000000000000000000000000000000000000000000000000000000001000000000000000000000000000000000000000000000000000000000011000000000000000000000000000000000000000000000000000000000000000000000000000100100000000000000011000000000000011000
000000000000000000000000000000000000000000000000000000000000000000000000000000000000000000000000000000000000000000000000000000000000000000000000000000000000000000000000000000000000000000000000000000000011000000000011100001000000000000000000
000000000000000000000000000000000000000000000000000000000000000000011000000000000000000000000000000000000000000000000000000000000011000000000000000000000000000000000000000000000110110000000000000000000000000000000010000100000011000000000000
000000000000000000000000000000000000000000000000000000000000000000100100000000000000000000000000000000000000000000000000000000000011000000000000000000000000000000000000000000001010000000000000000000000000000000000010100110011011000000000000
000000000000000000000000000000000000000000001100000000000000000000111000000000001111000000000000000000000000000000000000000000000000000000000000000000000110000000000000000000001010110000000000000000000000000000000001101100000011000000000000
000000000000000000000000000000000000000000001100000000000000000000010000000000001111100000000000000000000000000000000000000000000000000000000000000000000110000000000000000000000100000010000000000000000000001000000000011000011000000000000000
000000000000000000000000000000000000000000000000000000000000000000000000000000010100000000000000000000000000011000000000000000000000000100000000000000000000000000000000000000000011100001000000000000000000010100000000001000011000000000000000
000000000001000000000010000000000000000000000000000000000000000000000000000000000000111000000000000000000000100100000000000000000000000100000000000000000000000000000000000000000001000110000000000000000000010100000000000000111000000000000000
000000000010100000000101000000000000000001000000000000000000000000000000000000000000011100000000000000000000011000000000000000000000000100000000000011000000000011100000000000000000000110000000000000000000001000000000000001001000000000000000
000000000011000000000010000000000000000001000000000000000000000000000000000000000000011100000000000000000000000000000000000000000000000000000000000011000000000000000000000000000000000000000000000000000000000001000000000000111000000000000000
000000000000000000000000000000000000000001000000000000000000000000001110000000000000000000000000000000000000000000000000000000000000000000000000000000000000001000001000000000000000000000000000000000000000000001000000000000000000000000000000
000000000000000000000000000000000000000000000000000000010000110001100010000000000110100100000000000000000000000000000000000000000000000000000000000000000000001000001000010000000000000000000000000000000000000001000000000000000000000000000000
000000000000000000000000000000000000000000000000000000101001001010001010000000000100000000000000000000000000000000000000000000000000000000000000000000000000001000001000111000000000000000000000000000000000000000000000000000000000000000000000
000000000000000010000000000000000000000000000000000000111000101001010100000000000111101000000000000000000000000000000000000000000000000000000000000000000000000000000001101000000000000000000000000000000000000000000000000000000000000000000000
000000000000000101000000000000000000000000000010000101011000010010000100011000000000000000000000000000000000000000000000000000000000000000000000000000000000000011100001110000000000000110000000000000000000000000000000000000000000000000000000
000000000000001001000000000111000000000000000101000010100000000011101100011000000000000000000000000000000000000000000000000011010010000000000000000000000000000000000000110000000000001001000000000000000000000000000000000000000000000000000000
000000000110000110000000000000000000000000001001001010100011000010001000010100000110000000000000000000000000000000000000000010001100000000000000000000000000000000000000011100000000000110000000000000000000000000000000000000000000000000000000
000000000110000000000000000000000000000000001101111100011001000001011000000000001101000000000000000000000000000000000000000001101010000000000000000000110000000000000000001000000000000000000000000000000000110000000000000000000000000000000000
000000000000000000000000000000000000000000000100100001100001000000010000000000001100111010000000110000000000000000000000000000000110000000010000000000110000000000000000000000000000000000000000000000000000101000000000000000000000000000000000
000000000000000000000000000000000000000000000011100011111110000000000100000000001100111111000001001000000000000000000000000001100000000000110000000000000000000000000000000000000000000000000000000000000000101100000000000000000000000110000000
000000000000000000000000000000000000000000000000000010000110000000000101000000001000010001000000110000000000000000000000000001100110000001100000000000000000000000000000000110000000000000000000000000000111111000000000000000000110000110000000
000000000000000000000000000000000000000000000000000001000000000000000101000000011000110000000000000000000000000000000000000010001110000011000000000000000000000000000000110001000000000000000000000000001000010000000000000000000110000000000000
000000000000000000000000000000000000000000000000000001110000000000000000000000110000011100000000000000000000000000000000000001000010000010010000000000000110000000000000000111000000000000000000000000001001000000000000000000000000000000000000
000000000000000000000000000011000000000000000000000011011000000101100000000000011000001100000000000000000000000000000000000000000100000010001000000000110100000000000000110000000000000000000000000000000110000000000000000000000000000000000000
000000000000000000000000000011000000000000000000000000100000001000100000000000000000001000000000000000000000000000000000000000000110000010001000000000100100000000000000000000000000000001000000000000100000000000000000000000000000000000000000
000000000000000000000001110000000000000000000000000000000000001000010000000000000000001000001000000000000000000000000000000000010101110000001000000000001000000000000000000000000000000001000000000001010000000000000000000000000000000000000000
000000000000000000000000000000000000000000000000000000000001001101000000000000000000011100001000000110000000000000000000000000110000010001000000000000001000000000000000000001000000000001000000000001100000000000000000000000000000000000000000
000000000000000011000000000000000000000000000011010000000010101100011000000000000000000000001000001111000000000000000000000000011110110000100000000010110000000000000000000010000000000000000000000000000000000000000000000000000000000000000000
000000000000000011000000000000000000001010000010010000000010100101110000000011100000000000000000001000100000000000000000000000001100000000010000000110000000000000000000000110000000000000000000000000000000000000000000000000000000000000000000
000000000000000000000000000000000111001001000000010000000001000011100000000000000000000011100011100011000000000000000000001000000000000000001110000000000000000110010000000110000000000000000000000001100000000000000000000000000000000000000000
000000000000000000000000011000000000100010000000000000000000000001000000000000000000000000000011000000000000000000000000001000000000000000000000010000000000001101100000000100000000000000000000000010010000000000000000000000000000000000000000
100000000000000000000000100100000101110100000001100100000000000000000000000000000000000000000000000000000000000000000000000000000000000000000000101100000000000001100000000011000000100000000000000010010000000000000000000000000000000000000001
010000000000000000000000011000001100001010000000100100000000000000000000000000000000000000000000000000000000000000000000000000000000000000001000001100000000000000000010000011001100000000000000000001100000000000000000000000000000000000000010
110000000000000000000000000000001010000110001001100000000001100000000000000000000000000000000000000000000000000000000000000000000000000000010100100000000000000000000010001100000000000000000000000000000000000000000000000000000000000000000000
000011000000000000000000000000000010000000001000101000000001100000000000000000000000000000000000000000000000001000011010000000000000000000110100001000000000000000001110100001001100010000000000000000000000000000000000000000000000000000000111
000000000000000000000000000000000000100000000010100000000000000000000000000000000000000000000000000000000000000000000110000000000000000000100000001000000000000000001110000011000110100000000000000000000000000000000000000000000000000000000110
000001100000000000000000000000000010100000000001110000000000000000000000000000000000000000000000000000000000000100000000000000000000000000011010011000000000000001110111100010001101000000000000000000000000000000000000000000000000000000000000
011000000000000000000000000000000001000000000000110001000000000000000000000000000000000000000000000000000000000000000100000000000000000000000000110000000001000000000001001000101000000000000000000000000000000000000000000000000000000000000000
011100000000000000000000000011100000001000000000110010100000000000000000000000000000000000000000001000000000000000000000000000000000000000001011000100000001000000110001101000010000000000000000000000000000000000000000000000000000000000000000
011100000000000000000000000000101000001100000110001110110000000000000000000100000000000000000000001100000000000000000000000000000000000000001010101000000001000000011100100000000000000000000000000000000000000110000000000000000000000000000000
000000000000000000000000000000110100100010001110001010100000000000000000001010000000000000000000010010000000000000000000000000000000000000000111010000000000000000001010100000000000000000000000000000000000000110000000000000000000000000000000
000000000000000000000000000000100000010010000110000011100110000000000000000110000000000000000000001010000000000000000000000000000000010000000000000000000000000000001001000000000011000000000001000000000000000000000000000000000000000000000000
000000000000000000000000000000000011100100000011011011101110000000000000000000000000000000000111001100000000000000001100000000000000010000000000000000000000000000001110000000000100110000000010100000000000000000000000001100000000000000000000
000000000000000000000000000000011011111000000001110011001000000000000000000000000000000000000000000000000000000000010010000000000000010000000000000000000000000000000000000000001111101110000100100000000000000000000000001100000000000000000000
000000000000000000000000000000000100100000000000100001110000000000000000000000000000000000000000000100000000000000001100000000000000000000000000000000000000000000000000000000000100001001000011000000000000000000000000000000000000000000000000
100000000000000000000000000000000100100000011100000000100000000000000000000000000000000000000000000100000000000000000000000000000000000000000000000000000000000000000000000000000011110101000000000000110000000000000000000000000000000000000011
111000000000000000000000000000000101000000000000000000000000000111000000000000000000000000000011000100000000000000000000000000000000000000000000000010000000000000000000000000000001000010000000000000110000000000000000000000000000000000000011
001000000000000000000100000000001100000000000001000000000000000110100000000000000000000000000101010000000000100000000000000000000000000000000000000101000000000000000000000000000000000000000000000000000000000000000000000000000000000000000001
110000000000000000000100000000001110000000000001000000000000000000100000000011000000000000001000111000000001010000000000000000000000000000000000000101000000000000000000000000000000000000000000000000000000000000000000000000000000000000000000
000000000000000000000100000000100100110001100001000000000000111100000000000011000000000000010000001100000001010000000000000000000000000000000000000010000000000000000000000000000000000000000000000000000000000000000000000000000000000000000000
000000000000000000000000000000011101110001100000000000000001111110010000000000000000000000110010011000000000100000000100000000000000000000000000000000000000000000000000000000000000000000000000000000000000000000000000000000000011100000000000
000000000000000000000000010000011000110000000000000000000100000001100000000000000000000000100001000000000000000000001010000000000000000000000000000000000000011100000000000000000000000000000000010000000000000000000000000000000011101000000000
000000000000000000000000100100000000000000000000000000000100100010000000000000000000000011001011000001000000000000010010001100000000000000000000000000000000000000000000000000000000000000000000010000000000000000000000000000000000000000000000
000000000000111000011000011100000000000000000000000000000100010000000000000000000000000010010010000011100000000000001100010010000000000000000000000000000000000000000000000000000000000000000000010000000000000000000000000000001110001010000000
000000000000000000010100011010000000000000000000000000000001100000000000000000011100011011001110000110010000000100000000010100000000000000000000000000000000000000000000000000000000000000000000000000000000110000000000000000011010000110000000
000000000000000000001000000000000110101100000000000000000000000000000000000000000000110101000100000000011000001010000000001000000000000000000000000000000000000000000000000000000000000000000000000001000000101000000000000000011000000000000000
000000000000000000000000000000000000001100000000000000000000000000000000000000000000110100101000001000101000010001000000000000000000000000000000000000000000000000000000000000000000000001100000000011100000010000000000000000000110000000000000
000000000000000000000000000011000000010000000000000000000000000000000000000000000000001001101000000000111110110101101000000000000000000000000000000000000000000000000000000000000000000010010000000111110000000000000000000000000100010100000000
000000000000000000000000000010101101000000000000000000000000000000000000000000000000000000101000100001101100011011011100000000000000000000000000000000000000000011000000000000000000000010100000001100000000000000000000000000000001110100000000
000000000000000000000000000000000110000000000000000000000000000000000000000000000000000000011011100000001011110001100010000000000000000000000000000000000000000011000000000000000000000001000000011000000000000000000000000000000010000100000000
000000000000000000000000000000000011000000000000000000000000000000000000000000001100000000000000101100000111100000100011000000000000000000000000000000000000000000000000000000000000000000000000000100000000000000000000000000000000110000000000
000000000000000000000000000000000011000000000000000000000000000000100000000000010010000000000000001000010000100000110110000000000000000000000000000000000000000000000000000000000000000000000000000001001100000000000000000000000000100000000000
000000000000000000000000000000000011000000000100000000000000000001010000000000010100000000000000001000110011000000010100000000000000000000000000000000000000000000000000000000000000000000000000000001111110000000000000000000000000000000000000
000000000000000000000000000000000000000000000100000000000000000001010000000000001000000000000000000000001000000000011000000000000000000000000000000000000000000010000000000000000000000000000000000000110100100000000000000000000000000000000000
000000001100000000000000000000000000100000000100000000000000000000100000000000000000000000000000000011010000000000000000000000000000000000000000000000000000000010000100000000000000000000000000000000010000010000000000000000000000000000000000
000000001100000000000000000000000001010000000000000000000000000000000000000000000000000000000000000011000000001110000000000000000000000000000000011100000000000010001010000000000000000000000000000000001000000000000000000000000000000000000000
000000000000000000000000000000000000000000000000000000110000000000000000000000000000000000000000000000000000010001000000000000000000000000000000000000000000000000001001000000000000000000000000000000000010010000000000000000000000000000000000
000000000000000000000000000000000000000000000000000000110000000000000000000000000000000000000000000000000000010001000010011110000000000000000000000000000000000000000110000000000000000000000000000000000001000000000000000000110000000000000000
000000000000110000000000000000000000000000000000000000000000000000000000000000000000000000000000001100000000001110000111001000000000000000000000000000000000000000000000000000000000000000000000000000000000100000000100000000110000000000000000
000000000000110000000000000000010000000000000000000000000000001110000000000000000001000000000000001100000000000000000000110000000000000000000000000000000000000000000000000000000000000000000000000000000000000010000010000000000000000000000000
000000000000000000000000000000101000000000000000000000000000001111000000000000000000000000000000000000000000000000000101001110000000000000000000000000000000000000000000000000000000000000000000000100000000000110000100000000000000000000000000
000000000000000000000000000000101000000000000000000000000000110000110000000000000000000010000000000000000000000000000100000000000000000000000000000000000001100000000000000000000000000000000000001010000000001000000000000000000000000000000000
000000000000000000000000000000010000000000000000000000000000110001010000000011101100001101000000000000000000000000111111000000000000000000000000000000000001100000000000000000000000000000000000000110000000000110100000000000000000000000000000
000000000000000000000000000000000000000000000000000000000001001110010000000011000000001101000000000000000000000000100000100000000000000000000000000000000000000000000010000000000000000000000000000000001100100011100000000000000000000000000000
000000000000000000000000000000000000000000000000000000000000111111001000001000000000000010000000000000000000000001000000000000000000000000000000000000000000000000000010000000000000000000000000000000110000100000000000000000000110000000000000
000000000000000000000000000000000000000000000110000000000011010001000000011000100001000000000000000000000000000001100000001111000100000000000000000000000000000000000010000000000000000000000000000001000000000000000000000000001001000000000000
000000000000000000000000000000000000000000000110000000000001010001001000100001100000000000000000000000000000000000001010010001001111000000000000000000000000000000000000000000000000000000000000000011011100000000000000000000000110000000000000
000000000000000000110000000000000000000000000000000000000000000010000000011110000000000000000000000000000000000000000100000010000001100000000000000000000000000000111000000000000000000000000000000011000000000000000000000000000000000000000000
000000001000000000110000000010001100000000000000000000000000111100000000011100000000000000000000000000000000000000000100011100001101000000000000000000000000000000000000000000000000000000000000000000000000000000000000000000000000000000000000
000000010100000000000000000110000110000000000000000000000000000000000000000000000000000000000000000000000000000000000000000000001111100000000000110000000000000000000000000000000000000000000000000000000000000000000000000000000000000000000000
000000100100000000000000011001010100000000000000000000000000000000000000000000000001100000001000000000000000000000000000000000001111100000000000111010000110000000000000000000000000110000000000000000000001111000000000000000000000000000000000
000000011000001100000000010001000100000001000000000000000000000000000000000000000010010000010100000000000000000000000000000000001111000000000001001110001001000000000000000000000000110000000000000000000110000000000000000000000000000000000000
000000000000001100000000011001000000000011000000000000000000000001100010000000000010010000011000000000000000000000000000000000001010000000000001101001001111110000000000000000000000000000000000011100001000000000000000000000010000000000000000
000000000000000000000000000000011000000001000000000000000000000001010001000000000001100000000000000000000000000000000000000000000000000000000100100110000110000000000000000000000000000000000000000101000100000000000000000000001100000000000000
000000000000000000000000000010100001001100000000011000000000000001010001000000000000000000000000000000000000000000000000000000000000000000000100100000000010000100000000000000000000000000100100000111100110000000000000000001101000000000000000
000000000000000000000000000011100000111000000000011000000000000001000000000100000000000000000000000000000000000000110000000000000000000000000011100000000000000100000000000000000000000001110001000100001000001000000000000001101100000000000000
000000000000000000000000000000000000010000000000000000000000001000101100000010000000000000000000000000000000000000101000000000000000000000000000111000000001011000000000000000000000000000111100000100011000110000000000000000011100000000000000
000000000000000000000000000000000000000000000000000000000000110000010111010100000000000000000000000000000000000000101000000000000000000000000000011000000010000000001100000000000000000000110000000010000000000000000000000000000000000000000000
000000000000000000000000000000000000000000000000000000000000000000011000000000000000000000000000000000000010000000011100000000000000000000000000000000000000000000010001000000000000000000111000010001101000000000000000000000000000000000000000
000000000011000000000000000000000000000000000000000000000000000000011000000000000000000000000000000110000011111101101100000000000000001100000000000000000000000000100001000000000000000000110001100000101000000000000010000000000000000000000000
000000000100100000000000000000000000000000011100000000000000000000001000000000000000000000010001100111000101000101110000000000000010000010000000000000000110000000110111000000000000000000000101000000010000000000000111000000000000000000000000
000100000011000000000000000000000000000000000000000000000000011100000000000000000000000000101011110010000001101100101000000001000000010010000000000000011001000000001011000000000000001100001110000000000000000000001001100000000000000100000000
000100000000000000000000000000000000000000000000000000000000011100000000000100000000000000000010100000001101100000101000000010100000110010000000000000010111000000000100000000000000001100111000000000000000000000001100010000000000001010000000
000100000000000000000000000000000000000000000000000000000001000100000000011010000000000000001110100000010010110000011000000011000000010000000000000000001110000000000111100000000000000000111000000000000000000000000000011000000000000000000000
000000000000000000000000000000000000000000000000000000000000001010000000001010000000000000000001100000000111000000000000000001000110111111000000000000111100000000000101000000000000000000100100000000000000000000000000011100000000100001011000
000000000000000000000000000000000000000000000010000000000000001111000000000100000000000000000000000100000110000000000000000000001010001110000000000010001000000000001110000000000001110000010100000000000000000000000000011000000000100000000000
000000000000000000000000000000000000000000000010100000000001111001100000000000000000000000000000000010010000000000000000000000001010000100000000000010100000000000000000000000000000000000100100000000000000000000001100010000000000100011011000
000000000000000000000000000000000000000000000100000000000000110000010000000000000000000000000000000000100000000000000000000000000000000000000000000000000000000000000000000000000000000000010000000000000000000000001001100000000000011110000000
000000000000001011000000000000000000000000000000000000000000001010001000000000000000000000000000000000000000000110000000000000000000000000000000000000000000000000000000000000000000000000010000000000000000000000000111000000000000000000000000
100000000000101111100000000000000000000000010000000000000000011110010000000000000000000000000000000000000000001010000000000000000000000000000000000000000000000101000000000000000000000000010100000000000000000000000010000000000000000000000000
010000000000011010110000000110000000000000000000000000000000010001100000000000000000000000000000000000000000011000000000000000000000000000110000000000000000001001000000000000000000000000101000000000000000000000000000000000000000000000001001
001000000000000001100000000110000000000000000000000000000000011011000000000000000000000000000000000000000000001010000000000000000000000000110000000000000000001000000000110000000000000000010000000000000000000000000000000000000000000000111010
010000011000000001000000000000000000000000000000000000000000001010000000000000000000000000000000000000000000000110000000000000000000000000101000000000000000000100000000101000000000000000000000000000000000000000000000000000000000000000100001
010000011000000000000000000000000000000000000100000000000000000100000000000000000000000000000000000000000000000000000000000000000000000000010000000000000000000000001100100100000000000000000011000000000000000000000000000000000000000100110101
100000000000000000000000000000000000000000000110000011000000000000000000000000000000000100000000000000000000000000000000000000000000000000010000000000000000000001101100100100000000000000000000000000000000000000000000000000000000001010000000
000000000000000000000000000000000000000000001010000100100000000000000000000000000000001010000000000000010000000000000110000000000000000000000000000000000000000001101000100100000000000000000000000000000000000000000000000000000000001100000101
000000000000000000000000000000000000000000000000000011000000000000000000000000000000001001000000001100110000000000001001000000000000000000000000000000000000000000010000010100000000000000000000000000000000000000000000000000000000000000000111
000000000000000000000000000000000000000000000000000000000000000000000011100000000000000110000000001100000000001000001010000000000000000000000000000000000000000001110010000110000000000000000000000000000000000000000000000000000000000000000000
000000000000000000000000000000000000000000000000000000000000000000000010010000000000000000001100001100000000110000101110000000000000000000000000000000000000000000000011001100000000000000000000000000000000000000000000000000000000111000000000
000011000000000000000000000000000000000000000000000000000000000000000000000000000000000000110010000000000000000001111000000000000000100011100000000000000000000000110001000000000000000000000000000000000000000000000000000000000000100000000000
000011000000000000000000000000000000000000000000000000000000000000000000000000000000000001100001000100000000000010110000000000000000100000000000000000000000000000011011000000000000000000000000110000000000000000000000000000000000010000001000
000000000000000000000000000000100000000000000000000000000000000000000000000000000011010000001000000100000000000000000000000000000000100000000000000000000000000000001110000000000000000000000001001000110000000000000000000000000000000000011000
000000000000000000000000000001010000000000000000000000000000000110000000000000010100010001000000000100000000000000000000000000000000000000000000000000000000000000000100000000000000000000000000110000110000000000000000000000000000000000010100
000000000000000000000000000010001000000000000000000000000000000111000000000000100000011000100010101001110000000000000000000000000000000000000000000000000000000000000000000000000000000000000000000000000000000000000000000000000000000000001000
000000001110000000000000000001010000000000000000000000000000001110110000000000110001100011101100010111010000000000000000000000000000000000000000000000000000000000000000000000000000000000000000000000000000000000000000000000000000000001111000
000000000000000011000000000000100000000000000000000000000001000000110000000000000100101010000000001101001000110000000000000000000000000000000000000000000000000000000000000000000000000000000000000000000000000000000000000000000000000110001000
000000000000000011000000000000000000000000000000000000000001000001101000000000000001100100001000010000011000110000000000000000000001010000000000000000000000000000000000000001000000000000000000000000000000000000000000000000000000000110101000
000000000000000000000000000000000000000000000000000000000000000000000000000000000001110000111100001001011000000000000000000000000010010000000000000000000000000000000000000100010000000000000100000000000000000000000000000000000000001100110000
000000000000000000000000000000000000000000000000010000000000000000000000000000000000011000100001000111100000000000000000000000000001010000000000000000000000000000000000000100111000000000001010000000000000000000000000000000000000000101000000
000000000000000000000000000110110000000000010111010000000001010000000000000000000000001101001001000000000000000000000000000000000000000000000000000000000000000000000000000001101100000000001001000000000000000000000000000000000000000010011000
000000000000000000000000000110110000000000010000010000000001000011000000000000000000000000100011000000000000000000000000000000000000000000000000000000000000000000000000010010000000000000000110000000000000000000000000000000000000000001111000
000000000000000000000000000110110000000000010000100000000000000001000000000000000000000000111000000000000000000000000000000000000000000000000000000000000000000000000000011100000000000000000000000000000000000000000000000000000000000001100000
000000000000000000000000000000000000000000001111000000000001000001000000000000000000001010010000000000000000000000000000000000000000000000000000000000000000000000000000000001000000000000000000000111000000000000000011100000000000000000000000
000000000000000000000000000000000000000000000100000000000001000110000000000000000000001010000000000000000000000000000001100000000000000000000000000000000000000000000000001000000000000110000000001001100000000000000000000000000000000000000000
000000000000000000000000000000000000000000000000000000000000000000000000000000000000001010000000000000000000000000000001100000000000000000000000000000000000000000000000001000000000001001000000001000000000000000001000001010000000000000000000
000000000000000000000100000000000000000000000000000000000000000000000000000000000000000000000000000000000000000000000000000000000000000000000000000000000000000000000000000000000000000110000000000111001000000000001000001101100000000000000000
000000000000000000000100000000000000000000000001100000000000000000000000000000000000000010000000000000000001100000000000000000000000000011000000000000000000000001100000000000000000000000000000000000101100000000001000001010000000000000000000
000000000000000000010000000000000000000000000010100000000000000000000000000000000000000011000000000000000001100000000000000000000000000010000000000000001100000001110000000000000000000000001100000000100100000100000000000000000000000000000000
000000000001100000111010011000000000000000000110000000000000000000000000000000000000000011000000000000000000000000000000000000000000000000000000000000010010000000010000000000000000000000010100000000100100001100000011100000000000000000000000
000000000001100001000101011000000000000000000000000000000000000000000000000000000000010000000000000000000000000000000000000000000000000000000000000000001100000000011100000000000001100000011000000000011000011110000000000000000000000000000000
001001000000000000101100000000000000000000000001000000000000000000000000000000000000101000000000000000000000000000000000000000000000000000000000000000000000000000000100000000000001100000000000000000000000100001000000000000000000000000000000
001000000000000000010000000000000000000000001101000000000000000000000000000000000000100100000000000000000000000000000000000000000000000000000000000000000000000000000100000000000000000000000000000000000001100011000000000000000000000000000000
001000100000000000000010100000000000000000000000000000000000000000000001000000000000000100000000000000000000000000000000000000000000000000000000000000000000000000000000000000000000000000000010000000000011000010000000000000000011100000000100
000001000000000000000001000000000000000000000000000000000000000000000001000000000000000000000000000000000000000000000000000000000011000010000000000000000000000000000000001000000000000000000010000000000001010000000000000000000000000000001100
000000000001110000110000000000000000000001100000111000000000000000000001000000000001110000000000000000000000000000000000000111000010100010001000000000000000000000000000001000000011000000000010000000000000110000000000000000000000000000011010
000000000000000000001000000000000000000111110000011000000000000000000000000000000001010000001000000000000000000000000000000000000001000110010001110000000000000000000000000000000100100000100000000000000000000000000000000000000000000000110000
000000000000000001010000000000000000001000010000110000000000000000000000000000000000001000110000000000010000000000000000000000000000000000000000000000000000000000000000000000000101000000101110000000000000000011000000000000000000000001110111
000000000000000000100000000000000000001001110000000000110000000000000000000000001110000000000000000000010000000000000000000000000000001000000000000000000000000000000000000000000010000000000110000000000000000011000000000000000000000000110111
000000000000000000000000000000000000001100100000000000110000000000000000000000001101010000000000000000010000000000000000000000000000000110000000000000000000000000000000000000000000000000000011000000000000000000100000000000000000000000010111
000000000000000000100000000000000000000011000000000000000000000000000000000000001001000000001110000000000000110000000000000000000000000000000000000000000000000000000000000000000000000001110110000000111000000011000000000000000000000000000011
000000000000000001010000000000000000000000000000000000000000000000000000000000000100000000010001000000000000110000000000000000000011000000000000000000000000000000000000000000000000001000010000000000000000000011000000000010000000000000000011
000000000000000001100000000000000000000000000000000000010000000000000000000000000000000000010001000000000000000000000100000000000100100000000000000000000000000000000000000000000000001001000000000110000000000000000000000101000000000000000000
000000000000000000000000000000000000000000000000000000101000000000000000000000000000001000100010000000000000000000000100000000000101110000000000000000000000000000000100000000000000000110000000000111000000001000000000000101000000000000000000
000000000000000000000000000000000000110000001000000000101000000000000000000000000000001000011100000000000000001110000100000000001110110000000000000000100000000000000100000000000000000000000000001000000000110000000000000010000000000000000000
000000000000000000000000000000000001001000011100000000010000000000000000000000000000001000000000000000000000000000000000000000000101011000000000000001010000000000000100000000000001000000000000001110110100010000000000000000000000000000000000
000000000000000001100000000000000001010000110110000000000000000000000000000000000000000000000000000000000000000000000000000000000011100000000000000001010000000000000000000000110010100000000000001010111100111000000000000000000000000000000000
000000000000000010100000000000000000100000011100000000110001110000000000000000000000000000000000000000000000000000000000000000000000100000000000000000100000000000000000000000110010100000000000001010011000000000000000000000000000000000000000
000000000000000011000000000000000000000000001000000001001001000100000000000001000000000000110000000000000000000000000000000000000000000000000000000000000000000000000001000000000001000000000000000011011000000000100000000000000000000000000000
000000000000000000000000000000000000000000000000000000000000110010000000000010100000000000110000000000000000000000000011000000110000000000000000011000000011000000000010100000000000000000000000000001111000000000010000000000000000000000000000
000000000000000000000000011000000000000000000000010100101000010010000000000001100000000000000000000000000000011000000011000001100000000110000000100100000100100000000010100000000000000000000000001100000000000000111000000000000000000000000000
000000000000000000000000101000000000000000000000010010000000001110000000000000000000000000000000000000000000011000000000000010000110000110000000011000000011000000000001000000000000000000000000011100000000000011011000000000000000000000000000
000000000001100000000000001000000000000000000000010001000000000000000000000000000000000000000000000000000000000000000000000001110100000000000000000000000000000000000000000001100000000000000000011100000000000011100000000000000000000000000000
000000000001100000000000000000000000000000000000000000100000000000000000000000000000000000000000000000000000000000000000000000000100000000000000000000100000000000000000000001100000000000001110000000000000000001100000000000000000000000001100
000000000000000000000000000000000000000000000000000101100000000000000000000000000000000000000000000000000000000000000000000000000101100000000000000001010000000100000000000000000001000000000000000000000000000000000000000000000000000000001100
000000000000000000000000000000000000000000000000000000000000000000000000000000000000000000000000000000000000000000000000000000000011100000000000000001010000001011110000000000000010100000000000110000000000000000000000000000000000000000000000
000000000000000000000000000000000000000000000000000000000000000000000000000000000001000000000000000000000000001100000000000000000001100000000000000000100010100000001000000000000001100000000001001000000000000000000000000000000000000000000000
000000000000000000000000000000000000000000000110000000000000000000000000001100000001000000000000000001100000010010000000000000000000000000000000000000000100100000001000000000000000000000000000110000000000000000000000000000010000000000000000
000000000000000000000000000000000000000000000110000000000000000000000000001100000001000000000101111100010000001100000100010000000000000000000000000000000100000111110000000000000000000000000000000000000000000000000000000000110000000000000000
000000000000000000000000000000000000000000000110000000000000000000000000000000000000000000000100001100010000000000000100000000000000000000000000000000000100000000000000000000000000000000000000000000000000000000000000000001001000000000000000
000000111000000000000000010000000000000000000011000000000000000000000000000000000000000000000111101100001000000000000100010000000000000000000000000000000010011000000000000000000000000000000000000000000000000000000000000001010000000000000000
000001101100000000000000010000000000000000000000100000000000000000000000000000000000000000000011111110001000000000000011100000000000000011100000000000000000000000000000110000000000000000000000000000000000000000000000000000110000000000000000
000001100100000000000000000111100000000000001100100000000110011100000000000000000000000000000011110000000100000000000010100000000000000000000000000000000000000000000000110000000000000000000000000000000000000000000000000000000000000000000000
000000011000000000101100000101100000000000011000011000000011000100000000000000000000000000000000000001001000000000000000010000000000000000000000000000000000000000000000000000000000000000000000000011000000000000000000000000000000000001100000
000000000000100001000010000100000000000000111000110100001010011100000000000000000000000000000000000001100000000010000000110100000000000000000000000000000000000000000000000000000000000000000000000011000000000000000000000000000000000010010000
000000000001010010000000000010010000000001110010100100001010000000000000000011000000000000000000000000100000000010000011000100000000000000000000000000000000000000000011000000000000000000000000000000000000000000000000000000000000000001100000
000000000010100010110000100011110000000001110000001000001100000000000000000010100000000000000000000000001000000010000110000000000000000000000000000000000000000000000100100000000000000000000000000000000000000000000000000000000000000000000000
000000000000000001000110110000100000000001011100000000000000000000000000000001000000000000000000000000100000000000000100000000000000000000000000000000000000000000000011000000000000000000000000000000000000000000000000000000000000000000000000
000000100000000000100110110001100000000000011100000000000000000000000000000000000000000000000000000001010000000011000000000000000000100000000000000000000000000000000000001000000000000000000000000000000000000000000000000000000000000000000000
000000100000000000110100110101110000000000000000000000000000000000000000000000000000000000000000000001110000000010100000011100000000100000000000000000000000000000000000010100000000000000000000000000000000000000000000000000000000000000000000
000000100000000000001000100000010000000000000000000000000000000000000001000000000110000000000000000010100000000011100000010100000000100000000000000000000000000000000000010100000000000000000000000000000000000000000000000000000001100000000000
000000000000000000001101000111000100000000000000000000001000000000000111100000001001000000000000000000000000101001000000010010000000000000000000000000000000000000000000001000010000000000000000000000000000000000000000000000000010010000000000
000000000000000001011110000100110100000000000000000000001000000000001111100000000110000000000000000000100001001000000000001100000000000000000000000000000000000000000000000000101000000000000000000000000000000000000000000000000001100000000000
000000000000000000100000000010001000000000000000000000001000000000011000000000000000000000000000000001111000101000000000000000000000000000000000000000000000000000000000000000010000000000000000000000000000000000000000000000000000000000000000
000000000000000000000000000001001000000000000000000000000000000000001111011000000000000000000000000001100100000000000000000000000000000000000000000000000000000000000000000000000000000000000000000000000000000000000000000000000000000000000000
000000000001110000000000000000010000000000000000000011100011100000000111111000000000000000000000000000000110000000000000000000011000000000000000000000000000000000000000000000000000000000000000000000000000000000000000000000000000000000000000
000000000101110000000000000001000000000000000000000000000000000000000000010000000000000000000000000000000001000000000000000000011000000000000000000000000000000000000000000000000000000000000000000000000000000000000000000000000000000000000000
000000011010011000000000000001100000000000000000000000001000000000000000000000000000000000000000000000001000100000000000000000000000000000000000000000000000000000000000001000000000000000000000000000000000000000000000000001110000000000000000
000000000011000000000000000000000000000000000000000000001000000000000000000000000000000000000000000000001101100000000000000000000000000000000000000000000000000000000000001000000000000000000000000000000000000000000001000011000000000000000000
000000000011000000000000000110000000000000000000000000001000000000000000000000000000000010000000000000001100011000000000000000000000000000000000000000000000000000000000000000000000000000000000000000000000000000000000110100100000000000000000
000000000000010000001100001100000000000000000000000000000000000000000000000000000000000100100000000000001100100100000000000000100000000001010000000000000000000000000000000000000000000000000000011100000000000000000000011100000000000001100000
000000000000010000001100000100000000000000000000011100000000000000000000000000000000000100100000000000010001000100000001000010010000000001010000000000000000000000000000000000000000000000000000100010000000000000000000000110000000000001010000
000000000000000000010010010110000000000000000000001110000000000000000000000000000000000001000000000000110000000000000010100001100000000000111000000000000000000000000000000000000000000000000001000001000000000000000000000000000000000000010000
000000000000000001101100010110000000000000000000000000000000000000000000000000000000100000000000000000010000010000000110110000000000000010001100000001000010000000000000000000000000000000000010001000100000000000000000000000000000000001110000
000000000000000000101100011001001110000000000000000000000000000000000000000000000001010000000000000000001111110000000101000000000000000101001000000000000111000000000000000010000000000000000010010000100010000000000000000000000000000000000000
000000000000000010001000000000100110000000000000000000000000000000000000000000000001010000000000000000000000000000000000010000000000000000100000000000000000000000000000000111000000110000000100010010000011000000000000100000000000000000000000
000000000000000011000000010000001110000000000000000000000100000000000000000000000000100000000000000000000000000000000000001100000000000000100100000000000010000000000000001101100001110000000100100011100101000000000000100000000000000000000000
000000000000000000000000100000000000000000000000000000001110000000000111000000000000000000000000010000000000000000000011110100000000000010000010000000101010000000000000011101110001001000000101100000001010000000000000100000000000000000000000
000000000000000000000000011000000000000000000000000000010111100000000000000000000000000000000000110000000000000000000011000100000000000001100010000000000000000000000000001101100101100000000010000000010101100000000000000000000000000000000000
000000000000000000000000000000000000000000000000000000111101001000000000000000000000000010000001110000000000000000000001100000000000000000100010001000011100000000000000000111001000000000100000000000011010100000000000000000011000000000000000
000000000000000000000000000000000000000000000000000000100001000110000000000000000000000001100000110000000000000000000000000000000000000000000100010100000000000000000000000010000110000000010000000000011100010000000000000000011000000000000000
000000000000000000000000000000000000000111000000000001101000000111000000000000000000000000000000101011000000000000000000000000000000000000000000000000000101000000000000000000000000000001100000000000000010100000000000000000000000000000000000
000000001100000001000011000000000000000000000000000001101000000011000000000000000000000000000000000011000000110000000000000000000000000000000000001000001101000000000000000000000000000001000000000000000000000000000000000000000000000000000000
000000001100000001000100100000000000000000000000000000010000001011000000000000000000000000000000011011000001001000000000000000000000000000000000011010010000000000000000000000000000000000000110000000000011100000000000000000000000001110000000
000000000000000001000011000000000000000000000110000000000000001100000000000000000000000000000000000100000000110000000000000001100000000000000000001011110100000000000000000000000000000000001001000000000000000000000000000000000000011100000000
000000000000000000000000000000000000000000001000000000000000000000000000000000000000000000000000000000000000000000000000000010100000000000000000000010010000000000001100000000000000000000001010000000000000000000000000000000000000000000000000
000000000000000000000000000000000000000000001000000000000000000000000111000000000000000000000000000000000000000000000000000011000000000000000110000000000000000000001010000001110000110000000100000000000000000000000000000000000000000000000000
000000000000000000000000000000000000000000000000100000000000000000000000000000000000000000000000000000000000000000000000001100000000000000000110000000000000000000000100000000000001001000000000000000010000000000000000000000000000000000000000
000000000000000000000000000000000000000000001000010000000000000000000000100000000000000000000000000000000000000000000000010100011000000000000000000000000000000000000000000000000000101000000000000000000000000000000000000000000000000000011000
000000000000000000000000001100000000000000010110000000000000000000000000100000000011100000000000000000000000000000000000011000011000000000000000000000000000000000000000000000000000111000000000000000110000000000000000000000000000000000011000
000000000000000000000000001100000000000000111010000000000000000000000100000000000000000000000000100000000000000000000000000000000000000000000000000000000000000000000000000000001000000000000000000000100000000000000000000000000000000000000000
000000000000000000000000000000000011000000010000110000000000000000100111000000000000000000000011011010000000000000000000000000000000110000000000000000000000000000000000000000010000000000000000000000000000000000000000000000000000010000000000
000000000000000000000000000000000111000000110001000000000000000001000100000000011000000001000011010101000000000000000000000000000001001000000000000000000000000000000000000000100001111000000000000000011000000000000000000001110110101000000000
000000000000000000000000000000000011000000000001000000000000000001000000000000100100000001000011000101100000000000001100000000000001001000000000000000000000000000000000000000000000001000000000000000011000000000000000000000001000001000000000
000000000000000000000000000000000111000000000000100000000000000000111001000000101101000001000000001101000000000000010010000000000000110000000000000000000000000000000000000001000000001000000000000001001000000000000000000000000000010000000000
000000000000000000000000000000001110000000011000000000000000000000000011011000101011000000000000001110000000000000001100000000000000000000000000000000000000000000000000000000010000100000000000000001100000000000000000000000000010010000000000
000000000000000000000000000000000100000000011000000000000000000000000001000000010110000000000110000110000000000000000000000000000000000000000000000000110000000000000000000000001100000000000000000000100111000000000000000000101001100000000000
000000000000000000000000000000000000000000011000000000000000000000000000000110000000000000000110001000000000000000000000000000000000000000000000000000110000000000000000000000000000000000000000000000000100000000000000000000000111100000000110
000000000000000000000000000000011000000000000000000000000000000000000110110010000000001100000000000000000000000000000000000000000000000000000111000000000000100000000000000000000000000000000000000010000010000000000000000000010001100000000110
000000000000000000000000000000010100000000000000000000001100000000000111000010000111011100000000000000000000000000000000000000000000000000000100100000000100010000000000000000000000000000000000001101100000000000000000000000000010000000001001
000000000000000000000000010000000000000000000001100000010100000000000110001100001001000000000000000000000000000000000000000000000000010000010000000000000100010000000000100000000000000100000000000001100000000000000000000000000100000000000111
110000000000000000000000010100000000000000000001100000001000000000000000000000001000100000000001010000000000000000000000000000000000101000010000010000001000010000000001010000000000011000000010000101100000000000000000000000000000000000000100
101100000000000000000000011100000000000000000000000000000000000000000000000000111000000000000000010000000000000000000000000000000000101000010000100000001000100000000011011000000000011100000000111000000000000000000000000110000000000000000000
101100000000000000000000000000000000000000000000000000000000000000000001100000111000111111000000000000000000000000000000000000000000010000000010000000000000100000000000001000000000000000000000000000000000000000000000000000000000000000000001
010000000000000111000000000000000000000000000000000000000000000000000001100000000111110000000101100000000000000000000000000000000000000000000000000000000000000000000000001010000000000000010000011000011000000000000000000000000000000000000000
000000000000000000000000000000000000000000000000000000000000000000000000000000000001110000000000000000000000000001100000000000000000000000000000011100000000000000000000000101100000000001110000011101101100000000000000000000000000000000011000
000000000000010000000000000000111000000000000000000000000000000000000000000000111001110000001000000000000000000001100000000000000000000000000000100000000000000000000011010001010000000001100011011000001000000000000000000000000000000000011000
000000000000101000000000000000000000000000000000001000000000110000000000000000101001010000000100001000000000000000000000000000000000000000000001000000000000000000000110000011110000000001000000000010010000000000000000000000000000000000000000
000000000000101000000000000000000000000000000000010100000000110000000000000000011000111110000000001000000000000000000000000000110000000000001100011000000000000000011100100000000000000001100000000000110000000000000000000000000000000000000000
000000000000010000000000000000000000000000000000010100000000000000000000000000000000101011000000110000000000000001000000000000110000000000000000100000000000000000101001000100000000000000000000000000000000000000000000000000000000000000000000
000000000000000011000000000000000010000000000000001000000000000000000000000000000000011101100000000000000000000001000000000000000000000000000000000001000000000001000101100000000000000000000000000000000000000000000000000000000000000000000000
000000000000000011000000000110000101000000000000000000000000000000000000111000000000010110000000000000010000000001000000000000000000000000000000000010000000000000101000000000000000000000000000000000000000000000000000000000000000000000000000
000000000000000000000011000101000110000000000000000000000000000000000000000000000000000000000000000000101000000000000000000000000000000000000000000001000000011000011100000000000000000000000000000000000000000000000000000000000000000000000000
000000000000000000000011000010000000000000000000000000000000000000000000000000000000000000000000000000011000000000000000000000000000000000000000000000000000011000000110000000000000000000000000000000000000000000000000000000000000000000000000
000000000000000000000000000000000000000000000000000000000000000000000000000000000000000000000000000000000000000000000000000000000000000000000000000000000000000000000011000000000000000000000000000000000000000000000000000000000000000000000000
100000000000000000000000000000000000000000000000000000000000000000000000000000000000000000000000000000000001000000000000000000000000000000000000000000000000000000000000000000000000000000000000000000000000000000000000000000000000000000000011
000000000000000000000000000000000000000000000000000000000000000000000011000000000000000000000000000000000011100000000000000000000000000000000000000000000000000000000000000010110000000000000000000000000000000000000000000000000000000000000000
000000000000000000000000000000000000000000000000000000000000000000000011000000000000000000000000000000000111110000000000000000000000000100000000000000000000000000000000100011100000000000000000000000000000000000000000000000000000000000000000
000000000000000000000000000000000000000000000000000000000000000000000000000000000000000000000000000000000000011000000000000000000000001010000000000000000000000000000001010101110000000000000000000000000000000000000000000000000000000000000000
000001010000000000000000000000000000000000000000000000000000000000000000000000000000000000001110000000001100001100000000000000000000001010000000000000000000000000000001000110011000000000000000000000000000000000000000000000000000000000000000
000000110000000000000000000000100011000000000000000000000000000000000000000000000000000000000000000000000000011000000000000000000000000100000000000000000000000000000000110000100100100000000000000000000000000000000000010000000000000000000000
000000100000000000000000000001010011000000000000000001000000000000000000000000000000000000000000000000000000000000000000000000000000000000000000000000000000000000000000001110000111011000000000000000000000110000110000010000000000000000000000
000000000000000000000000000010010000000000000000000010100000000000000000000000000000000000000000000000000000000000000000000000000011000000011000000000000000000000000000000101101011011000000000000000000000110001010000010000000000000000000000
011000000000000000000001010000100000000000000000000010100000000000000000000011100000000000000000000000000000000000000000000000000100100000100100000000000000000000000000000000110000000000000000000000000000000011010000000000000000000000000000
011000000000000000000000011110100000000000000000000001000000000000000000000000100000000000000000000000000000100000000000000000000011000000011000000000000000000000000000000000000000000000000000000000000000000001111101110000000000000000000000