111110000000000000000010000110101100100001000000011111000000001100000100000000000000000011100000011101010010000010010110000010000111000011100000000000000000000011110101000000000000001010000011000101011110000110000000011100001100000000000100
100010000000010000000011110000110100000010000000000000000100011100000000011110000001000001000000000001000011010010100001000010001000100000100000000001111110000010001100100000000000001011110101100111111110000000000000011000011100000000100000
000000000000001101000011000101110001101000000000000000001010000000110001111001000100001000000000011100001001011010011011000000000000000111000000000001100000000000001000100000000000000010111101100011001110000000000000011000110000000000000000
100000000000000100100000001001001000010000000000000000001010000000110001100001000000000100000000001100011000100011001000000000000010011010000000000001000100000001100100000000000000000010010000000011001000000000000000011000110000000010000001
100000000000000101000000110010101000000000000000000000000000000001000000110000110000000010000000000000001000100111000111111100010100000000000000000000100000000000100011100000000001010000001001000111111001000000000010000000010011000010001100
000000000000000010000001111011000000000001100000011011000000000010001000100100100010010001000000000011000100100010100100000010011000000000000000000000100000000000000000100000000011000100001001000001000001000000000101000000000010100010100101
000000001010000000001111100010100000000001100000110110110000000000000001111000011000001000100000000111001000100001100100000000001000101000000001000000000100000000000011100000000100011000001000000000000001000000000011000000001000100000001001
000001001010000000011111000000110000000011000000110000111000000010000011110000000000000000100000111110011011000000000010010110000000000000001011000000011100000000000001001010001000000000000000000001000000000000000000000001111000000000010010
001100100010000000010000000000010100000101101000000000110100011000001111000000000000000000100001110100011010000000100000000000000000001000001110100000000000000000000010101010000100010000010010010000010000000000000000000001111000000000000000
111100100000000000000000110000110100000100011000000000011100111000101000000000001000011000000110001100011011100001010000000000000000001010000110000000000000000000000010100110000101100000000011100000110000000001000100000001100000000000010111
000000000000001001000001110000100000000000001000000100010001110001100000000000000000011011001000010100000011010010001000000000110000000101000110000000000011000000111010000000001000000000000100100000010000000010111011000000100000000000001001
100001010011000110100000011000000000011111100000001011001010000001000000000110110000000100000000101100000010000100110000000000110000001110110011000110000111000001010000000000010100011000010000000010110000000010100000100010110000000000000000
000000000101111111000000001000000000000000100000001000110011010001111000000010111000000000000111100000000010000001100000000000100000111100110001000000000001000000001000000000110110000000001000000110000000000000010001100010010000000000001000
000000101111111110000010000000001100001011000000000000010000010101011110000010101001000000000010000100000010101110000001100000010001000010010001000000011100000001010000010100000100000000001110000010001000000000010110000001000000000000001100
000000010000000000000111100000000001101011000000000011010100010101011111000110111111000000000000100000000001000010000001100000000010001100011111000000011000000000111100011100001110000000000101001000011000001000011000000000000110001110010001
100000000110000000000110110000011111100010000000000011010100000110000001000100010100000000000100000100000000000000001000000001100010011100110000000000000000010000001110100110000101000000010010000100011000000010011000000000011001001000001111
010110000111000000000001100000011100000001110000110000000100000011000000000000000101100000000010000100000000000000010100000001110111111111011000000000000000101000010110110010000011100000010000000010001111000011011100011101100001000100010111
000101000111100000001100100000010000000010010000100011010001000000001000000000000100100000000000111100000000000000010100000010001100001101010000000000000000100100010010100000000111100000000000000000001110100000000001011001000110000000001111
111101100000110000010000010000001000000000011000010000111000100000010000100000000100110000000000001001000000000000010100000010001000010101010000000000000000011000001000000000001100001000000000000000010001000000000000110000010000000000001111
110011000001100000000001010000001000000100001000000000110101100001110000000000000001000001000100000100100000000000001000000010000000100101011000000000000000000000000000000000010101011000111000000001000000000000001101000001010000000000000111
000000000111000000001000010000000000000000010100001100100000000000101000000000000110010011000110000000000000000000100100000001100000110100011011100000011010000000000000000001010101110110111000000100010000000100100000001101100000001100000000
000000000110000000000100001000000000010100101110001101000000000000101000100000000000001000010011000000000000000000011000000000000000000100011010000000001011000011100000000001010100000110000000000100011000000010100000000010100000010110000000
000000000000000000000010010000000000000001011111001100100000010001101000110000000001011110100011011000011000001100000000000000000000000011100010110000001110111011100000000000010000000101100000000100010100000011000000000010100000000000000000
000000000000000000000000100000000000011111010011000100000000011000000000011000000001110000111010110010010001110000000011000000000000000011100001001001100000111000010000000001000000000011100000000011000100000000000000000011000000111000000000
100000011000000000000000000000000000000110010011100100000000000000000010011000000000110000000000011000000100100000000101000000000000000000000000100101100000000011100000010111100000000001100000000011110100000000000000110001000000000000001101
000000011000000000000000000000000000001001000100100010100000000000000011101101000000110000100100000001100011000000000111000000000000010100000000001000000000000011000000000101000000000000000000000011101001000000000000011000000000000001111100
000100000000000000000000000000000000011110000110110001000000000000000000000100100000100000100000000000000000000000000000000101000000000111000000100000000000000000000000000101001000000000000101000100011011100100000000111001010000000010010011
001000000000000000000000000000000000010000000000110000000000010000000000000101010000000000100100000000000000000000000000100001000000010010000000100000000000000000000000000000000000000000001001010100001110000010000000011001011000000001100000
001110000000000010000000000000000000000000000101000110000000011000000010001110011010001101111100000000000000000000100001110000000000001100100001100000100000000011000010000001000100110000000101001001001001000000000000110000000000000000000000
000000000000000011000000000000000000000000000110100001000000111000000110001100001100000100010000011100000000000011110000001010000000000111111111000011010000000100000100010100001100010000000000000110000100000100000000100000111000000100000000
000000000000000001000000000000000000000000000101100111000000000000010010011100000100000000000000011100000000000110001011101010110000001101001110000010010000000100011000011100110001110000000000000000001000001000011100011111110001011011000001
000000000001000000000000000011000000001100101110011100000000001000000010100100000000000011010000000000000010100101000010000110010000001101100000000000000000000100011000000111000000100010001100000000000110000000011100001111000000100001000100
000000000010110000000000000111000000001101001000101000000000100001000010000110100000001000000000000000000010100001000100000011100000000110000011000000100000000111001000000000000000111110000010000000000000000000001000000110000000001000011101
000000000000001100000000001011001100111000101101101000000011010100000100000011100000010000000000000000000010100001011100000000000000010000000000000000100001100010000011000000000000010000010100000000000000010000000000000000000010001100001000
000000000010000010010001001100000010011110001010001100000011010010011010000100000000001000010000100110000000000100000000000000000000111000000100000001100011000000000000001101100000001001100000000000000000100000000000000000011000001000010000
000000000000000100110000001000001010010000001000000100000011011011000001100011100000001110011110100000000000000011100000000001000001001100000010000010011101001000000000000101000000010001100000000000000000001000000000000000010000001001001000
000001100000000010101100000000000100000000001000000000000011010011001110100100010000001110110100000000000000001011000000000011100010100100000000010000000001001000000000000010000000010000101100000000000001100000000000000000110111001011001000
000001100000000000000001000010000010000001000000000000000011000000001111000100010000001101100011110000010000000100001100000111101100100000000000100011110000011000000000000000000000000001111100000000000110000000000000000000110000011010001100
000001100100000000000011000010100100010101000000000000000000000011100011000000100000011000000000001000001000000100000110001000001111000000110000010100000000001100000000000000011110001101110000000000000110100000000000000011101010111001101000
000000000011100000000100000010000010100000000000000000000111000000011000000000000000011000000001101100001101000000000000000000000011111001110000001011010000001000110000000000101111000000000000000000001111100000000000000100100010000000000000
100000000100000000000011000001110001000000000000010000000100110000000000000100001100110001000001100110000010100000011000000000000000111111000000000001011100001100110001010001000000000000000000001100010001000100000000000000000000000000000001
111000001011111100000000001000100000000000000100001010000101001000000000000000010011110011000000101011000010010000011000000010000000000101000001000000000000001000000001100001000011000000000000001100100100000000000000001000000000000000000101
011000001011011001000000001000000000000000001000011111000100000000001000000100000000010000001111101000000000000000011100000010000000000110000010000000000001001100000001100001000010011000000000001100010100101000000000000001000000000000000100
010100000000111001110000000000000000000000010011111010100011000000010100000100110000010000001000001001000001010000001101000010100000000000000000100010000001101100100000000000000000011000000000001110010001100000000000001010000100000011000101
010010000000000001101000001100000000000000001100001010000001011000110000000000100000000001000101110000000000000000001000000101100000000000001100111011000000010001100000000000011000000000000000001010001001000000000110001010001010011100000000
000000011101100000101000000100000000000000000000011000000001001000000000001000010000000010001100010011011100000000000100001110000010000000010000010000000000000001100000000000000100000000000000100001000100100000011000000000000001011100000010
001001010011000000000000000000001000000000000000001001100000110000000000000110000001101101110100010111001100000000000000000001000101000000100100010000000000000000000000000000000000000000000000000011000101000000010000111010000001000000001010
000011011011000000000000000000011110100010000000000000100000000000000000000110001000000101011110101100011100000000000001011000010011000000010100010010000000000000000000000000000000001001000000000000001110000000100100011000000111000000011110
000010110000000000000100000001000010110010001100000000000000000000000000000000010000000110011101000110000000000000000000111001101100000000000000001100000000000111100000000000000000001110000000111011111000000000110011100001000011000000000000
000001100000111000000110000001001100100010001000100000000000000000000000000000000000001100010000000000000000000000000001010000001100000000000000000100000000010000010000000000000000001110000000010000001001110000000011000001000000100000101100
000000100001011100001010000000000001100000000000010100100000000000000000000000000000000110101000000000000000000000000011010101010100000000000001100000000000010001110000001100000000000000000000000110001001100000000010000010000000110100000100
000000000100011000000000001000011000000000000000000000100000011000010000111100000000000011110000000001101100000000000011010100000010000100000001100000000000100100100000000001000000000000000000000110000111101100010001110000000000011110001000
000000000101000000010010010100000100011000000010000000100000011100100011011100000000000001100000010100000000000000000000010000110001111100000000000000000000011000000000001000100011000110000000000000000001001000111110000110100000001010000110
100000000010000100001100000100000000100100000111000010000000100100110001000100000000000000000000100100000000000000000000000110110101101101100000000000000000011000000000000010011100111010001000000000000001000001000110110101010000000001001101
010000000000001110000010000000001100000110000000010110000000011000000000000100000000000000000001000011000000000000000000000011101111001100000000010010000110000000000000000000101101111100010100000000000000010001000101111000001100000000111000
100000000000010110100000000000001000101100000000011000000000000000000000100100000000000000000000001000010010000000000011000000000100000110100000101010000111000000000000001000100010001111000010000000000000000000000001000010001100000000000101
000100000111110000100011110000000000000011000100000000000000000000000000000000000000000000001100011000001100100000000010100000000000000001000000100010000010100001110000010010000000000010110100000000000000000100000000100001010100000000011100
001110001101010001000001011000000000000011011010000000000000000000000000000000110000000000001001001000000101011000000000010000001000000000000000000011000010100011000000000000000000000010100111000110000000000010011000011000010110011000011000
000001000001001000000010010100001000000110000000000000000000000000000000000000111000000000001001111000000010001000000000010000010100010000000001101001000000101110010000110000000000000000000101001100000000000001111000001000000001000000000000
101000000101100000000001011110001110001110011100000000000000000111000000000000101000000000000100000000000000000100000000010000010100010000000010101110000100011111100001110000000100000000011100000000000000000000000000000000001001011000000000
100010100010000000000001110010101111000000000000000000001000000111000000000000011100000000000011111111000001000100000000000000000000110001100010010001000001010111000100001000001100000000001100000000000000000000000001110001011001011000000001
010001010000000000000000110011000001010000000000000011001110000001100000010000011000000000000001000010110000000101000000010000000000100011100001101111010001010110001110010000001000000000000100000000000000000001100001110110010010011011000010
100001010000000000000000000010000101000001100000000000001111000000100000010000000000000000000000000101000000000100000000010000000000100001010000100010010011110010011010110000000000000000000111110000000001100011100000000001001001011010111001
010000100000000000000101000000000101010011001000000001000001000000100000000000000000000000000000100000000000000000000100000100000000000000000000000000110100101100000101000010000000000000000001110000000001010001010000000000011001100110111000
001000000000000000000101000000000010001000100100000000000000000000000000000000000000000000000001100000000000000100100011100110000010000000000000000000011000000010011100001111000000000000000000000110000000010000110000100000000010000000000001
010000000000000000000010000000000000001000000110000000000001110100000000001000000011100000000011000000000000000010000000100100000010000000000000000000111000001011001100011111000000000000000000011111000001110000010000100000000010100000110011
100000000010000011000000000000000000000000000000000110000001001110001000101000000000000000000000010001000110000010000000000000000000000000010100000111110000110000010100100000000000000000000010100000010000000000000000111000000001100001100001
000000001011000011000000000000000000000000000000000100000010000001010110100000000010000000000000001000100100000000011000001001000000001100000000001011000100000000100000010000000000000000001100001000100000000000000000011011000011100001000010
000110011011000000000101000000000000000000000000000111000000010110100010000000000000010000000000001000000100011010001000010001000000001100000010001011010000010000000000000100000000000000001100111000000000000001000000011011000000000011101100
111011100010100000001000000000000000000000000000000100100011010000000000000000000100000000000000000000000010011010010000110111001100000110000000000111101001101000101100000100000000000000000011000000000000000010100000000011000000000000000000
000001111101000000010001010011000000000000000000010011100111010011000000000000000000010000000011010000000101100110010000111111000000001110001101000011110000000010000110000000010000000000000000000000000000000110100000000000110000000001100001
000001000000000000010001000000000000000100000000010000111011111100001000000001100010110000000011010000000100100001100000110100000010011100001001000000000010010110000100000001001000001000000000110100000000000010100001100111010100000001010000
000010000000011000011010000000010000000110000000000001000000110011100100000000010000100000000000100000001001000000000000010000010100010011111100000000000011100000000000000001000100010100000100100011000000000011100001010110100011000010000001
100000000000111100001000100001010000010001100000111011001000110010101100000000000011000011100000000000000101000000001110110110011000010011000000010000100000001000000000000011110100010010001010001011000000000011010000100001101000000001010000
011000000001101110001000000000000000100101000000000100001100010001101010000000000010100000000011000000000000000000001101000000000000001000110000000000101110000000011111000101001110001100000000000000000000000011010000000001111111000000000000
000000000000100110000100110000000000100001000010001000001000100000100011000000000010000100011010110000000000011000000011100000000000000110000001110000000000011100011011000110000000000000000000000000000000000001100110000000010000000000000000
000000000000011100001110000000100000000001100001100000000001100100010111000000000101000110101001110000010000001000000001101000000000000110000000000000000100000000011001000010000000000000000001010000000011000000000000000000001100000000000000
000000000000001000001000000000011000010001000001000000000000000011110111000000000010000000000001100000111010001000000000000011000000000001000010000001010000000000000100000000000000000000000001100000000100100001101001000000000000000000000000
000000010000000000000000000000011000010101000000000000000000000110000010000110000010000000000100100000110100001000000000000000000000000101100000000000010000000000000110000000010101000000000000000000000011001100110101000000011100000000101000
000000000000100000000000000000011000000010000000010000000000000000000110101110001010000000000101110000010101011100000010000000011000001000000000101000000000000110000000000001010001100000000000000000000000000011000000011100000000000000010001
111000010000100000000001100011000000010100000000001000000000000000000011110110000000000000000000010100000000000001000001000000000111111001001000001000000001110010000011110000000000010000000000000000000000000110000000010010010100000000000011
010000001110110000000010010001100000011000000000101000000000000000000011011000110000100000000110010100001110010011100011011011110111100000000000000000000010000100001011000000000000000000001100000000000000001000000110000001100000000000000100
000000000000110000000010100000000000001000010010000000000000000000000000100101000100011000000110011100000000011011110001010101011011010011111100000000000010000010000001100000000000110100011101000000000000000110000111011010001100000000011101
100000000000011000000001000000000000000000100000010000000101000000000011100010111000011000000000000000000000000000000000110000101011010000000100000000000010000110001000111100001000000100010001000000000000000111001000110100001100000000110100
000110000000010100000000000000000000000000110000100000000101000000000000000011001000011000000000000010000000000000000000000001010011000000111100000000100001000010001000000000000010001100000110000001101100000010000001000000101000000001011000
000011000001100000000000000000110001100001000001000000001101000000000000100000011000000000000000001101110000000100000000001000010010000100001100000001010000100010001010100000000011000001011100000010001100000000000000000000110000010000000000
000110000010001000000000000000000011100000100010000000011100000000000111100000011000000000000000001100001000000010000010000000001000000100101100000000100000001000100010100000000001000011011100000001001000000000000000000000100000011010111000
000000000010111001000000000000111010001000010010000000000100000000001111100000000000000000000000001111000010110011000011000001110000000110010000000000000000000010100000100001111100000000001110000000111000000000000000000000000001100111001000
000000000001001000000000001100000100000100001000000001101100000000000101000000000000000000000000010100000110010010000101000010110000000111000000000000000000000000000001000000011010000000010000000000001110000000000000000000000001110000000100
000000000000000010100111001110010010000110000000000010110000000000110000000000000000000000000000001111101000011010000010000110000000100010110000000000000000000000100000000011000000101000010110000000000110001100000000000000000100100111111100
000000000000000000001001000011000101111010000000000010001010010000110001100110010000000000000000000110001100000111110000000000000000100001110111111100000000000000110100000010100010001000001000000000000001000110000000000001100000101001110001
110010000000000000000011000001000111011011110000000000011100000000000110000111110000000000001000000000110001100111001000000110010000100000100110110110000000000000001000000001110110001000000000000000000001101100000000000110010000000110001000
000100000000000010000010000001000010000111000000000100010000010000000001000111000000000011111100000000000011010001111000000001100000000000000100010001100000000000000000000000000010001000000000000000000001100000000000000110000000001100000110
000110000000000001100100000000110001101100110001000000010100100000000111100001100000000011100100000000000110000010000000000000101000000000000010100010010000000000000000000001110000111000000000000000000100000000000000000101110110110000000010
000010000000000000101000000000011001101100000011100100111110110000000110000011110001100000010001000000001000000001000000000000111000000000000000000000000000000000000000000000000000001000000000000000000001000000000000000001100000110001100000
000110110000000001010001100011100101100100000011100000000010010000111110001110000000010000001000000000001111000001000010000000001000000000000000000000000000000011100000000000000000010100000000000010101001100000011000000000000000100001100011
010010110000001000010000000001000000000001001000000000000001000011101110110010100100000000000010000000000000000000100011100000000110000001100000000001010000000100100000000000000000001000000000001110101110111000010100000001000110000000011101
001111100001100100100000000000000000000001110000000000000000100011100000000011100000001000000000000000010010010000001100010000000010000001100000000010000000000000010000001000000000001000000000001100000000100000000101000110000000000000010010
001001100000111000000100000000000000000000100000011000000000111011000000011100001000101100010000000000000000001000011110010000000000000000000011010010100000110000010000001000000000000000101000011000000001000100001100001110000000000000010000
000010000010110100000010000000011100000000000000110100000000111000000000001100001000000100010000000000100100001010001010101000000000000000000011000111000001111000100000001000000000000001001000110000000001100101010000010000000000000000010010
100000000111000000000001100000011000000000000000000000011000010000000000001100000001000011100000000010011000001110001001101100000000000000000000000100000001000010000000000000000101000000000000000000000010100001111100000010000001100100001011
010000000000000000000000000101001000000000000000001000111000000000000000011100000001000000100000100011000000000000000111011000000000000000000001101100000111000000000000000000000000100000111000000000000000110110111100011011000001100110000001
010000001001000000001100000100100000000000001010000000100100111110000001110000000010000000100001011100000000000000000001000000000000000000011110000011000111000000000000000000000000000010001100000000000000001000000011000001000000011011000001
000010000110100000101000000100011000000000010001000101101000100010000001010000000011000000100001000110000001010011000000000000111100000000011111100001100110000110000000110000000000110111000000000000000011100000000000110010000000001110110111
000010000011101100100000000000101000000000000010000010010000001100000001010000000100000001000000100100011001010011011000000001100100000000000001100000000110000110000001000100000110000001000000000000000001110000000000010010000000001100100000
000010000011101000100000000000001010000100000000000000001001110000000000010010101101001111001100011000101001000010001000010001001100000000000000000010000000000000000000000010000000010010100000110000000000110000000000000000000000100000010001
100000000110000010001000000000000011100010000000000000001001000000000000011000000000110001000010101001000100100100010100000000111000100000000000000011100011000000001101000010000000100011000001101100000000000000000000000011000001100000010000
110110000000011111101000000000000000000011001000000000000000000000000000001110100000001000000011000010001000100011100001010000001001000110000000000011111000100000001100011000000000011010000010101100000000000000000000000010010010001000000001
000110000010010000110000000000000011000000100000000000000000110000000000000000110010000100000001000111001000011000100101101100000010001110000000101011011110111000001110011000000000001000000001001100001100000001100000000000100001100100000000
010110000000000000000000000000000001111000100000010000000000101000000100000000110001000000110000111111100000010010100100000101000110001000000011011000000100010100010100000000000000000000000000010000010000001100010000000001000000111100011011
111000001100000000000000100000110000000000100000101000000000100100000110000000011000000100110000000000000000001111000000000100100011110110000001000000000000001001110000000000000000000000000000000000001100000001100000000000000000000001100011
011000010000000001100001111000001000000000100000000000000000100000000101000010001110001100000100000000010000001110001011000100100000111110000000100100100000000111010000000000000111000000000000000000000000000000110001100000000000000011001000
000000000000000011010000000101011000000000000001000000000000000010000000000001011010100101111100010000100000001010000011010011000100001100000000001000100000000000100000000000000000000000000000000000000000000001011001110000000000000001001000
000000000000000001011001100011111000000000000001000000000000011011000000010000111000000000010000111000010000000100000001010000001010000000000000000000000000000001000000000000000001010000000000000000000000000010001001001000000000000100010000
100000000000001011110000101000100000000000000000011000000001011010000000000000010100000000000000100000000000000100000000000000010001000000000000000000000110111001111010000000000001010000000000000000000000000000010000111000000000100011000001
110000000000010011000000001011000000000001000000000000000110010000000010000000000110000000000000000000000000000000100011000000001010000011100000000000000110111000110110000011100000011000000000000000100000010011100011010000000001010000000011
110000000000001010000000000100011000000010110000000000000010101011111000000101100110000100000000001000000000000001001100010000000111110100100000000000001000011111010000100100100011100000000000000001110000001000000000010000000011011000000101
011000010100000100000000000000000000000010010000000000000001011111111110000100010010011001110000000101100000010011001100001000000001101010010000001100000110000101001100000100100010000000000000000000001000010000011111111000000001001000000000
000000010100000000000000000000000000000011001000000000000000011010010000000100001100101000000000000000000000001111001100001000000011001110100000001000000100111101000010101101100000000000000000000000001000000000010010000000000001110100000000
000000011100000000000000000000000000000011000000000000000000001100000000000100000000000100000100000100000000000101001000010000000011011000100000000000000100000101000000000000100000000000000000000010011010000000001110010010000000100110000000
000000000000000000000000000000000000000001000010110000000000101010000000011011000000000110000110000100011110010000110000000000110001110000000000000000000010001111000000000011110000000000000000000100001110000000000100010010000001011100000000
000011000001000100000000000000000000000000000010110000000000000001000011000001000000000001100001001100110000011000110000000000100101100000000000001000000000010100000000000001000000000000000000000101001100000000000000010100001000111000000011
000100100010111000010000110000000000000000010000000000000001000000000110000010100010000010001110010110110000100000100110000000011010000000000000001000100000000000000000000000010000000000000000000000000100000001110011010000001000000000000010
000011101010100100010000111010000000001100011000000000000001000000000111000000000010001110000000011000110110000100000000010010000000000000000001100010000000000000000000000000000000000011000000000010000011000001111111010000000000000000000000
111010000000001000000000101000000010001100000000010000000001000110000011000000000000000000001011001000010100000010100000010010000000000000110001000000000011000000000000000000000010000011100000000010000001000110011100110000000000000000000000
110000011000000110000000001001000101100000000000110000001100101000000000000000001110000010001100100111000010011001010000001010001000000000000100011010000010100000110000000000000101100000001000000000000000000110000010100000000000000000000000
111011111111010010000000000100001001100001100000100000000110000000000000000000100011011000110100000110000001011100010111000000001000110000100100001100000011100000010100000000001110000001010000000000000000000011100001000000000000000001000000
000011000111010000000000000001011000011010110000000000001100000000000000000000011001011100001110000000000001000100001110100000000001111000000000001100000000000000010100000000001100010001000110000000000000000011100001100001000000000001100000
000100011100100000000000000100001011010010000000000000000010000000000000000000000001100110000101000100000110100100000000000000011110001000001110000011000001010000001100000000001000011011010100000000000000000000100000110001100110000000100000
001001000000000000000000100110000100010111110000001110001010010000010000110000000001110000000010001000000000000110000000000011011000000000001101001101100000000100011100000001100000010001100000000000000000010001100001110001000101000000000000
011011000000000000111011000010101100111000100000100100011100000000011100111000000000110000000010001000011000001101110010000010000001000000000001110100001101011100011010101010000010100011110000000000000010101100000000001010000110110000000000
011111000000000001001001100010100100100000100000110100011001110000001100110000000100000000000000001100001000000000110100000010000111000000000101101001001100001110000000000001000100010011110000000001101100100000000000111110000010000011100000
011011000000000000000110100100000100000000000000100101010000000111011000000000001010111000000000110100010000000000010001000000000000000000000010001110001010100001000000000000110000100000100000001111101000000000000000100110000010110011000001
010000100000000000100101000011000100000000001110111000100000000111001101000000000101111000000000000010000000000000000101001010100000001100000000000000000010110000100000000000000000101111100011010000001011011100000000001000000010001001100001
100000100000011100010010110011010000000000000000110000000000000011001111100000000110011001000000000000010000000001000100010110010000000010101000000000010010001110100101000000010001101111100100000001000011100000001100000000000000011000110011
000000001001100010000000000000001101000010000000011100111000000001101000010000000010110001110000000000000000000001000000000110010000010010010000000000010001011010001111000000001000000000000100010000100001100000000000000000000011011001100000
100000000001100011000110000000000001000110000111011000101000100001101100011000010100110010001000000000100000000010010110100001110000010100000000000000001000000000000011000000010001001100000010100000011000000000010000000001110000100001110100
000000110100001010000110000000001001110010000000001000101001010000000000010001100001000000101000100000100000000001011000010001110000100000000000000001001010100000110001100000000000100000000000100000010000000000000000000001000000101101100111
000000111100100010100000000000000011010000000000001100010001000000011101100001000100000110001001000000010000000001011001010000011000001100000000000001110001000000100011100000000000000100110000101000000100000000000000000001100010101001010000
000000001101000111000000000000111010000100101000000000000000111000010000010001000100001111010000000000011000000000100011000000010100001000000000000000100101000000100001100000000000011110110000000001000000000011100000000000000010101001010110
000000000000010110000010000000101100000010110000000000000000010101010010000101010000010011011000001111011000000000011011000000011000110000000000000000000100110011100011100000000100010001000000100000000000011111100000000000101100011011101110
000000000000000000000010000000111000000000100001100011000000000100010000000101101100011110000011000100000011100000000001000100000000110000111100000000000110110011100000000000001000010000000000000010000000111000010000000000110000110010000011
000001000000000000000010000000101000001000100000110010100000000000100000100001001100011111100010000101100010110000000000000100000001100001000010000000000011000001100000000000001100000010000000001110000000100110100000000000000001100111000011
000010100000000000001010000001011000011010100011110010100000000000000000001011000000011001101000000101000110001000000000000100000000100000000000000000000000000000000000000000000000110000000000000000000000011000000000000000000001111101000000
100000000000001101111010000001100100000110111000100001100000000100000000000010000000011000000000000001100100100010000000000000000000100001100000000000000000000000000000000111000000000000000100000000000000000100000000000010100000000001110000
100000000000001101100100000000111000000110001000000000000000001110000000000000000000011000000000010001101010100001011000101000000000001000011110000010000000000000000001100100000000000000001010000000011100001100000000000000010000000000000000
101010100000000000000000100000011000000110000001011000000000010011000000000101001110111000000000011000100010101010000000000000000101101000000110000001000000000000000000000010000000000000011011000000000000100010000000000000100000000000001000
000001000000101110000000110000000000000011000110000000000000111111000000000010000000111000000000011100100011000000100000000000000000000110000000000001000000000000000000000000000000000000010010000000010000100100000000001011100000001000000000
000000000001110010000001101100000110000000000000011110000000010010000110000000001111110100000000001100010110010000011100000000000100011100000000000001100000000000000000000000000000000000001100000000001100100100000000010010000000001000110000
001100000001100011000000011100000101100000000000001000100000011100000110000000000000000000000100001110001000000010000000000000000010001000000000000000100000000000000000000000000000000000000100110110000000000000000000001010101100001000110000
001100000000000011000110000100000100011000000000000100100000001010000001000000000000000100010010000110000000000000000000111100000000000000000000000010000000000000000000000000000000000000000000000000100000000000000000000101010110000000101000
010010011100000011001110001000000011000001110000000010100000000010000110000000000000001100000010000111110000000010000001000000011000000000000001110011000000000100000000000000000111000111000000100000100000000000000000000001000000000001010000
010010010000100000001100000000000000111000000000000000000110001100000110000000001010000100000000000001001000000000000000000000011000000000000001010000000000011110000000000000001100101110100010010110000000000000000000000001110000000001100000
000000000000100000000010011000010000000000000000000000000001001110000000000000000000000001011111001111110000000010110100000111000000000000000001110000000000011101000000001111110010101000100010111000000000000000010000000000001000100000100000
000000000100000000000001000100101000000000000011000000001110010000000000000000001010000000011110111100110011000110001000010011111000000000000000000001110100000000100100101000010110101111000000000000000000000001110000000000000101000000101100
011000010000000000010011000100101000000010000100000000100000001010000000000000000010000000111010110100000000000110110100100000011110011000000000000001110000000100000100100110111010110000010000000000000000000001000000000000000001000000101000
011010000000000000010001000100011000111111100011000001100000000011000000000001000000000001000010000010010100100000000100100100001100100000000000000000000000000001000100100001001110110000111001000000000000001100010000000011111011000100110000
000011000000001000001100000000000000100000000001000000010000000011000000010001000000000000000001000010010001100000000101011100001100100000000000000000000000000000000000100000011001100001000011110000000101010000000000000010100000000011001000
000100000000000110000111011000000001100001011000000000000000000010000000100000000000000000000001000011100010000000010000010000001000100010000000000000000000000000000000101101000100001101100111001000000100010000011000100000000000101011110110
000000000000000000000011100000000000000001110000110000000000000000000000000000000000000000000000100000000010000000101111001010010000000010000000000000000000000000001111000011000000001000100001001000000000100000001000100000110111100001011100
100000000000100000000000000000000000011000000000000111000000000000000000011001100000000000000001110000000110000000010111110001010010000111101000000000000100011100110011000011000011000000000000000000000001000001110000000000100000010010011111
110000000001100000000000000000000000000000000000010111000110000001000000011000000000000000000000101110001110000000000000110010000100000001100000000001110100011100100000110100000000110101000000000100000000000000100000000000000000001110000111
011000000011000000000010000000000000000000000000010010000001000001011000010001000000000000000000000110000000000000000000000001010100000000100000000010010100010000001010010000000000000000110101000011000000000010000000000000000000000000000010
000000000111000000000111000000000000000000000000100001000000010000111000001101000000000000110110001000001000000000000000000000101000100001100000000001000000000001110001000000000000001000000000100011000000000101000000000000000000000001000000
000000000010110000000000000010000000000011111000100001000000111000100000001000101110001101010001001100010000000000000110000000000100100001100000011001001000000001100000000000000000000010000000101000100001100011011011100000000000000011000000
000000000001110100000000000100000100000011111000011000000000110110000000000100000101100000010000011100010001000000000110000000000000000000000000010100000101110001100000000000000000000110000001101010100001000011110001100000000000000110000000
000000000000000000011000000101001011111110011101110000000000001001100000000011000000000101100100010100000000111011100000000000000010000000000000001000100000010001000000000000000000000000000000000010000001000000100000000000000000000000000000
000000000000000010011100000010010111111000011101000001110000000001010100000000010001000010000000000000000100011001010000000000000011000000000000000000000000000010000000000000000000000000000000000011110000100001000000000000000000000000000000
000011100000101011000100000001111000010000011100100001000000000011011100000111001001000110101100100000000111011000000000000000000101000000000000000000000000010001000000000000001100000000000001000010000000011011100000110000000000000000000000
000101000001001111111000000000100100001000000000000000010000000011011000011000000101000000001111000000000011100000000000000000000000000000000000000000000010110000000010000000100010000000000011101100001100111100000000110000000000000000000100
000010000000001110001100001000100100000000000001010000010000000111100010000011000010000100000100000000000000000000000000000000000000110000011011010000000001110000000111100001000011011100000000001100000110101011100000100000000000000010000100
000000001100101010001000011111000011000000000000000000001000001000000000100000000000000000000000000000000000000000010000000000000001010010010010101000000001110000001001110001001001010000000000000000000000010000000011000000000000000101000100
000001110000010110000001011111101010000000000000000000001000000000000010100010000000000000000000000000000000000001101000000100000001001011011000000000011000001000000000001011110000000000000000000000011000110100100000011000000000001101000000
000001000001000011000110000010110110010000000000000001101100100100000011001001000000000000000000000000000110000011001000000100110001001000000000011000000001000010000000001100000000000000000000000100110000010000000000010000000000000011010000
000010011111000000010010000100000000000000000001000010000000101000000011111111000000000000000000000100000000000011011100000000100000110001110001010000001000000010000000001100000000000000000000101011000000011000100011100000100000000001000000
000001110000000000100100011010000000000000000010100000000100010000000000011100000000000000110000001100000000000100011000110001000000010000000100000000001011000010000000000000000000000000000011011110000000011000100000000010000000000000100000
010000100000000000100000010010000000001111000110110000000110000000001100000000011000000001110000001000000000001001010101110110000000001100001000010000001011000100000000000000000001010000000001111100000000111010000000000100001000000110100001
010000000000100000010100010100000010000011000010110000001101000000001010000000110110000010001100000111000000001011000111011100000011100011001000001110000000000100000110100000000001100000000000000100001101010000000000000000000100000111000000
010000010001100000001100010011100100000011000010000000000001000000000010000000010001100001001000000011000000000111110010001000000000011011010000001001000101101110000100110000000001010000001100000111001100010000010000010000001000000000000000
000000001000100100000110011100001000101000000000000111000011110000000110000000000000110000011010100000100100000000011100000011100010011110000000000011001010110011000100010000000001000000001010000011011111111111100000010010010000000000000111
000001001000110110000110000100001100000000000010000010000000100000000000000000001011110000000010100000010100000000000101000000100010000000000000000000001000110001000011100000000001001000001010000101010000001111101100001000000000000000001000
000010000000011011000000000000000100000000000000010011000001101100000000000000000000010100000100010000110100000000101001100100000000000100011010000000000110010001000000000000000011011000001001001110001100000000000100000000100011000000000110
000011100000010011000000000010000100000000000000000011100000010100000000011011000000001100000011000000010110000001001100000000100110001100010011000000000000000110000000000000000000000000001101001000010100000010100110000111100011000000000010
000000000000100011000000000001010010000000010000000110000000000111000000010010000000000000000000000000000110000000001110010001100000001010011010000010000000000110000001100000000100100000000101001100001000000100101000001000010100000000000000
000000000001101000000000000000100000000001010000000100101000000000000000100010000000000000100000000001000110000111001101010011100000010010000100001110000000000000000001010000000100000000000010000110000000000011000110000011000000000000000000
000000000000001010110000000010000000000010000000000101000100000110000001000000000000000000010000000000100100000000001100000001000000001010000000000011011010000000000000100000001001000000000000000010000000000000000110000010010010100000000000
000000000000000110000000000100000000000001011000000010001000000100000000001000000000000000000000000000100100000000001100000000110000000000001111100010111101000000000000000000001110000000000000000000000000000000000000000001010001100000000110
000000000001001001001000000011000000000000110000000001110000011000000000001100000101000000001101100000100001000000000000111000110000000000001001100100000001000001100000000000000110000000000000000000000111000000000011100001011100100000000110
000000000000011001001000000011000000000000000000000000000000100000010000100011011101110000000111010000100010100000000001000100000000000000000000000000111100000010010000100000001000001001000000001000000111000000001111010000101110000000010000
000000010100001111101001110000000000000000000000000000000001000010000010100000000101110000011111111001000000110000000010001100000001110000001000000000010001000001100000110000001100000101000000011100000001100000001101011000000010001100010000
000000001110000100000000011100000000000000000000000000001001001011001001110000000110010000000000010000000010010000000010000000000001110000000001000000010111000000000000010000000010000010001000110010000001100000010101001000000000001100000000
000000000100010000001000000100000101000001000000000000000111111110011100000011000011100000000000000000100000010000000001100000000000000000001000000010011000000000000010000000000010000000010100011100011100101000011011010000000000000000000000
000001000000111100001000011100000000000011100000100000011101000000110101000110000010010000000000000000100000100000001000111100000000000000001000000001110000000001100010000000011010110000000000110001001101111000000001010000000000001100000011
000000000000110100100110000000000101000100100001010000010000010010000010010100000001110000000000100001110010000000001000001100000000000000001100000000100000000000010000000000001010110000001111110000101000100100001000000000000001000010000000
000000000000000000000010000000000011001101000001010000100010110100111011010110100011001000000000101000111100000000001000000100000000000000001110000001001010000000010000110000000101110000000001111010100000011000001100000000000010000000000111
000000000000000000000010000000000000001100000000110001101000000001110001001000011011001100000000011011000000000000000000001100000000000000000000000001001000000100011001110000000101000000000000001000011000001000000010100001010100001111001100
000001010000000000000000000000000110000000000000011010011000100000000000011000110100001000000000000000000000000000000000101000000000000000000000000000001110000010101001100100000000010000000000001000011000000000000001010000000010100000000000
000001001000000000000011000000000000001010000110010010100000111101100001011000000000110000000000000000000000000000000000101000000000000000000000000000000001000000101011010000100000011000000100001101100000000000000000100000000110001000000111
000001010000001000000010010000000000000010001010000101100000011100010101011000000000100001110000000000001000000000000001110000000000000000000000000000000010000001100101011000010000110000000111100010101000011100000000000001100110101000000011
000000000000000111000010000000000000000000001010001011010000011110000010000001100001000011001000000000001110000000000000000000000000000000000000000000000000000001110001101100110000010010001011101000011000011101000000000000111000101000000000
001110000000000101110001100000000001000000010100001000111101100111000001000000110000000101011000000000110010000000000000000000111000000000000000000000000000000000110000111000000000010000000100000011100100010010110000000000111110100011000000
001100000000000010001000000100000110100000110000000000010000001110100000100001000101101001000100000011011100000000000000000000000100000000000000000000011000000000010000001111001010000000101010000000000000010000010000000000111000000101000000
011000000000000000000001000010001010101011101011000000000000000100010000010000000001100000001100000111110100000000000000000001111100000001100000000000010000000000011100001001100110100000010110000000000000001001110000000000011000000100000000
110000000000000000100001000001001000000010000111000000000000000011000100011000000100000001010100001011000111000001000001100001111111000001100000000000000000000000011000000100010001000001110001000000000000001101000000000000000000000100011011
100000000000000000011101010000011000000001000011000000000000000001000100000000001101000000100000000110000010001111000010100000110101100000000000000000001000000000000110100001010100000001001011000101000000000000000010000000000000000011010001
000000000000000000000000000011010000001001000100000000000000000001000100000001010100100000000000000000000000001100100000000011101101000000000000000000001000000111000111010001010110100010011011001101000000001111100101001100000000000010001000
000000000000000000000000000010110000010000110100001100000000000000011100000011010001000000000000000000100001000000000101100000010010001100000000000000000000001001101101110100001000100100000001100100000000000110100000011010001100000001100000
000000000000001100000010000000010010000000100000000001100000110000001110000000000001000000100000000111110000000010001010000011000100000000101100000000000000001100000000010000000000010000001111100100010000000011001000000000001000000000111010
001000000000001100000001000000001000000001001100000000000000111000110010001101011010000011011011100000000100001110000011000010000001110000011100000000000000000110000010001000001000010110001001100010001000100001111000001000101010000000000010
010100000000000000000001000000001001000000000000000101000000001101111110000100010000111011100011100001101100100000011011100110000001110110001101000000000000000011110001000110010000110101010000100100100011011000000000101000001110000000000100
100010011100000011000000000000000000000001010000000000000000000100100000000011000000011111110100001100000100110000001001000101000000011111100001110000000000001000010001000001100100110011010100001111100001001000000000000010110100100000000000
110111010100000010000001000000000000000010000000000000111000000110010000000000010000000000110111111100000001010000000110000000100000100000010001100000000100001000001001100000000011110100010100010110010001011000000000000001100000000000000000
111011000110000010110010100000000100000000000011011000111000000001100000000000101001101010001110010010000000000000010100000000110111011110010000110000001010000000000001000000100001000000100001000000100000100011111000000000110000000000000000
110010001100000110110000000000000010100000000011011000110000000000100000000001000100000000010001100000000001000010110100000000000110110010000001011000001001000000010101100110100111000000010000100000010010011111000100000000100100000000000000
110100000000001110000001001000000010000000000000000100100000000000000000000001010101000010011000011000000011001000010100000000000000011000110011000110001001000110001110110010011010000011011110000000000010000111110000000000010010000000000000
011110000000001000000001000000001111000000000011101100110000000000000000000110111000110110111000000000100110111010010010000000000000001000000010001110000000000000000101110011010000000001000100000001110010000000010000000000000100000000000100
011100000000000110100101011000011110001000110010000100010000000000000000000110010000000000111000000010100111000000000110000000000000010100000100000000000000000100000001100000000000000001000011110011110000000000001001000000000000000000001010
000000001000000000110011100000100000100100110111011100000000000000000000001000010000000000011000000001100001000000001110000100000000011000000101100000000101000110000000000100000000000000100101110001101001000000000001000000000000000000001100
011100001000001110011110000000011000011000000011101000000000000000000000000110010000000000101000000000000010100001000110001011000000001000000111000000001001000100010000001000000000000000000001110000000001000000001101000000011000000000000000
001010001000000001101100000000000000000010000011010000000000000000000000000110100000000000001100000000000011000011110010001001000000000000000110111001111000000000111000001101100000010110000001000000010001000000111010100000101000000000000000
000000001000000001111010000000011000000001000001100000011000000000000000000000000000010000000010100000000100011100011100000101000000000000000110011001100101110001110000000100000001101011000001000000100010000000100110000000000111100000000000
001000001000000000000110000000100000100000000001000000011100000000000110000000000000101000000000111100000111000111001000000000000000000000000101000010100001101000000000001100010000100000000010001111000100000000001100000000011000011010000100
001110100000000000001110000001010000001010010010001110100100000000001010000000000000110000000000001001110000000010000000000000000000000010000110011011001000100110010000001100000000110000000010000111110000000011001100000000001000000001001010
000000000000000011101010000001001000000000000110000010011100000000011000000000100000000000000000011001110110111100000000000000000000000001001110001011000110010100010000000111010000010000000110000111000000000011000000000000000100010010010000
001000000000000001100000000010001110000000100001000000001100000010001010000001010000000000000000001100110110010000000011011000000000000010111000110011001010100100000000000011010001011000000001011100000000000011010000100000000000111100000000
000110000000000000100100000110111000000000100001100000000001110000000110000000110000000000110000000011100000100001110000000100000000000000000000011101000001100100000000000000001100011000000000000000000000000000111000000000000000000000000000
000001000000000000011100000110000110110001001000000001000001110000101110000001010011100001001000001100101000100110101010010010000000000000011000001110000000000100000000100000000000011000000000000010000000000000011100000010010000011100100000
000111000000000000010000000001010100110101111101100001000000000000011000000000111000011000110000001100000001101000001101000001000000000000001100000100100000100000000001110000000011000000000011110100000000000000000000000100010011011000100000
010101000000000000001100000010111101110000000000010000000000000000001110000000000000011000000000000000100100110000001000000101000000000000011100001101000000100000000010010001110011101001000000001000000000000000000000000100001000111000110100
000000000010000000001110000100100111001100110000010001000000000000100000000000100010000000000000000001001000110100001011001100000010000000000011001100011000000000000111110010001001100100000000000000000000000000111000000010010000100000101100
000000000101000000001000100010100001000001110000001000001000000000100000000000101001110000000001100010010000110100000111000000000101000000000111000100001011000000001110101000001001100101111000000000000000000001101110000000110000000000011111
000000000001000001110100011001000000000001110000001001000110000000101000000000001000000000000000000010000000110111000000000000001000100000011111000100110000000000000101010000010001100010010010000000000000110010001011000000000110000000101110
000001011010000110111101100000000000000001000000000111011010100000101000100000010000000000000011100000001000100011000000011111000111000000000000000000000000001000000011000000000001001000001110000000000001000001101001100100111111000000001000
000010001000000110100111100000000000000000000000000111110111110001101110110000010000000010000000100010011100011100000000011011000000000000000000000010000000001110000001110110000000000000000000000000000000110000100011000000111110000000000000
000010110000000000100000011000000000000000000000000001101110000000000100111100000000000110000000000110100110000000000000010111000000000000101110000000100111110111100000011000000000110010000000001000000000000000011110000000010111010000000000
001101100000000010011100000100000000000000000111001111100000000000110100000110001110001110000000000110000000000010000001100000000000000100111111000000001001000000000000000000000000010010000000101100000000101000001100010000110110000000000000
000100000000000000001100101100101000010000000101001111100101100000100101110010000000011100000000000000000000000100100001100000000000011000000001000000000001001000000000000000000000001011000000010100000000101000111000001101010011010000000000
010010000001000011111101100011001100000000000100101101000010010000001101011100110010011101100000000000000000001001000000000000000000011100011110000000010001000100010000000000000000000001110000000000000000000100111001001011010001001000000000
000010000010101101100000101000110000000010000000101010000010100000000001001000110000001101100000000000000000001001000000000000001000100101101100000000011000000010010000000000000000000000011100000000000011101100100100100010000001001000000000
010000000010000001000000110000011111000001000000110011000000000000001110000000111000000100000000000000000100000000001000000000001011001111000000000000011001000010101000000000000000000001101100000011011011101110001000100000000000100100000011