000000000000000000000000100011000000000000000000000000000000000001100000010100111000000000000000000000000000100000000000000000000000000000000000000000000000000000000001000000000000000000000000000000000000000000100100001000000000000000000000
000000000000000000000000110010000000000000000000000000000000000011110000110101100100000000000000000000000000000000000000000000000000000100000000000000000000000000000010100000000000010000000000000000000000000000001100001000000000000000000000
000000000000000000000000111000000000000000000000000000000000000110000001001000010100000000000000000000000000000000000000000000000000001010000000000000000000000000000010010000000000101000111000000000000000000000010010000110000000000000000000
000000000000000000000000001000000000000000000000000000000000001110011001001000001000000000000000000000000000000000000000000000000000001010000000000000000000000000000001100000000000010000000000000000000000000000101011000010000000000000000000
000000000000000000000000000000000000000000000000000000000000000110011000101000000000000000000000000000000000000000000000000000000000000100000000000000000000000000000000000000000000000000000000000000000000000000010000100010000000000000001100
000110000000000000000000000000000000000000000000000000000000000010100000000000000000000000000000000000000000000000000000000011000000000000000000000000000000000000000000000000000000000000000000000000000011000000000000000110000000000000010100
000110000000000000000000000000000000000000000000000000000000000000000000000000000000000000000000000000000000000000000000000011000000000000000000000000000000000000000000000000000000000000000000000000000100100000000001000011000000000000011000
000000000000000000000000000000000000000000000000000000000000000000000000000000000000000000000000000000000000000000000000000000000000000000000000000000000000000000000000000000000000000000000000000000000011000000000011000001000000000000000000
000000000000000000000000000000000000000000000000000000000000000000011000000000000000000000000000000000000000000000000000000000000011000000000000000000000000000000000000000000000111000000000000000000000000000000000110100100000111000000000000
000000000000000000000000000000000000000000000000000000000000000000100100000000000110000000000000000000000000000000000000000000000011000000000000000000000000000000000000000000001010000000000000000000000000000000000010110010000000100000000000
000000000000000000000000000000000000000000001100000000000000000000101000000000001000100000000000000000000000000000000000000000000000000000000000000000000110000000000000000000001011000000000000000000000000000000000001100010000011000000000000
000000000000000000000000000000000000000000001100000000000000000000111000000000010000100000000000000000000000000000000000000000000000000000000000000000000110000000000000000000000100010000000000000000000000001000000000100000011100000000000000
000000000000000000000000000000000000000000000000000000000000000000000000000000000100000000000000000000000000011000000000000000000000000000000000000000000000000000000000000000000011100101000000000000000000010100000000011000000100000000000000
000000000001000000000010000000000000000000000000000000000000000000000000000000000000100100000000000000000000100100000000000000000000001110000000000000000000000001000000000000000011100101000000000000000000010100000000000000100100000000000000
000000000010100000000101000000000000000000000000000000000000000000000000000000000000000000000000000000000000011000000000000000000000000000000000000011000000000001000000000000000000000110000000000000000000001000000000000001000100000000000000
000000000011000000000010000000000000000011100000000000000000000000000100000000000000010100000000000000000000000000000000000000000000000000000000000011000000000001000000000000000000000000000000000000000000000000000000000000111000000000000000
000000000000000000000000000000000000000000000000000000000000000000000110000000000000010100000000000000000000000000000000000000000000000000000000000000000000000000000000000000000000000000000000000000000000000011100000000000010000000000000000
000000000000000000000000000000000000000000000000000000010000110001011011000000000110000000000000000000000000000000000000000000000000000000000000000000000000011100011100111000000000000000000000000000000000000000000000000000000000000000000000
000000000000000000000000000000000000000000000000000000101001001110011010000000001000110000000000000000000000000000000000000000000000000000000000000000000000000000000001001000000000000000000000000000000000000000000000000000000000000000000000
000000000000000010000000000000000000000000000000000001000100101011000110000000000111000000000000000000000000000000000000000000000000000000000000000000000000000001000000001000000000000000000000000000000000000000000000000000000000000000000000
000000000000000101000000000010000000000000000010000011001000010110010110011000000011000000000000000000000000000000000000000000000000000000000000000000000000000001000000001000000000000110000000000000000000000000000000000000000000000000000000
000000000000001001000000000010000000000000000101000010100000000110011100100100000000000000000000000000000000000000000000000011001100000000000000000000000000000001000001000000000000001001000000000000000000000000000000000000000000000000000000
000000000110000110000000000010000000000000001001001010100011000010000000010000001110000000000000000000000000000000000000000010001010000000000000000000000000000000000000100100000000000110000000000000000000000000000000000000000000000000000000
000000000110000000000000000000000000000000001101001110010001100000111000000000000001110000000000000000000000000000000000000001011010000000000000000000110000000000000000011100000000000000000000000000000000110000000000000000000000000000000000
000000000000000000000000000000000000000000001100001100000001000000110000000000010001000011000000110000000000000000000000000000010110000000110000000000110000000000000000000000000000000000000000000000000001101100000000000000000000000000000000
000000000000000000000000000000000000000000000011100010011001000000001010000000010000000001000001001000000000000000000000000001100000000001010000000000000000000000000000000000000000000000000000000000000010000100000000000000000000000110000000
000000000000000000000000000000000000000000000001000010010010000000001100000000000000000101000000110000000000000000000000000010111010000010010000000000000000000000000000000010000000000000000000000000000111000100000000000000000110000110000000
000000000000000000000000000000000000000000000000000011000000000000000000000000101000100000000000000000000000000000000000000010101001000010000000000000000000000000000000001001000000000000000000000000001000011000000000000000000110000000000000
000000000000000000000000000000000000000000000000000000011000000000000000000000100000100100000000000000000000000000000000000000001010000110000000000000001110000000000000001011000000000000000000000000001010000000000000000000000000000000000000
000000000000000000000000000011000000000000000000000010001000000001100000000000111000000000000000000000000000000000000000000000000100000111011000000000110100000000000000000010000000000000000000000000000110000000000000000000000000000000000000
000000000000000000000000100011000000000000000000000001110000001101110000000000000000011000000000000000000000000000000000000000000101100000011100000000100100000000000000000000000000000000000000000000100000000000000000000000000000000000000000
000000000000000000000000100000000000000000000000000000000000011000100000000000000000000000000000000000000000000000000000000000110101110000000000000000011100000000000000000000000000000011100000000001010000000000000000000000000000000000000000
000000000000000000000000100000000000000000000000000000000001000010111000000000000000011100011100001001000000000000000000000000100000001000000000000000001000000000000000000000000000000000000000000001100000000000000000000000000000000000000000
000000000000000011000000000000000000000000000011100000000010100001011000000001000000001000000000001001000000000000000000000000100010110000100000000111010000000000000000000111000000000000000000000000000000000000000000000000000000000000000000
000000000000000011000000000000000010000100000011011000000010111100001000000001000000000001000001011000100000000000000000000000010010000000011100000111000000000000000000000001000000000000000000000000000000000000000000000000000000000000000000
000000000000000000000000000000000011010011000000000000000001000000010000000001000000000001000010100001000000000000000000000000000000000000001100000000000000001111100000001000000000000000000000000001100000000000000000000000000000000000000000
000000000000000000000000011000000100001110000000100000000000000011100000000000000000000001000010100000000000000000000000000000000000000000000100011000000000001100010000000101000000000000000000000010010000000000000000000000000000000000000000
100000000000000000000000100100001111111110000001100000000000000000000000000000000000000000000000000000000000000000000000000000000000000000000000000100000000000011100000000101000000000000000000000010010000000000000000000000000000000000000001
010000000000000000000000011000001001111010000000010000000000000000000000000000000000000000000000000000000000000000000000000000000000000000001000001100000000000000000000000001000000000000000000000001100000000000000000000000000000000000000000
110000000000000000000000000000001010000110000001100000000001100000000000000000000000000000000000000000000000000000000000000000000000000000110100011100000000000000000010000101000000000000000000000000000000000000000000000000000000000000000100
100000000000000000000000000000000101000000000100100000000001100000000000000000000000000000000000000000000000000000001010000000000000000000110000010000000000000000001000000101001110000000000000000000000000000000000000000000000000000000000101
000010100000000000000000000000000000000000000000000000000000000000000000000000000000000000000000000000000000000000001110000000000000000000100100001100000000000000100000100011000001100000000000000000000000000000000000000000000000000000000101
000000000000000000000000000000000000100000000000000000000000000000000000000000000000000000000000000000000000000000000110000000000000000000010000101000000000000000110000100110011001000000000000000000000000000000000000000000000000000000000000
010100000000000000000000000001000001000000000000001001000000000000000000000000000000000000000000000000000000000000000000000000000000000000011010110000000000000001001000000100001100000000000000000000000000000000000000000000000000000000000000
100000000000000000000000000001110000001100000001100010110000000000000000000000000000000000000000001100000000000000000000000000000000000000000010001000000011100000110011100000010000000000000000000000000000000000000000000000000000000000000000
010100000000000000000000000000001000011100001011001010110000000000000000000100000000000000000000011100000000000000000000000000000000000000001000111000000000000000100110100000000000000000000000000000000000000110000000000000000000000000000000
001000000000000000000000000001101000011010001001001000000000000000000000001010000000000000000000010010000000000000000000000000000000000000000111110000000000000000000010100000000000000000000000000000000000000110000000000000000000000000000000
000000000000000000000000000000110010010110001000011000001010000000000000000110000000000000000010011010000000000000000000000000000000000000000010000000000000000000011001000000000011100000000001000000000000000000000000000000000000000000000000
000000000000000000000000000000010110000100000100011000001010000000000000000000000000000000000010001100000000000000001100000000000000111000000000000000000000000000001110000000001000011100000010100000000000000000000000001100000000000000000000
000000000000000000000000000000001000001000000010001100001000000000000000000000000000000000000010001100000000000000010010000000000000000000000000000000000000000000000100000000001001101110000100100000000000000000000000001100000000000000000000
000000000000000000000000000000000100000000001001110010010000000000000000000000000000000000000000000000000000000000001100000000000000000000000000000000000000000000000000000000001000000001000011000000000000000000000000000000000000000000000001
000000000000000000000000000000001101100000001000000001110000000010000000000000000000000000000000001110000000000000000000000000000000000000000000000000000000000000000000000000000011111101000000000000110000000000000000000000000000000000000010
001000000000000000000000000000000100000000001000000000000000000101000000000000000000000000000011101000000000000000000000000000000000000000000000000010000000000000000000000000000011000010000000000000110000000000000000000000000000000000000000
001000000000000000000000000000000000000000000000000000000000000100100000000000000000000000000101010000000000100000000000000000000000000000000000000101000000000000000000000000000000000000000000000000000000000000000000000000000000000000000010
110000000000000000001110000000010010000000000011100000000000010011000000000011000000000000001000100100000001010000000000000000000000000000000000000101000000000000000000000000000000000000000000000000000000000000000000000000000000000000000000
000000000000000000000000000000000000010001100000000000000001000010000000000011000000000000111000100100000001010000000000000000000000000000000000000010000000000000000000000000000000000000000000000000000000000000000000000000000001000000000000
000000000000000000000000000000100111001001100000000000000001000011100000000000000000000000110000011100000000100000000100000000000000000000000000000000000000001000000000000000000000000000000000000000000000000000000000000000000010110000000000
000000000000000000000000000000010101010000000000000000000011001001100000000000000000000000100101100000000000000000001010000000000000000000000000000000000000001000000000000000000000000000000000000000000000000000000000000000000010110000000000
000000000000010000000000100100000000000000000000000000001110000001000000000000000000000011110111000011100000000000010010001100000000000000000000000000000000001000000000000000000000000000000000111000000000000000000000000000000000010100000000
000000000000010000011000100010000000000000000000000000000011010000000000000000001000000000110000000100100000000000001100010010000000000000000000000000000000000000000000000000000000000000000000000000000000000000000000000000011010000010000000
000000000000010000010100010000000000000000000000000000000000100000000000000000001000111001101010000110011000000100000000010100000000000000000000000000000000000000000000000000000000000000000000000000000000110000000000000000000010000110000000
000000000000000000001000000000000000011100000000000000000000000000000000000000001000000101110010000100101000001110000000001000000000000000000000000000000000000000000000000000000000000000000000000011100000101000000000000000010010000000000000
000000000000000000000000000000000000000100000000000000000000000000000000000000000000100100101100000000100000110101100000000000000000000000000000000000000000000000000000000000000000000001100000000100010000010000000000000000000110000000000000
000000000000000000000000000011000000001000000000000000000000000000000000000000000000011001101100000000000010100100001100000000000000000000000000000000000000000000000000000000000000000010010000001000010000000000000000000000000101010000000000
000000000000000000000000000010001100000000000000000000000000000000000000000000000000000001101000100001100000000100001100000000000000000000000000000000000000000011000000000000000000000010100000010001100000000000000000000000000011110110000000
000000000000000000000000000000001000000000000000000000000000000000000000000000000000000000011100100000011000001010001011000000000000000000000000000000000000000011000000000000000000000001000000010000000000000000000000000000000000000000000000
000000000000000000000000000000000000000000000000000000000000000000000000000000001100000000000000101100001100000000000001000000000000000000000000000000000000000000000000000000000000000000000000001000000000000000000000000000000001110000000000
000000000000000000000000000000000100100000000000000000000000000000100000000000010010000000000000001000111100100000110101000000000000000000000000000000000000000000000000000000000000000000000000000011000010000000000000000000000000110000000000
000000000000000000000000000000000011000000000000000000000000000001010000000000010100000000000000000000111001000000000110000000000000000000000000000000000000000000000000000000000000000000000000000001000010000000000000000000000000000000000000
000000000000000000000000000000000001000000001110000000000000000001010000000000001000000000000000000001001000000000011000000000000000000000000000000000000000000000000000000000000000000000000000000001000110000000000000000000000000000000000000
000000001100000000000000000000000000100000000000000000000000000000100000000000000000000000000000000011100000000100000000000000000000000000000000001000000000000111000100000000000000000000000000000000110000000000000000000000000000000000000000
000000001100000000000000000000000000100000000000000000000000000000000000000000000000000000000000000011100000001110000000000000000000000000000000001000000000000000001010000000000000000000000000000000000000000000000000000000000000000000000000
000000000000000000000000000000000000000000000000000000110000000000000000000000000000000000000000000000000000010101000000001100000000000000000000001000000000000000001001000000000000000000000000000000000000000000000000000000000000000000000000
000000000000000000000000000000000000000000000000000000110000000000000000000000000000000000000000000000000000010101000111011100000000000000000000000000000000000000000110000000000000000000000000000000000001100000000000000000110000000000000000
000000000000110000000000000000000000000000000000000000000000000100000000000000000000000000000000001100000000001110000111000000000000000000000000000000000000000000000000000000000000000000000000000000000000000000000000000000110000000000000000
000000000000110000000000000000010000000000000000000000000000001001000000000000000000000000000000001100000000000100000100110000000000000000000000000000000000000000000000000000000000000000000000000000000000000110000110000000000000000000000000
000000000000000000000000000000101000000000000000000000000000000001100000000000000000000000000000000000000000000000000010111100000000000000000000000000000000000000000000000000000000000000000000000100000000000110000000000000000000000000000000
000000000000000000000000000000101000000000000000000000000000100100010000000001000000000110000000000000000000000000010001000100000000000000000000000000000001100000000000000000000000000000000000001010000000001001000000000000000000000000000000
000000000000000000000000000000010000000000000000000000000001000111011000000010100000001001000000000000000000000000111111000000000000000000000000000000000001100000000000000000000000000000000000000110000000000110100000000000000000000000000000
000000000000000000000000000000000000000000000000000000000001000000011000000110100000001001000000000000000000000001101111000000000000000000000000000000000000000000000000000000000000000000000000000000011000000110100000000000000000000000000000
000000000000000000000000000000000000000000000000000000000010000001100000011101000000000110000000000000000000000001000000000110000000000000000000000000000000000000000111000000000000000000000000000000111000000001000000000000000110000000000000
000000000000000000000000000000000000000000000110000000000011000101100000011001100000000000000000000000000000000001100000001111001100000000000000000000000000000000000000000000000000000000000000000011000000000000000000000000001001000000000000
000000000000000000000000000000000000000000000110000000000011000011000000100011100000000000000000000000000000000000000100001001001101100000000000000000000000000000010000000000000000000000000000000000001000000000000000000000000110000000000000
000000000000000000110000000000000000000000000000000000000000000110000000100011000000000000000000000000000000000000001110010110000000100000000000000000000000000000010000000000000000000000000000000011101000000000000000000000000000000000000000
000000001000000000110000000110001110000000000000000000000000011100000000010010000000000000000000000000000000000000000000001100001000000000000000000000000000000000010000000000000000000000000000000000000000000000000000000000000000000000000000
000000010100000000000000001111000010000000000000000000000000011000000000001000000000000000000000000000000000000000000000001000010000000000000000101000000000000000000000000000000000000000000000000000000000110000000000000000000000000000000000
000000100100000000000000011101100100000000000000000000000000000000000000000000000001100000001000000000000000000000000000000000010000000000000001000010000110000000000000000000000000110000000000000000000011110000000000000000000000000000000000
000000011000001100000000100011001000000011000000000000000000000000000000000000000010010000010100000000000000000000000000000000010000100000000001000011001000000000000000000000000000110000000000001000000111110000000000000000000000000000000000
000000000000001100000000011000101000000011100000000000000000000001100000000000000010010000011000000000000000000000000000000000001011000000000011101001001000100000000000000000000000000000000000001110001010000000000000000000001000000000000000
000000000000000000000000000001110000000101000000000000000000000011010011000000000001100000000000000000000000000000000000000000000000000000000010100110001000100000000000000000000000000000000000000001101110000000000000000000101100000000000000
000000000000000000000000000010100000101100000000011000000000000011000000000000000000000000000000000000000000000000000000000000000000000000000100110000000110000000000000000000000000000001110000001101101110000000000000000001100000000000000000
000000000000000000000000000010100000100100000000011000000000000001011000000000000000000000000000000000000000000000110000000000000000000000000010000000000000000100000000000000000000000001000110001101101000010000000000000001000000000000000000
000000000000000000000000000001000000111000000000000000000000010000111100001110000000000000000000000000000000000001101000000000000000000000000000001000000000001000000000000000000000000000000000000110011000010000000000000000110100000000000000
000000000000000000000000000000000000000000000000000000000000010000100010000000000000000000000000000000000000000000100000000000000000000000000000101000000000000000001000000000000000000001000100000011101000000000000000000000001000000000000000
000000000000000000000000000000000000000000000000000000000000000000100010000000000000000000000000000000000010111001000000000000000000000000000000000000000000000000011010000000000000000001001000100001100000000000000000000000000000000000000000
000000000011000000000000000000000000000000001000000000000000000000000100000000000000000000000000000101000100111101000100000000000000000100000000000000000000000000101001100000000000000000100011100001101000000000000111000000000000000000000000
000000000100100000000000000000000000000000001000000000000000001000011000000000000000000000010010011001000000000000000100000000000000001010000000000000001110000000111100100000000000000000010101100000010000000000000100100000000000000000000000
000000000011000000000000000000000000000000001000000000000000010100000000000000000000000000010110010111001100011110001000000001000000110111000000000000010001000000011001000000000000001100000010000000000000000000001001100000000000000100000000
001110000000000000000000000000000000000000000000000000000000110010000000001100000000000000011000000000001100001000101100000010100000111000000000000000010001000000001000100000000000001100100000000000000000000000001100011000000000000100000000
000000000000000000000000000000000000000000000000000000000000010010000000011010000000000000000110110000000000010000011000000010100001000001000000000000100001000000001101100000000000000001000100000000000000000000000000100100000000000000000000
000000000000000000000000000000000000000000000000000000000000001001000000011010000000000000000111100000001000100000000000000011000111100001000000000000000010000000000000100000000000100000100100000000000000000000000000100100000000000000000000
000000000000000000000000000000000000000000000001000000000000100000100000000100000000000000000000000000001101000000000000000000001010000001000000000000101100000000001110000000000000100000110110000000000000000000000000100100000001110011000000
000000000000000000000000000000000000000000000111000000000001000001100000000000000000000000000000000000000000000000000000000000000000001110000000000001000000000000000100000000000000100000110000000000000000000000001100011000000000101011000000
000000000000000000000000000000000000000000000000000000000001000101110000000000000000000000000000000000000000000000000000000000000000000000000000000000000000000000000000000000000000000000111000000000000000000000001001100000000000011111000000
000000000000011000100000000000000000000000000000000000000000100010011000000000000000000000000000000000000000000110000000000000000000000000000000000000000000000000000000000000000000000000110000000000000000000000000100100000000000001100000000
100000000000000000010000000000000000000000000000000000000000010010110000000000000000000000000000000000000000011010000000000000000000000000000000000000000000000010000000000000000000000000110000000000000000000000000111000000000000000000000000
110000000000011000010000000110000000000000000000000000000000100000100000000000000000000000000000000000000000011000000000000000000000000000110000000000000000001110000000000000000000000000101000000000000000000000000000000000000000000000001101
011000000000000010010000000110000000000000000000000000000000011010100000000000000000000000000000000000000000011010000000000000000000000001001000000000000000001100000000110000000000000000010000000000000000000000000000000000000000000000101111
011000011000000001100000000000000000000000000000000000000000011011000000000000000000000000000000000000000000000110000000000000000000000000101000000000000000000000000001101000000000000000000000000000000000000000000000000000000000000001000101
010000011000000000000000000000000000000000000110000000000000000100000000000000000000000000000000000000000000000000000000000000000000000000111000000000000000000000011101101100000000000000000000000000000000000000000000000000000000000101110011
100000000000000000000000000000000000000000001010000011000000000000000000000000000000000100000000000000000000000000000000000000000000000000000000000000000000000001100001111110000000000000000000000000000000000000000000000000000000001010001001
100000000000000000000000000000000000000000000010000100100000000000000000000000000000001010000000000000110000000000000110000000000000000000000000000000000000000001001100110110000000000000000000000000000000000000000000000000000000001100000101
000000000000000000000000000000000000000000000000000011000000000000000001000000000000001001000000001100110000000000001001000000000000000000000000000000000000000000001000000100000000000000000000000000000000000000000000000000000000000000000101
000000000000000000000000000000000000000000000000000000000000000000000011100000000000000110000000010010000000010000001011000000000000000000000000000000000000000000110011000010000000000000000000000000000000000000000000000000000000010000000010
000000000000000000000000000000000000000000000000000000000000000000000010100000000000000000011100001100000000010001100010000000000000000001000000000000000000000001000011001110000000000000000000000000000000000000000000000000000000110000000000
000011000000000000000000000000000000000000000000000000000000000000000000000000000000000001111110001100000000000000000000000000000000000001000000000000000000000000111100100000000000000000000000000000000000000000000000000000000000101000000000
000011000000000000000000000000000000000000000000000000000000000000000000000000000000000001100000000000000000000000001000000000000001110001000000000000000000000000100001000000000000000000000000110000000000000000000000000000000000000000011000
000000000000000000000000000000100000000000000000000000000000000000000000000000000010100001100000001110000000000000000000000000000000000000000000000000000000000000010001000000000000000000000001001000110000000000000000000000000000000000010100
000000000000000000000000000001110000000000000000000000000000000101000000000000000010010000000000001110100000000000000000000000000000000000000000000000000000000000001110000000000000000000000000110000110000000000000000000000000000000000010100
000000000100000000000000000011011000000000000000000000000000000000100000000000101000011010110100011001010000000000000000000000000000000000000000000000000000000000000000000000000000000000000000000000000000000000000000000000000000000000000100
000000000100000000000000000001110000000000000000000000000000001000010000000000110001101010110100010000011000000000000000000000000000000000000000000000000000000000000000000000000000000000000000000000000000000000000000000000000000000011101100
000000000100000011000000000000100000000000000000000000000000000110001000000000000010000010011100010101001000110000000000000000000000000000000000000000000000000000000000000000000000000000000000000000000000000000000000000000000000000100001100
000000000000000011000000000000000000000000000000000000000000000001100000000000000010001100001100010110000100110000000000000000000000100000000000000000000000000000000000000000000000000000000000000000000000000000000000000000000000000000101000
000000000000000000000000000000000000000000000000000000000000000000000000000000000001000000101100001101001000000000000000000000000011011000000000000000000000000000000000000010011000000000000100000000000000000000000000000000000000001000110000
000000000000000000000000000000000000000000000010100000000000000000000000000000000000000101100110000111110000000000000000000000000000100000000000000000000000000000000000000011000100000000001010000000000000000000000000000000000000001101001000
000000000000000000000000000110110000000000001010011000000000100000000000000000000000011101110001100011000000000000000000000000000000000000000000000000000000000000000000000011101100000000001001000000000000000000000000000000000000000010001000
000000000000000000000000001000001000000000110011010000000000100011000000000000000000000001101111000000000000000000000000000000000000000000000000000000000000000000000000010111000000000000000110000000000000000000000000000000000000000010001000
000000000000000000000000000110110000000000010111100000000000000001100000000000000000000001101000000000000000000000000000000000000000000000000000000000000000000000000000011110000000000000000000000010000000000000000001000000000000000001000000
000000000000000000000000000000000000000000001111000000000000000001000000000000000000000001111000000000000000000000000000000000000000000000000000000000000000000000000000010100000000000000000000000111100000000000000001000000000000000000000000
000000000000000000000000000000000000000000001100000000000000000010000000000000000000011011000000000000000000000000000001100000000000000000000000000000000000000000000000000000000000000110000000001001100000000000000001000000000000000000000000
000000000000000000000000000000000000000000000000000000000000000000000000000000000000000000000000000000000000000000000001100000000000000000000000000000000000000000000000000000000000001001000000001000100000000000000000001011000000000000000000
000000000000000000000000000000000000000000000000000000000000000000000000000000000000000100000000000000000000000000000000000000000000000000000000000000000000000000000000000000000000000110000000000111011100000000011100011001000000000000000000
000000000000000000001000000000000000000000000001100000000000000000000000000000000000000011000000000000000001100000000000000000000000000011000000000000000000000001010000000000000000000000000000000010101100000000000000001011000000000000000000
000000000000000000110100000000000000000000000110100000000000000000000000000000000000000100000000000000000001100000000000000000000000000011000000000000001100000001010000000000000000000000001100000001100110001100000001000000000000000000000000
000000000001100000111110111000000000000000000111000000000000000000000000000000000000000011000000000000000000000000000000000000000000000000000000000000010010000000000000000000000000000000010100000000100100010000000001000000000000000000000000
000000000001100001000000111000000000000000000010000000000000000000000000000000000000010000000000000000000000000000000000000000000000000000000000000000001100000000010100000000000001100000011000000000011000010010000001000000000000000000000000
000000000000000000111110000000000000000000000010000000000000000000000000000000000000101000000000000000000000000000000000000000000000000000000000000000000000000000000110000000000001100000000000000000000001101001000000000000000000000000000000
011100000000000000011100000000000000000000000010000000000000000000000000000000000000011100000000000000000000000000000000000000000000000000000000000000000000000000000000000000000000000000000000000000000010100011000000000000000001000000000000
000000000000000000000001000000000000000000000000000000000000000000000000000000000000000000000000000000000000000000000000000000000000000000000000000000000000000000000000000000000000000000000000000000000010000011000000000000000001000000001100
000000000000100000000001000000000000000000000000010000000000000000000011100000000000100000000000000000000000000000000000000010000011000000000000000000000000000000000000000000000000000000000111000000000011010000000000000000000001000000010010
000000000000100000010000000000000000000000010000101000000000000000000000000000000001010000000000000000000000000000000000000010000010100011000000100000000000000000000000000000000011000000000000000000000000110000000000000000000000000000100000
000000000000100000001000000000000000000110010000000000000000000000000000000000000001011000010000000000000000000000000000000010000001000110000000100000000000000000000000000000000100100000010010000000000000000000000000000000000000000001000001
000000000000000000110000000000000000001000001000111000000000000000000000000000000110000000010000000000000000000000000000000000000000000100000000100000000000000000000000000000000101000000011010000000000000000011000000000000000000000001000101
100000000000000000100000000000000000011001010000000000110000000000000000000000001010000000000000000000111000000000000000000000000000000100000000000000000000000000000000000000000010000000001000000000000000000010100000000000000000000001000000
100000000000000000000000000000000000001100010000000000110000000000000000000000010001100000000100000000000000000000000000000000000000000100000000000000000000000000000000000000000000000000101001000000010000000000100000000000000000000000110000
100000000000000000100000000000000000000111000000000000000000000000000000000000001000100000001110000000000000110000000000000000000000000000000000000000000000000000000000000000000000000000111111000000010000000010100000000000000000000000000000
000000000000000001010000000000000000000000000000000000000000000000000000000000000000000000010101000000000000110000000000000000000011000000000000000000000000000000000000000000000000000001011000000000010000000011000000000010000000000000000011
000000000000000001100000000000000000000000000000000000010000000000000000000000000000000000110011000000000000000000000000000000000100010000000000000000000000000000000000000000000000001010000000000101000000000000000000000101000000000000000000
000000000000000000000000000000000000000000000000000000101000000000000000000000000000000000100110000000000000000100001110000000000000000000000000000000000000000000000000000000000000000110000000001001000000010000000000000101000000000000000000
000000000000000000000000000000000000110000011100000000101000000000000000000000000000011100011100000000000000000100000000000000001000000000000000000000100000000000001110000000000000000000000000001000100000111000000000000010000000000000000000
000000000000000000000000000000000001001000100010000000010000000000000000000000000000000000001000000000000000000100000000000000001000001000000000000001010000000000000000000000000001000000000000011010100100000000000000000000000000000000000000
000000000000000001100000000000000001010000100010000000110000100000000000000000000000000000000000000000000000000000000000000000000010000000000000000001010000000000000000000000110010100000000000011010000100111000000000000000000000000000000000
000000000000000010100000000000000000100000100010000000110001100000000000000000000000000000000000000000000000000000000000000000000000100000000000000000100000000000000000000000110010100000000000000010000000010000000000000000000000000000000000
000000000000000011000000000000000000000000011100000000110001001000000000000001000000000000110000000000000000000000000000000000000000000000000000000000000000000000000001000000000001000000000000000110000100000000000000000000000000000000000000
000000000000000000000000000000000000000000000000000000010000111110000000000010100000000000110000000000000000000000000011000001110000000000000000011000000011000000000010100000000000000000000000000101001000000000001000000000000000000000000000
000000000000000000000000011000000000000000000000001000000000110011000000000001100000000000000000000000000000011000000011000001110000000110000000100100000100100000000010100000000000000000000000010110110000000001000000000000000000000000000000
000000000000000000000000001100000000000000000000110011000000001110000000000000000000000000000000000000000000011000000000000010011110000110000000011000000011000000000001000000000000000000000000000010000000000010001000000000000000000000000000
000000000001100000000000010000000000000000000000000001000000000100000000000000000000000000000000000000000000000000000000000001100100000000000000000000000000000000000000000001100000000000000100010100000000000000000000000000000000000000000000
000000000001100000000000000000000000000000000000000010100000000000000000000000000000000000000000000000000000000000000000000000100100000000000000000000100000000000000000000001100000000000000100001000000000000010100000000000000000000000001100
000000000000000000000000000000000000000000000000000001100000000000000000000000000000000000000000000000000000000000000000000000000100100000000000000001010000000111100000000000000001000000000100000000000000000000000000000000000000000000001100
000000000000000000000000000000000000000000000000000000000000000000000000000000000000000000000000000000000000000000000000000000000000010000000000000001010000000111110000000000000010100000000000110000000000000000000000000000000000000000000000
000000000000000000000000000000000000000000000000000000000000000000000000000000000000000000000000000000000000001100000000000000000010100000000000000000100001010001101000000000000001100000000001001000000000000000000000000000000000000000000000
000000000000000000000000000000000000000000000110000000000000000000000000001100000011100000000000111000100000010010000000000000000000000000000000000000000111000011101000000000000000000000000000110000000000000000000000000000110000000000000000
000000000000000000000000000000000000000000001001000000000000000000000000001100000000000000000010110110010000001100000000000000000000000000000000000000001110000011110000000000000000000000000000000000000000000000000000000000111000000000000000
000000010000000000000000000000000000000000000000000000000000000000000000000000000000000000001100000010011000000000001110000000000000000000000000000000000110001111100000000000000000000000000000000000000000000000000000000001001000000000000000
000001101100000000000000000000000000000000000111000000000000000000000000000000000000000000000100000000011000000000000101100000000000000001000000000000000000000000000000000000000000000000000000000000000000000000000000000001011000000000000000
000000000100000000000000001011000000000000000110100000000000001000000000000000000000000000000000000010001100000000000110110000000000000001000000000000000000000000000000110000000000000000000000000000000000000000000000000000110000000000000000
000001000100000000000000001100100000000000011100100000000111001100000000000000000000000000000010000110001100000000000010110000000000000001000000000000000000000000000000110000000000000000000000000000000000000000000000000000000000000000000000
000000111000000000000100001100100000000000100000001000000001100010000000000000000000000000000001100001100000000000000001011000000000000000000000000000000000000000000000000000000000000000000000000011000000000000000000000000000000000001100000
000000000000100001000100000101100000000001000101100100000010001100000000000000000000000000000000000001110000000000000001110000000000000000000000000000000000000000000000000000000000000000000000000011000000000000000000000000000000000010010000
000000000001010010100000000110010000000000000001100100011010001000000000000011000000000000000000000001110000000111000111101000000000000000000000000000000000000000000011000000000000000000000000000000000000000000000000000000000000000001100000
000000000001100010100001110010010000000010000100000000001100000000000000000010100000000000000000000000010000000000000101000000000000000000000000000000000000000000000100100000000000000000000000000000000000000000000000000000000000000000000000
000000000000000001011110000010000000000001000100000000000000000000000000000001000000000000000000000000110000000011000110000000000000000000000000000000000000000000000011000000000000000000000000000000000000000000000000000000000000000000000000
000000000000000001110000000010000000000000110100000000000000000000000000000000000000000000000000000001010000000011000000001000000000000000000000000000000000000000000000001000000000000000000000000000000000000000000000000000000000000000000000
000001110000000000110110001011010000000000001000000000000000000000000000000000000000000000000000000010010000000100100000010100000001110000000000000000000000000000000000010100000000000000000000000000000000000000000000000000000000000000000000
000000000000000000000011111100011000000000000000000000000000000000000001100000000110000000000000000000110000000110100000110110000000000000000000000000000000000000000000010100000000000000000000000000000000000000000000000000000001100000000000
000000000000000000000001000111010000000000000000000000000000000000001000000000001001000000000000000001000000010111100000010010000000000000000000000000000000000000000000001000010000000000000000000000000000000000000000000000000010010000000000
000000000000000000110010000100110100000000000000000000011100000000010000100000000110000000000000000001100001101100000000001100000000000000000000000000000000000000000000000000101000000000000000000000000000000000000000000000000001100000000000
000000000000000000111100000011101100000000000000000000000000000000010000010000000000000000000000000000001000010000000000000000000000000000000000000000000000000000000000000000010000000000000000000000000000000000000000000000000000000000000000
000000000000100000000000000000011000000000000000000001000001000000010000001000000000000000000000000001000110000000000000000000000000000000000000000000000000000000000000000000000000000000000000000000000000000000000000000000000000000000000000
000000000011010000000000000000100000000000000000000001000001000000001000000000000000000000000000000000000110000000000000000000011000000000000000000000000000000000000000000000000000000000000000000000000000000000000000000000000000000000000000
000000001100000000000000000001000000000000000000000001000001000000000011011000000000000000000000000000000111000000000000000000011000000000000000000000000000000000000000000000000000000000000000000000000000000000000000000000100000000000000000
000000001000011000000000000001100000000000000000000000000000000000000000000000000000000000000000000000001110100000000000000000000000000000000000000000000000000000000000000000000000000000000000000000000000000000000000000011100000000000000000
000000000000100000000000000011000000000000000000000000011100000000000000000000000000000000000000000000010011100000000000000000000000000000000000000000000000000000000000000000000000000000000000000000000000000000000000100010010000000000000000
000000000011100000000000001110000000000000000000000000000000000000000000000000000000000000000000000000010001011000000000000000000000000000000000000000000000000000000000000000000000000000000000001000000000000000000000110101000000000000000000
000000000000100000001100001000000000000000000000001000000000000000000000000000000000000111000000000000010110110100000000000000000000000000000000000000000000000000000000000000000000000000000000011100000000000000000000110000000000000001100000
000000000000000000010010000000000000000000000000010010000000000000000000000000000000000011100000000000110000000000000001000000010000000001000000000000000000000000000000000000000000000000000000111110000000000000000000000110000000000001010000
000000000000000000110010000000000000000000000000010010000000000000000000000000000000000000000000000000111000000000000110110001100000000001100100000000000000000000000000000000000000000000000001000001000000000000000000000000000000000001011000
000000000000000001100010110001000100000000000000000100000000000000000000000000000000100000000000000000110111010000000100110000000000000011100100000000000111000000000000000000000000000000000011000001100000000000000000000000000000000000110000
000000000000000000100000011111001010000000000000000000000000000000000000000000000001010000000000000000001111110000000101010000000000000011011100000000000111000000000000000111000000000000000110011001000011000000000000000000000000000000100000
000000000000000010011100011000010001000000000000000000000000000000000000000000000001010000000000000000000111100000000000001000000000000001110000000000000101000000000000001000100001010000000110110010100101000000000000000000000000000000000000
000000000000000011000000000000001010000000000000000000001110000000000010000000000000100000000000000000000000000000000001000100000000000001000000000000000100000000000000010000010001001000001101110011000101000000000001110000000000000000000000
000000000000000000000000101000000100000000000000000000000000000000000010000000000000000000000000110000000000000000000010110110000000000000100110000000000100000000000000010000010000000000000101100001111000100000000000000000000000000000000000
000000000000000000000000010000000000000000000000000000100000100000000010000000000000000000000001001000000000000000000000011000000000000001100111000000000000000000000000010000001011100000000011000000010000100000000000000000000000000000000000
000000000000000000000000000000000000000000000000000000100100000100000000000000000000000001000001001000000000000000000011100000000000000001100110001000001000000000000000001000101001000000000000000000100010110000000000000000011000000000000000
000000000000000000000000000000000000000010000000000000000110001001000000000000000000000001000000001000000000000000000000000000000000000000000000001000000110000000000000000111000100000001010000000000010010110000000000000000011000000000000000
000000000000000000000000000000000000000010000000000000000000000000000000000000000000000000000000100111000000000000000000000000000000000000000000001000001100000000000000000000000000000001100000000000001100000000000000000000000000000000000000
000000001100000000000011000000000000000010000000000001001000000000100000000000000000000000000000001000100000110000000000000000000000000000000000011100001100000000000000000000000000000001100000000000000010100000000000000000000000000100000000
000000001100000011100100100000000000000000000000000000110000001001000000000000000000000000000000001001000001001000000000000000000000000000000000011010010110000000000000000000000000000000000110000000000001000000000000000000000000010010000000
000000000000000000000011000000000000000000000100000000000000001110000000000000000000000000000000001110000000110000000000000001100000000000000000011010010000000000000000000000000000000000001001000000000001000000000000000000000000010010000000
000000000000000000000000000000000000000000001000000000000000000000000010000000000000000000000000000000000000000000000000000010100000000000000000000110011000000000001100000000100000000000001010000000000000000000000000000000000000001000000000
000000000000000000000000000000000000000000000000000000000000000000000010000000000000000000000000000000000000000000000000000011000000000000000110000000000000000000001010000000100000110000000100000000000000000000000000000000000000000000000000
000000000000000000000000000000000000000000000000000000000000000000000011000000000000000000000000000000000000000000000000001100000000000000000110000000000000000000000100000000100001001000000000000000000000000000000000000000000000000000000000
000000000000000000000000000000000000000000001100000000000000000000000000000000000001000000000000000000000000000000000000010100011000000000000000000000000000000000000000000000000001101100000000000000110000000000000000000000000000000000011000
000000000000000000000000001100000000000000100010000000000000000000000000000000000001000000000000000000000000000000000000011000011000000000000000000000000000000000000000000000000000101000000000000000110000000000000000000000000000000000011000
000000000000000000000000001100000000000000100011000000000000000000000101000000000001000000000001110000000000000000000000000000000000000000000000000000000000000000000000000000000000010000000000000000110000000000000000000000000000000000000000
000000000000000000000000000000000101000000000001100000000000000000001100000000000000000000000010011110000000000000000000000000000000110000000000000000000000000000000000000000010000110000000000000000010000000000000000000000100000010000000000
000000000000000000000000000000000100100000110001000000000000000001100100000000011000000000000100010101100000000000000000000000000001001000000000000000000000000000000000000000000000111000000000000000011000000000000000000000111100001000000000
000000000000000000000000000000000000100000000001100000000000000001011000000000100110000011100011100101100000000000001100000000000001001000000000000000000000000000000000000000000000101100000000000000100100000000000000000000111100001000000000
000000000000000000000000000000001000000000000000000000000000000000110011100001101001000000000000000001100000000000010010000000000000110000000000000000000000000000000000000000000000010000000000000001001000000000000000000000000000011000000000
000000000000000000000000000000001001000000011000000000000000000000010011000000100001000000000000000001000000000000001100000000000000000000000000000000000000000000000000000000001000000000000000000001110110000000000000000000000001010000000000
000000000000000000000000000000001110000000100100000000000000000000000011101100011111000000000110000010000000000000000000000000000000000000000000000000110000000000000000000000001000000000000000000001100110000000000000000000000000010000000000
000000000000000000000000000000001000000000011000000000000000000000000011100110000000000000000110000100000000000000000000000000000000000000000010000000110000000000000000000000000000000000000000000000000101000000000000000000011100010000000110
000000000000000000000000000000011000000000000000000000000000000000000100100011000010010100000000000000000000000000000000000000000000000000000111000000000000000000000000000000000000000000000000000111000000000000000000000000000100100000001001
000000000000000000000000000000010000000000000000000000001100000000001000111010000111110100000000000000000000000000000000000000000000000000001101000000000000110000000000000000000000000000000000000100100000000000000000000000000011000000001001
000000000000000000000000001000000000000000000001100000010100000000000101000100001001011000000000000000000000000000000000000000000000010000001000000000001100111000000000100000000000001000000000001100010000000000000000000000000000000000001101
111000000000000000000000110100000000000000000001100000001000000000000000000000001100000000000000100000000000000000000000000000000000101000111000000000001100110000000011011000000000010000000000011011100000000000000000000000000000000000000100
000100000000000000000000010100000000000000000000000000000000000000000000000000100100101110000000100000000000000000000000000000000000101000000000000000000000110000000011011000000000010100000000011000000000000000000000000000000000000000000000
100100000000000010000000001000000000000000000000000000000000000000000001100000100010001110000000100000000000000000000000000000000000010000000000000000000000000000000000001000000000001000000000100000000000000000000000000000000000000000000001
111000000000000010000000000000000000000000000000000000000000000000000001100000011110000110000000000000000000000000000000000000000000000000000000001000000000000000000000001011000000000000010000010100111100000000000000000000000000000000000000
000000000000000010000000000000010000000000000000000000000000000000000000000000011100001000000000000000000000000001100000000000000000000000000000011000000000000000000000001101100000000001010000000100100100000000000000000000000000000000011000
000000000000010000000000000000010000000000000000000000000000000000000000000000101010001000000000000000000000000001100000000000000000000000000000111000000000000000000111000000010000000010010000110011101100000000000000000000000000000000011000
000000000000101000000000000000010000000000000000001000000000110000000000000000100101000100000000000000000000000000000000000000000000000000000000110000000000000000000000100011010000000010000000000000111000000000000000000000000000000000000000
000000000000101000000000000000000000000000000000010100000000110000000000000000011001000011000000001000000000000000000000000000110000000000000000110000000000000000010001000011100000000001100000000000110000000000000000000000000000000000000000
000000000000010000000000000000000000000000000000010100000000000000000000000000000000100000100000010000000000000000000000000000110000000000000000010000000000000000100001000000000000000000000000000000000000000000000000000000000000000000000000
000000000000000011000000000000000010000000000000001000000000000000000000010000000000100000100000000000000000000011100000000000000000000000000000000000000000000001101111100000000000000000000000000000000000000000000000000000000000000000000000
000000000000000011000000000110000101000000000000000000000000000000000000010000000000010111000000000000010000000000000000000000000000000000000000000011000000000000100010000000000000000000000000000000000000000000000000000000000000000000000000
000000000000000000000011000101000110000000000000000000000000000000000000010000000000000000000000000000101000000000000000000000000000000000000000000000000000011000010010000000000000000000000000000000000000000000000000000000000000000000000000
000000000000000000000011000010000000000000000000000000000000000000000000000000000000000000000000000000011000000000000000000000000000000000000000000000000000011000000001000000000000000000000000000000000000000000000000000000000000000000000000
000000000000000000000000000000000000000000000000000000000000000000000000000000000000000000000000000000000000000000000000000000000000000000000000000000000000000000000111000000000000000000000000000000000000000000000000000000000000000000000001
000000000000000000000000000000000000000000000000000000000000000000000000000000000000000000000000000000000011100000000000000000000000000000000000000000000000000000000000000000000000000000000000000000000000000000000000000000000000000000000001
000000000000000000000000000000000000000000000000000000000000000000000011000000000000000000000000000000000100010000000000000000000000000000000000000000000000000000000000000010110000000000000000000000000000000000000000000000000000000000000001
000000000000000000000000000000000000000000000000000000000000000000000011000000000000000000000000000000000100001000000000000000000000000100000000000000000000000000000000100100000000000000000000000000000000000000000000000000000000000000000000
000000000000000000000000000000000000000000000000000000000000000000000000000000000000000000000100000000001001000100000000000000000000001010000000000000000000000000000001001100001000000000000000000000000000000000000000000000000000000000000000
000000010000000000000000000000000000000000000000000000000000000000000000000000000000000000000100000000000000000100000000000000000000001010000000000000000000000000000001010110001000000000000000000000000000000000000000000000000000000000000000
000001010000000000000000000000100011000000000000000000000000000000000000000000000000000000000100000000000000011100000000000000000000000100000000000000000000000000000000110001010101110000000000000000000000000000000000000000000000000000000000
000000110000000000000000000001010011000000000000000001000000000000000000000000000000000000000000000000000000000000000000000000000000000000000000000000000000000000000000011110111000001000000000000000000000110000110000111000000000000000000000
000000000000000000000000000001010000000000000000000010100000000000000000000001000000000000000000000000000000000000000000000000000011000000011000000000000000000000000000001101101001011000000000000000000000110011011000000000000000000000000000
011000000000000000000000110010110000000000000000000010100000000000000000000001100000000000000000000000000000000000000000000000000100100000100100000000000000000000000000000001110000000000000000000000000000000010000000010000000000000000000000
011000000000000000000000110010000000000000000000000001000000000000100000000110100000000000000000000000000000100000000000000000000011000000011000000000000000000000000000000000000000000000000000000000000000000011000101010000000000000000000000