000000000000000000000010000001110000000000000000000000000000000011100000111101000000000000000000000000000000000000000000000000000000000000000000000000000000000000000001000000000000000000000000000000000000000010000000000100000000000000000000
000000000000000000000010010000000000000000000000000000000000001100110001100010010000000000000000000000000000000000000000000000000000000100000000000000000000000000000010100000000000010000010000000000000000000000010001011000000000000000000000
000000000000000000000000000000000000000000000000000000000000010010001101000011000100000000000000000000000000000000000000000000000000001010000000000000000000000000000010010000000000101000010000000000000000000001101000111110000000000000000000
000000000000000000000000001000000000000000000000000000000000010000001111001000011000000000000000000000000000000000000000000000000000001010000000000000000000000000000001100000000000010000010000000000000000000000100110000101000000000000000000
000000000000000000000000001000000000000000000000000000000000010000001101111000000000000000000000000000000000000000000000000000000000000100000000000000000000000000000000000000000000000000000000000000000000000000010001100000000000000000001100
000110000000000000000000000000000000000000000000000000000000000111110000010000000000000000000000000000000000000000000000000011000000000000000000000000000000000000000000000000000000000000000000000000000011000000001000100000000000000000010100
000110000000000000000000000000000000000000000000000000000000000110100000000000000000000000000000000000000000000000000000000011000000000000000000000000000000000000000000000000000010000000000000000000000100100000000100000010000000000000011000
000000000000000000000000000000000000000000000000000000000000000000000000000000000000000000000000000000000000000000000000000000000000000000000000000000000000000000000000000000000101000000000000000000000011000000001100000101000101000000000000
000000000000000000000000000000000000000000000000000000000000000000111000000000000100000000000000000000000000000000000000000000000011000000000000000000000000000000000000000000001001000000000000000000000000000000001000000001000100100000000000
000000000000000000000000000000000000000000000000000000000000000001000100000000001010000000000000000000000000000000000000000000000011000000000000000000000000000000000000000000001001000000000000000000000000000000001000000001000100100000000000
000000000000000000000000000000000000000000001100000000000000000010000010000000010000000000000000000000000000000000000000000000000000000000000000000000000110000000000000000000011000000000000000000000000000000000000110001100000001100000000000
000000000000000000000000000000000000000000001100000000000000000001000100000000001010000000000000000000000000000000000000000000000000000000000000000000000110000000000000000000001000001000000000000000000000001000000000110000000000000000000000
000000000000000000000000000000000000000000000000000000000000000000111000000000000000000000000000000000000000011000000000000000000000000100000000000000000000000000000000000000001000111000000000000000000000010100000000000000000000000000000000
000000000001000000000010000000000000000000000000000000000000000000000000000000000000000000000000000000000000100100000000000000000000000100000000000000000000000000000000000000000100100010000000000000000000010100000000000000000000000000000000
000000000010100000000101000000000000000001000000000000000000000000000000000000000000000000000000000000000000011000000000000000000000000100000000000011000000000011100000000000000011100100000000000000000000001000000000000000000000000000000000
000000000011000000000010000000000000000001000000000000000000001000000000000000000000000000000000000000000000000000000000000000000000000000000000000011000000000000000000010000000000000100000000000000000000000001000000000001110100000000000000
000000000000000000000000000000000000000001000000000000010000100100000000000000000000110000000000000000000000000000000000000000000000000000000000000000000000001000001000111000000000000000000000000000000000000001000000000000111000000000000000
000000000000000000000000000000000000000000000000000000011000100010010000000000000000110000000000000000000000000000000000000000000000000000000000000000000000001000001001101000000000000000000000000000000000000001000000000000010000000000000000
000000000000000000000000000000000000000000000000000000010111000011101000000000001011110000000000000000000000000000000000000000000000000000000000000000000000001000001000111000000000000000000000000000000000000000000000000000000000000000000000
000000000000000010000000000000000000000000000000000110000010111000000000100000001010000000000000000000000000000000000000000000000000000000000000000000000000000000000000011000000000000000000000000000000000000000000000000000000000000000000000
000000000000000101000000000000000000000000000011000111000001000000001100010000001010000000000000000000000000000000000000000000000000000000000000000000000000000011100000001000000000000110000000000000000000000000000000000000000000000000000000
000000000000001001000000000111000000000000000100010011000001000100001100010000001100000000000000000000000000000000000000000011000110000000000000000000000000000000000000011000000000001001000000000000000000000000000000000000000000000000000000
000000000110000110000000000000000000000000011000010110001010000100000000100000000010000000000000000000000000000000000000000010101011000000000000000000000000000000000000111000000000000110000000000000000000111000000000000000000000000000000000
000000000110000000000000000000000000000000010000011000000110000000010000000000001001000001000000000000000000000000000000000001000001000000010000000000110000000000000000100110000000000000000000000000000001111100000000000000000000000000000000
000000000000000000000000000000000000000000010010001000011010100000100000000000000111000001100000110000000000000000000000000011000110000000011000000000110000000000000000011100000000000000000000000000000011111010000000000000000000000000000000
000000000000000000000000000000000000000000000000011000010111000000100000000000000001000010100001001000000000000000000000000010000010000000101000000000000000000000000000001000000000000000000000000000001100111011000000000000000000000110000000
000000000000000000000000000000000000000000000010000110000010000000011100000000000000000000000000110000000000000000000000000011010101000001010000000000000000000000000000000000000000000000000000000000001101001110000000000000000110000110000000
000000000000000000000000000000000000000000000000000000000000000000000000000000011000000000000000000000000000000000000000000000000011000000000000000000001110000000000000000011000000000000000000000000011000000100000000000000000110000000000000
000000000000000000000000000000000000000000000000000000001100000001000000000000101100000000000000000000000000000000000000000000000010100010100000000000111110000000000000000100100000000000000000000000001001000000000000000000000000000000000000
000000000000000000000000000011000000000000000000000000001000000001100000000001001000000000000000000000000000000000000000000000000011100111000000000001101000000000000000000101000000000000000000000000000111000000000000000000000000000000000000
000000000000000000000000000011000000000000000000000001011000000110001000000000110000000000000000000000000000000000000000000000000101001011110000000000001110000000000000000010000000000001000000000000100000000000000000000000000000000000000000
000000000000000000000001110000000000000000000000000001010000000001000000000000000000001100001000000000000000000000000000000001110001000000010100000000000110000000000000000011000000000001000000000001010000000000000000000000000000000000000000
000000000000000000000000000000000000000000000001110000100000000101000000000000000000000110001000000111000000000000000000000010000000001000100100000010000000000000000000000011000000000001000000000001100000000000000000000000000000000000000000
000000000000000011000000000000000000000000000010110000000011000011110000000000000000010001001001101000100000000000000000000001110110000000000100000001001000000000000000000101100000000000000000000000000000000000000000000000000000000000000000
000000000000000011000000000000000000000000000110101000000011000001011100000011100000001101000001101000100000000000000000000000100000100000100100000111100000000101000000001101000000000000000000000000000000000000000000000000000000000000000000
000000000000000000000000000000001101000000000111000000000001110110000000000000000000000101100001110111000000000000000000000000000000000000110010000111000000001100110000001000000000000000000000000001100000000000000000000000000000000000000000
000000000000000000000000011000001010000000000011100000000000111101100000000000000000000000000000000000000000000000000000000000000000000000010110010011000000001010010000000000100000000000000000000010010000000000000000000000000000000000000000
100000000000000000000000100100000000000000000000000000000000011000100000000000000000000000000000000000000000000000000000000000000000000000010100010100000000000110010000000000100000000000000000000010010000000000000000000000000000000000000001
011000000000000000000000011000000000001000000000011000000000000000000000000000000000000000000000000000000000000000000000000000000000000000010000000110000000000000100000000010011000000000000000000001100000000000000000000000000000000000000011
011000000000000000000000000000010010010000000000011000000001100000000000000000000000000000000000000000000000000000000000000000000000000001001000000110000000000000000000000000010110000000000000000000000000000000000000000000000000000000000101
011000000000000000000000000000001110001010000000000000000001100000000000000000000000000000000000000000000000000000001110000000000000000000001000010000000000000000100000000000001110000000000000000000000000000000000000000000000000000000000100
100000000000000000000000000000000000000000000000000000000000000000000000000000000000000000000000000000000000000000001010000000000000000000001110111000000000000001010000000000000111100000000000000000000000000000000000000000000000000000000011
000000000000000000000000000000000000000000000000000000000000000000000000000000000000000000000000000000000000000000001110000000000000000001111000000000000000000011010000000100101000000000000000000000000000000000000000000000000000000000000001
010000000000000000000000000001000000000000000000010000100000000000000000000000000000000000000000000000000000000000000000000000000000000000000000101100000001000011101000000110101000000000000000000000000000000000000000000000000000000000000000
101000000000000000000000000001111000000000000110010001001000000000000000000000000000000000000000001000000000000000000000000000000000000000000001100000000001000011000110110000000000000000000000000000000000000000000000000000000000000000000000
100100000000000000000000000000000100000101001110001000001000000000000000000100000000000000000000100001000000000000000000000000000000000000000000110100000001000000000000000000000000000000000000000000000000000110000000000000000000000000000000
011000000000000000000000000001110000000000011000101000000000000000000000001010000000000000000000000000000000000000000000000000000000000000000001010000000000000000000110010000000001010000000000000000000000000110000000000000000000000000000000
000000000000000000000000000001000001000000000001110000000000000000000000000110000000000000000010100000000000000000000000000000000000010000000101100000000000000000000100000000000001011000000001000000000000000000000000000000000000000000000000
000000000000000000000000000000101000100111001011011000010100000000000000000000000000000000000110001000000000000000001100000000000000010000000010000000000000000000011000000000000010000010000010100000000000000000000000001100000000000000000000
000000000000000000000000000000101001000000000010010110000110000000000000000000000000000000000000001011000000000000010010000000000000010000000000000000000000000000001001000000000011001001000100100000000000000000000000001100000000000000000000
000000000000000000000000000000000000000000000000000000001100000000000000000000000000000000000011110010000000000000001100000000000000000000000000000000000000000000001110000000000001110101100011000000000000000000000000000000000000000000000000
000000000000000000000000000000000100000000001111100101011000000110000000000000000000000000000011011100000000000000000000000000000000000000000000000000000000000000000000000000000010100101000000000000110000000000000000000000000000000000000000
000000000000000000000000000000000100000000001011000000110000001111000000000000000000000000000001100100000000000000000000000000000000000000000000000010000000000000000000000000000011110110000000000000110000000000000000000000000000000000000000
000000000000000000000100000000000100000000000001000000100000001110100000000000000000000000010000000000000000100000000000000000000000000000000000000101000000000000000000000000000011000100000000000000000000000000000000000000000000000000000000
000000000000000000000100000000001100000000000001000000000000010001110000000011000000000000000001000000000001010000000000000000000000000000000000000101000000000000000000000000000000000000000000000000000000000000000000000000000000000000000000
000000000000000000000100000000000000100001100001000000000001110100100000000011000000000000010000000000000001010000000000000000000000000000000000000010000000000000000000000000000000000000000000000000000000000000000000000000000001100000000000
000000000000000000000000000000000001010001100000000000000010010110100000000000000000000000001011000001000000100000000100000000000000000000000000000000000000000000000000000000000000000000000000000000000000000000000000000000000000010000000000
000000000000000000000000000000000011010000000000000000000010000110000000000000000000000000000000000001100000000000001010000000000000000000000000000000000000011100000000000000000000000000000000010000000000000000000000000000000010001100000000
000000000000000000000000000000000000100000000000000000000010100000000000000000000000001000000000000000000000000000010010001100000000000000000000000000000000000000000000000000000000000000000000010000000000000000000000000000000110100000000000
000000000000111000011000000000000000000000000000000000000110110000000000000000000000100100001101010000000000001110001100010010000000000000000000000000000000000000000000000000000000000000000000010001000000000000000000000000000111100010000000
000000000000000000010100000000000000001100000000000000000001000000000000000000011100100010001000001100000000000000000000010100000000000000000000000000000000000000000000000000000000000000000000000011000000110000000000000000001000000110000000
000000000000000000001000000000000000000110000000000000000000000000000000000000000001000001000110000000000000000001000000001000000000000000000000000000000000000000000000000000000000000000000000000101100000101000000000000000010110100000000000
000000000000000000000000000000000000001000000000000000000000000000000000000000000000100001000000000000000000101110101000000000000000000000000000000000000000000000000000000000000000000001100000000100100000010000000000000000010101000000000000
000000000000000000000000000011000000000000000000000000000000000000000000000000000000110000110000000000000001000110101100000000000000000000000000000000000000000000000000000000000000000010010000001010100000000000000000000000000000011000000000
000000000000000000000000000011001100000000000000000000000000000000000000000000000000001111000100000000000000110011111110000000000000000000000000000000000000000011000000000000000000000010100000000110000000000000000000000000001000100100000000
000000000000000000000000000000000000000000000000000000000000000000000000000000000000000001000000000011111100011110000010100000000000000000000000000000000000000011000000000000000000000001000000001000000000000000000000000000000000001100000000
000000000000000000000000000000001011000000000000000000000000000000000000000000001100000000000100001100001100000100000010010000000000000000000000000000000000000000000000000000000000000000000000000001000000000000000000000000000011011000000000
000000000000000000000000000000000011000000000000000000000000000000100000000000010010000000000000010000010000000000000001100000000000000000000000000000000000000000000000000000000000000000000000000001100010000000000000000000000000000000000000
000000000000000000000000000000000000000000000100000000000000000001010000000000010100000000000000001000100000000000001111000000000000000000000000000000000000000000000000000000000000000000000000000010100101000000000000000000000000000000000000
000000000000000000000000000000000000000000000100000000000000000001010000000000001000000000000000000101100000000000001100000000000000000000000000000000000000000010000000000000000000000000000000000000000101000000000000000000000000000000000000
000000001100000000000000000000000000000000000100000000000000000000100000000000000000000000000000000001000000000000000100000000000000000000000000000000000000000010000100000000000000000000000000000000000010000000000000000000000000000000000000
000000001100000000000000000000000000000000000000000000000000000000000000000000000000000000000000000011000000001110000000000000000000000000000000011100000000000010001010000000000000000000000000000000000000000000000000000000000000000000000000
000000000000000000000000000000000000000000000000000000110000000000000000000000000000000000000000000001100000000100000100010000000000000000000000000000000000000000001001000000000000000000000000000000000000000000000000000000000000000000000000
000000000000000000000000000000000000000000000000000000110000000000000000000000000000000000000000000000000000000100001000010000000000000000000000000000000000000000000110000000000000000000000000000000000000000000000000000000110000000000000000
000000000000110000000000000000000000000000000000000000000000000001000000000000000000000000000000001100000000001110001000110000000000000000000000000000000000000000000000000000000000000000000000000000000000000000000000000000110000000000000000
000000000000110000000000000000010000000000000000000000000000000011000000000000000000000000000000001100000000000000001110000000000000000000000000000000000000000000000000000000000000000000000000000000000000000110000000000000000000000000000000
000000000000000000000000000000101000000000000000000000000000000111110000000000000000000000000000000000000000000000000000000000000000000000000000000000000000000000000000000000000000000000000000000100000000010001100000000000000000000000000000
000000000000000000000000000000101000000000000000000000000001001100111000000011000000000110000000000000000000000000000000010000000000000000000000000000000001100000000000000000000000000000000000001001000000010000000000000000000000000000000000
000000000000000000000000000000010000000000000000000000000010101101011000000010100000001001000000000000000000000010000001000000000000000000000000000000000001100000000000000000000000000000000000000000000000010000010000000000000000000000000000
000000000000000000000000000000000000000000000000000000000000100100000000000001000000001001000000000000000000000010100011000000000000000000000000000000000000000000000010000000000000000000000000000110000000001000100000000000000000000000000000
000000000000000000000000000000000000000000000000000000000100100010000000000000000000000110000000000000000000000010010011000001000000000000000000000000000000000000000010000000000000000000000000000000011100000111000000000000000110000000000000
000000000000000000000000000000000000000000000110000000000101000000000001110000000000000000000000000000000000000001111100011010111000000000000000000000000000000000000010000000000000000000000000000000011000000000000000000000001001000000000000
000000000000000000000000000000000000000000000110000000000010000000000001001000000000000000000000000000000000000000011000000000011000000000000000000000000000000000000000000000000000000000000000000000011000000000000000000000000110000000000000
000000000000000000110000000000000110000000000000000000000000000000000000000101000000000000000000000000000000000000010011100000011000000000000000000000000000000000111000000000000000000000000000000000110000000000000000000000000000000000000000
000000001000000000110000000000101011000000000000000000000000000100000000110101000000000000000000000000000000000000000100100010110100000000000000000000000000000000000000000000000000000000000000000000100000000000000000000000000000000000000000
000000010100000000000000111001111011000000000000000000000000000100000000000111000000000000000000000000000000000000000100001101101100000000000000000010000000000000000000000000000000000000000000000000000000000000000000000000000000000000000000
000000100100000000000000000011000010000000000000000000000000000000000000000000000001100000001000000000000000000000000000000001101100000000000000000100000000000000000000000000000000110000000000000000000000011000000000000000000000000000000000
000000011000001100000000110000110010000000100000000000000000000000000000000000000010010000010100000000000000000000000000000000010000000000000010110101011000000000000000000000000000110000000000001010110000111000000000000000011000000000000000
000000000000001100000000000000010100001010010000000000000000000011000000000000000010010000011000000000000000000000000000000000000000000000000010110001010000000000000000000000000000000000000000001000001000100000000000000000110100000000000000
000000000000000000000000000000000000110001110000000000000000000001110000000000000001100000000000000000000000000000000000000000000000000000000000000111011000000000000000000000000000000001100000000100010000000000000000000001101000000000000000
000000000000000000000000000000000000111000000000011000000000000010001000000000000000000000000000000000000000000001100000000000000000000000000011100010000000000000000000000000000000000010010000000000100000000000000000000011000000000000000000
000000000000000000000000000011000001011000000000011000000000000001010010000100000000000000000000000000000000000001100000000000000000000000000010000100000000000000000000000000000000000001100000000000001100000000000000000000000000000000000000
000000000000000000000000000000000001001100000000000000000000000010001010000100000000000000000000000000000000000001000000000000000000000000000000101000000000000000011100000000000000000000000000000000000010000000000000000000000000000000000000
000000000000000000000000000000000000111000000000000000000000000001101011000100000000000000000000000000000000111000010000000000000000000000000000010000000000000000010100000000000000000000000011000000001100000000000010000000000000000000000000
000000000000000000000000000000000000010000000000000000000000000001100011000000000000000000000000000000000001010100110000000000000000000000000000000000000100000000000101100000000000000001010011000000000000000000000111000000000000000000000000
000000000011000000000000000000000000000000000000000000000000000000110010000000000000000000001100000000111000010110100000000000000000011100000000000000000100000000010001110000000000000001010000110000000000000000001001100000000000000000000000
000000000100100000000000000000000000000000011100000000000000011100011100000000000000000000111100000001111000100100011000000000000000011111100000000000011100000000110000010000000000000001010000110000000000000000011000000000000000000000000000
000100000011000000000000000000000000000000000000000000000000111110001000001100000000000000000011000010000000011000010100000011000000010101100000000000100000000000100100110000000000000011000001000000000000000000010100010000000000000000000000
000100000000000000000000000000000000000000000000000000000000000001000000011100000000000000101000000011010111011000000100000110100000000001000000000001000101110000001001110000000000001011000000000000000000000000001100000000000000000000000000
000100000000000000000000000000000000000000000000000000000000100001000000010010000000000000010111000000011111000000001100001000100000000100100000000000100011100000000111110000000000000101110100000000000000000000000110000100000000100000000000
000000000000000000000000000000000000000000000000000000000000110001100000011010000000000000000010100000010010000000001100000111000000000110110000000000000001000000000000110000000000000111110010000000000000000000000011000111000001010011000000
000000000000000000000000000000000000000000000011000000000000000011100000001100000000000000000011100000001100000000000000000010000000001100100000000000001010000000000011100000000001110100000001000000000000000000000110000100000011010011000000
000000000000000000000000000000000000000000000100100000000001110010000000000000000000000000000001000000000000000000000000000000000000001000000000000000000100000000001011000000000000000100011010000000000000000000001100000000000000100001000000
000000000000000000000000000000000000000000000011000000000000100000000000000000000000000000000000000000000000001110000000000000000000001110000000000000000000000000000100000000000000000100000100000000000000000000010100010000000000000000000000
110000000000000000000000000000000000000000000000000000000000100101000000000000000000000000000000000000000000010010000000000000000000000000000000000000000000000000000000000000000000000000000000000000000000000000011000000000000000000000000000
000000000000000000010000000000000000000000000000000000000001110111000000000000000000000000000000000000000000100010000000000000000000000000000000000000000000000010000000000000000000000010000000000000000000000000001001100000000000000000000001
110000000000000001101100000110000000000000000000000000000000001000100000000000000000000000000000000000000000100000000000000000000000000000111000000000000000000010000001100000000000000001001000000000000000000000000111000000000000000000101000
000000000000000011010000000110000000000000000000000000000001101001000000000000000000000000000000000000000000100010000000000000000000000001000100000000000000000000000010000100000000000000010000000000000000000000000010000000000000000001101000
000000011000000001100000000000000000000000000010000000000000010000000000000000000000000000000000000000000000010010000000000000000000000010000010000000000000000000011101000100000000000000000000000000000000000000000000000000000000000011111000
011000011000000000000000000000000000000000000011000000000000001110000000000000000000000000000000000000000000001110000000000000000000000001000100000000000000000000010000110100000000000000000000000000000000000000000000000000000000000110000000
101000000000000000000000000000000000000000000101000011000000001100000000000000000000000100000000000000000000000000000000000000000000000000111000000000000000000000010000000000000000000000000000000000000000000000000000000000000000011011000000
110000000000000000000000000000000000000000000000000100100000000000000001000000000000001010000000000101000000000000000110000000000000000000000000000000000000000000001111101000000000000000000000000000000000000000000000000000000000010011000111
100000000000000000000000000000000000000000000000000011000000000000000110110000000000001010000000001100010000000000001011000000000000000000000000000000000000000000100011101100000000000000000000000000000000000000000000000000000000000011000101
000000000000000000000000000000000000000000000000000000000000000000000110110000000000001100000000010000100000000000001111100000000000000000000000000000000000000001111000000010000000000000000000000000000000000000000000000000000001101100000111
000000000000000000000000000000000000000000000000000000000000000000000000000000000000000000000000010010000000000000000111000000000000000000000000000000000000000011000011100011000000000000000000000000000000000000000000000000000001100000000000
000011000000000000000000000000000000000000000000000000000000000000000000000000000000000001100110011000000000000000000010000000000000100011100000000000000000000011001100000110000000000000000000000000000000000000000000000000000000100000010000
000011000000000000000000000001110000000000000000000000000000000000000000000000000000000010001100001000000000000000000000000000000000100000000000000000000000000000010100100000000000000000000000110000000000000000000000000000000000000000101100
000000000000000000000000000000000000000000000000000000000000000000000000000000000011011010001000001000000000000000000000000000000000100000000000000000000000000000100000000000000000000000000001001000110000000000000000000000000000000001000100
000000000000000000000000000100000100000000000000000000000000000000000000000000000011011001000000001100110000000000000000000000000000000000000000000000000000000000010100000000000000000000000000110000110000000000000000000000000000000011011010
000000000000000000000000000100000100000000000000000000000000000000000000000000110010001001000100001000010000000000000000000000000000000000000000000000000000000000001100000000000000000000000000000000000000000000000000000000000000000011010110
000000001110000000000000000100000100000000000000000000000000000000000000000000110011101010010111000100100000000000000000000000000000000000000000000000000000000000000100000000000000000000000000000000000000000000000000000000000000000110000010
000000000000000011000000000000000000000000000000000000000000001110000000000000000100001011000110111010100000110000000000000000000000100000000000000000000000000000000000000000000000000000000000000000000000000000000000000000000000000010100000
000000000000000011000000000001110000000000000000000000000000000000000000000000000011110111000001110000100000110000000000000000000001110000000000000000000000000000000000000000000000000000000000000000000000000000000000000000000000000110000000
000000000000000000000000000000000000000000000000010000000000000000000000000000000000000000000000010000100000000000000000000000000011011000000000000000000000000000000000000011000000000000000100000000000000000000000000000000000000001000011100
000000000000000000000000000000000000000000010101010000000000000000000000000000000000001110000111000000111000000000000000000000000001110000000000000000000000000000000000000011110100000000001010000000000000000000000000000000000000000000010100
000000000000000000000000000000000000000000011001100000000000000001100000000000000000001100000000110000000000000000000000000000000000100000000000000000000000000000000000000010000100000000001001000000000000000000000000000000000000000001111100
000000000000000000000000000000000000000000001000011000000000000001100000000000000000001100001010110000000000000000000000000000000000000000000000000000000000000000000000110011010000000000000110000000000000000000000000000000000000000001101100
000000000000000000000000000000000000000000001100011000000000000000010000000000000000000000000011000000000000000000000000000000000000000000000000000000000000000000000001000110000000000000000000001010000000000000000000000000000000000001000000
000000000000000000000000000000000000000000011000000000000000000001100000000000000000000011000000000000000000000000000000000000000000000000000000000000000000000000000000101111000000000000000000000000000000000000000011011100000000000000000000
000000000000000000000000000000000000000000010000000000000000000001100000000000000000000011000000000000000000000000000001100000000000000000000000000000000000000000000000010000000000000110000000010010000000000000000001010001000000000000000000
000000000000000000000000000000000000000000000000000000000000000000000000000000000000000011000000000000000000000000000001100000000000000000000000000000000000000000000000000000000000001001000000010010000000000000001001000001000000000000000000
000000000000000000000000000000000000000000000011100000000000000000000000000000000000000110000000000000000000000000000000000000000000000000000000000000000000000000000000000000000000000110000000001010000000000000001000110000100000000000000000
000000000000000000111000000000000000000000000010100000000000000000000000000000000000001110000000000000000001100000000000000000000000000011000000000000000000000000000000000000000000000000000000001000000000000000001001000001000000000000000000
000000000000000001001010110000000000000000000010100000000000000000000000000000000000000110000000000000000001100000000000000000000000000011000000000000001100000000000000000000000000000000001100000000111010001000000001010001000000000000000000
000000000001100000000010101000000000000000000001000000000000000000000000000000000000000000000000000000000000000000000000000000000000000000000000000000010010000000000000000000000000000000010100000000000000110110000011011100000000000000000000
000000000001100010010111101000000000000000000000000000000000000000000000000000000000000000000000000000000000000000000000000000000000000000000000000000001100000000011000000000000001100000011000000001100001000000000000000000000000000000000000
001000000000000001011000010000000000000000000111000000000000000000000000000000000000000000000000000000000000000000000000000000000000000000000000000000000000000000000010000000000001100000000000000000010001010001000000000000000000000000000000
001000000000000000100000000000000000000000000000000000000000000000000000000000000001111110000000000000000000000000000000000000000000000000000000000000000000000000000100000000000000000000000000000000000110010000000000000000000000000000000000
001000000000000000000000000000000000000000000000000000000000000000000001000000000001110000000000000000000000000000000000000000000000000000000000000000000000000000000000000000000000000000000010000000001100000011000000000000000011100000000000
000000000000000000000000000000000000000000000000010000000000000000000001000000000001110000000000000000000000000000000000000000000011000010000000000000000000000000000000000000000000000000000110000000000100111000000000000000000000000000010110
000000000001110000000000000000000000000000000000101000000000000000000001000000000001001000000000000000000000000000000000000111000010100001000000000000000000000000000000000000000011000000000001000000000011010000000000000000000000000001100110
000000000000000000000000000000000000010110000001000100000000000000000000000000000001011000000000000000000000000000000000000000000001000010000001110000000000000000000000000000000100100000001110000000000001100000000000000000000000000010111011
000000000000000001000000000000000000100110011100101000000000000000000000000000000011000000000000000000010000000000000000000000000000000000000000000000000000000000000000000000000101000000001100000000000000000011100000000000000000000111000001
000000000000000001001000000000000000100000011000010000110000000000000000000000010110110000000000000000010000000000000000000000000000000100000000000000000000000000000000000000000010000000000000000000000000000010010000000000000000000000000000
000000000000000001000000000000000000110000110000000000110000000000000000000000010110110000000000000000010000000000000000000000000000000100000000000000000000000000000000000000000000000000000111000000110000000000001000000000000000000000000000
000000000000000001000000000000000000001000000000000000000000000000000000000000011011100000110110000000000000110000000000000000000000000000000000000000000000000000000000000000000000000001100100100000110000000010010000000000000000000000000000
000000000000000001010000000000000000000011000000000000000000000000000000000000000001000000110000000000000000110000000000000000000000000000000000000000000000000000000000000000000000000000000011000000000000000011100000000010000000000000000000
000000000000000001100000000000000000000000001000000000010000000000000000000000000000000001010010100000000000000000000100000000000000000000000000000000000000000000000000000000000000000100000000000100000000010000000000000101000000000000000000
000000000000000000000000000000000000000000001000000000001100000000000000000000000000001001110000100000000000000000000100000000000000000000000000000000000000000000000100000000000000000101000000000010000000101000000000000101000000000000000000
000000000000000000000000000000000000110000001000000000000000000000000000000000000000001000100001000000000000001110000100000000000000000000000000000000100000000000000100000000000000000010000000000010110000000000000000000010000000000000000000
000000000000000000000000000000000001001000000000000000000000000000000000000000000000001000100010000000000000000000000000000000000000000000000000000001010000000000000100000000000001000000000000000000000000000000000000000000000000000000000000
000000000000000001100000000000000001010011100011100000000000100000000000000000000000000000011100000000000000000000000000000000000000000000000000000001010000000000000000000000110010100000000000100011000000000000000000000000000000000000000000
000000000000000010100000000000000000100000000000000000100000011000000000000000000000000000010000000000000000000000000000000000000000000000000000000000100000000000000000000000110010100000000000010001100000101000000000000000000000000000000000
000000000000000011000000000000000000000000001000000000100000010000000000000001000000000000110000000000000000000000000000000001100000000000000000000000000000000000000001000000000001000000000000010100100000010000000000000000000000000000000000
000000000000000000000000001100000000000000001000000001010010000011100000000010100000000000110000000000000000000000000011000010110100000000000000011000000011000000000010100000000000000000000000001100011000000000000000000000000000000000000000
000000000000000000000000010100000000000000001000000001100001001000100000000001100000000000000000000000000000011000000011000010101010000110000000100100000100100000000010100000000000000000000000001100110000000000000000000000000000000000000000
000000000000000000000000000100000000000000000000000010000000000001100000000000000000000000000000000000000000011000000000000110100010000110000000011000000011000000000001000000000000000000000000001001000000000000000000000000000000000000000000
000000000001100000000000000000000000000000000000000000110000010010000000000000000000000000000000000000000000000000000000000010000010000000000000000000000000000000000000000001100000000000000000010000000000000000000000000000000000000000000000
000000000001100000000000000000000000000000000000000000010000000110000000000000000000000000000000000000000000000000000000000001000101000000000000000000100000000100000000000001100000000000001110100010000000000000000000000000000000000000001100
000000000000000000000000000000000000000000000000000001110000000000000000000000000000000000000000000000000000000000000000000000101111100000000000000001010000001000000000000000000001000000000000000000000000000000000000000000000000000000001100
000000000000000000000000000000000000000000000000000000000000000000000000000000000000000000000000010000000000000000000000000000000010110000000000000001011000100010000000000000000010100000000001000100000000000000000000000000000000000000000000
000000000000000000000000000000000000000000000000000000000000000000000000000000000001000000000001111100100000001100000000000000000000000000000000000000011001000010000000000000000001100000000001001000000000000000000000000000000000000000000000
000000000000000000000000000000000000000000000110000000000000000000000000001100000001000000000111000101010000010010000000000000000000000000000000000000000010001000000000000000000000000000000000110000000000000000000000000000010000000000000000
000000000000000000000000000000000000000000001001000000000000000000000000001100000001000000000100110110000000001100001001000000000000000000000000000000011011100000000000000000000000000000000000000000000000000000000000000010000100000000000000
000000000000000000000000000000000000000000001101000000000000000000000000000000000000000000001011100001110000000000010000100000000000000000000000000000001000000110000000000000000000000000000000000000000000000000000000000010000010000000000000
000000000110000000000000000000000000000000000011100000000000000000000000000000000000000000000000000101000000000000001000100000000000000000000000000000000000000110000000000000000000000000000000000000000000000000000000000010000000000000000000
000000000011000000000000000000100000000000000001110000000111000000000000000000000000000000000000000101011100000000001000000000000000000011100000000000000000000110000000110000000000000000000000000000000000000000000000000000100100000000000000
000000000110000000000000000000100000000000110000000000000111000110000000000000000000000000000000001001000000000000001001000000000000000000000000000000000000000000000000110000000000000000000000000000000000000000000000000000111000000000000000
000000011100000000000000000000110000000000111000000000000100000111000000000000000000000000000000000110010100000000000110000000000000000000000000000000000000000000000000000000000000000000000000000011000000000000000000000000000000000001100000
000000010000100001100000000000000000000000000000000000000111100110000000000000000000000000000000000101001000000000000000000000000000000000000000000000000000000000000000000000000000000000000000000011000000000000000000000000000000000010010000
000000010001010110111100011011010000000000000110000000001110100000000000000011000000000000000000000001000000000110000000000000000000000000000000000000000000000000000011000000000000000000000000000000000000000000000000000000000000000001100000
000000000001100110100001101110100000000000110010000000010100000000000000000010100000000000000000000001001100001001000100000000000000000000000000000000000000000000000100100000000000000000000000000000000000000000000000000000000000000000000000
000000000000000000001000101000100000000001110001000000001000000000000000000001000000000000000000000000000110001101100100001000000000000000000000000000000000000000000011000000000000000000000000000000000000000000000000000000000000000000000000
000000100000000010000010011101110000000001000010000000000000000000000000000000000000000000000000000000000000000100100000011100000000100000000000000000000000000000000000001000000000000000000000000000000000000000000000000000000000000000000000
000000100000000000101000001111101000000000111100000000000000000000000000000000000000000000000000000011000000000010000000111110000000100000000000000000000000000000000000010100000000000000000000000000000000000000000000000000000000000000000000
000000100000000000000000001010001100000000010000000000000000000000000000000000000110000000000000000100100000000010000001100011000000100000000000000000000000000000000000010100000000000000000000000000000000000000000000000000000001100000000000
000000000000000000000000101100000000000000000000000000001000000000000000000000001001000000000000000110100000000001010000111110000000000000000000000000000000000000000000001000010000000000000000000000000000000000000000000000000010010000000000
000000000000000000011000010000000100000000000000000000001000000000010000000000000110000000000000000010010110001000100000011100000000000000000000000000000000000000000000000000101000000000000000000000000000000000000000000000000001100000000000
000000000000000000100010000010010110000000000000000000001000000001101100010000000000000000000000000001000010101000000000001000000000000000000000000000000000000000000000000000010000000000000000000000000000000000000000000000000000000000000000
000000000000000000011100000001000010000000000000000000000000000000010000000000000000000000000000000000010010101000000000000000000000000000000000000000000000000000000000000000000000000000000000000000000000000000000000000000000000000000000000
000000000000000000001000000000000100000000000000000011100011100000000000000000000000000000000000000000001100000000000000000000011000000000000000000000000000000000000000000000000000000000000000000000000000000000000000000000100000000000000000
000000000100000000000000000001001000000000000000000000000000000000000000000000000000000000000000000000000000000000000000000000011000000000000000000000000000000000000000000000000000000000000000000000000000000000000000000001010000000000000000
000000000001010000000000000001010000000000000000000000001000000000000000000000000000000000000000000000000000000000000000000000000000000000000000000000000000000000000000000000000000000000000000000000000000000000000000011100010000000000000000
000000000010000000000000000010100000000000000000000000001000000000000000000000000000000000000000000000110001100000000000000000000000000000000000000000000000000000000000000000000000000000000000011100000000000000000000111100000000000000000000
000000000001000000001000000010000000000000000000000000001000000000000000000000000000000010000000000001000100010000000000000000000000000000000000000000000000000000000000000000000000000000000000000000000000000000000001000001000000000001100000
000000000001010000111100000010000000000000000000000000000000000000000000000000000000000100100000000000100000000000000001100000000000000000000000000000000000000000000000000000000000000000000000100010000000000000000000111100000000000011111000
000000000000000000000011000000000000000000000000011100000000000000000000000000000000000100100000000000010000110000000110010000000000000000000000000000000000000000000000000000000000000000000001100011000000000000000000011000000000000010000100
000000000000000001000110110000000100000000000000001110000000000000000000000000000000000001000000000000001110000000001010110000000000000000000000000000000111000000000000000010000000000000000001111101000000000000000000000000000000000011100100
000000000000000001000001101111110110000000000000000000000000000000000000000000000000100000000000000000000000010000000101101100000000000000001010000000000100100000000000000111000000000000000001000101110001000000000000000000000000000001001100
000000000000000000101000110000100101000000000000000000000000000000000000000000000001010000000000000000000000110000000111001100000000000000011010000000001000100000000000001111100000000000000000111101000011000000000000000000000000000000110000
000000000000000010101100000001110011100000000000000000000100000000000000000000000001010000000000000000000000100000000110000100000000000000000000000000010010000000000000010000010000000000000000001101111101100000000000100000000000000000000000
000000000000000010110000000000011101000000000000000000000100000000000000000000000000100000000000000000000000000000000111000000000000000000101100000000001110000000000000110000010001110000001001000110000000000000000000100000000000000000000000
000000000000000001000000011000001110000000000000000000001000000000000111000000000000000000000000000000000000000000000111000110000000000000100011000000000100000000000001110110010001001000000000100010000011010000000000100000000000000000000000
000000000000000000000000000000000100000000000000000000000110000000000000000000000000000000000000110000000000000000000110111100000000000001000000110000000000000000000000110010000001010000001000000010000000000000000000000000000000000000000000
000000000000000000000000000000000000000000000000000000001010000000000000000000000000000000000000000000000000000000000010111100000000000000100010100000000000000000000000010000000000000000000001100000110100000000000000000000011000000000000000
000000000000000000000000000000000000000000000000000000001000000000000000000000000000000000000001110011000000000000000011010000000000000000010000001100000000000000000000001100000000000000000000000000110010001000000000000000011000000000000000
000000000000000000000000000000000000000111000000000000000000000000000000000000000000000000000001110011100000000000000000000000000000000000000000000000000000000000000000000111000000000001000000000000010000011000000000000000000000000000000000
000000001100000001000011000000000000000000000000000000100000000000000000000000000000000000000000000000100000110000000000000000000000000000000000000000001100000000000000000010000000000001000000000000001000110000000000000000000000000000000000
000000001100000001000100100000000000000000000000000000101000000111000000000000000000000000000000000011100001001000000000000000000000000000000000000000000010000000000000000000000000000000000110000000000000100000000000000000000000001110000000
000000000000000001000011000000000000000000000000000000000000011001000000000000000000000000000000001001000000110000000000000001100000000000000000011010010010000000000000000000000000000000001001000000000000000000000000000000000000011100000000
000000000000000000000000000000000000000000000000000000000000001110000010000000000000000000000000001110000000000000000000000010100000000000000000010010001100000000001100000000000000010000001010000000000000000000000000000000000000000000000000
000000000000000000000000000000000000000000000000000000000000000100000101000000000000000000000000000100000000000000000000000011000000000000000110001110000000000000001010000001110000111000000100000000000000000000000000000000000000000000000000
000000000000000000000000000000000000000000000000000000000000000000000101000000000000000000000000000000000000000000000000001100000000000000000110000000000000000000000100000000000001111100000000000000000000000000000000000000000000000000000000
000000000000000000000000000000000000000000000111000000000000000000000100000000000000000000000000100000000000000000000000010100011000000000000000000000000000000000000000000000000010100000000000000000110000000000000000000000000000000000011000
000000000000000000000000001100000000000000000100000000000000000000000100000000000011100000000001110000000000000000000000011000011000000000000000000000000000000000000000000000000001111100000000000000100000000000000000000000000000000000011000
000000000000000000000000001100000000000000000110000000000000000000001100000000000000000000000010000100000000000000000000000000000000000000000000000000000000000000000000000000000000111000000000000000010000000000000000000000000000000000000000
000000000000000000000000000000000011000000000001000000000000000000011000000000001010000000000111000000100000000000000000000000000000110000000000000000000000000000000000000000000000001000000000000000001000000000000000000000111000001000000000
000000000000000000000000000000000011000000000000000000000000000001001000000000111100000001000100000000100000000000000000000000000001001000000000000000000000000000000000000000000000000000000000000001101100000000000000000001000100011100000000
000000000000000000000000000000000011000000000000000000000000000000001000000001000001000001000100000100000000000000001100000000000001001000000000000000000000000000000000000000000000110000000000000000000100000000000000000001000100100110000000
000000000000000000000000000000000000000000000000000000000000000001111001110010000001100001000100010011100000000000010010000000000000110000000000000000000000000000000000000000000000111000000000000000000001000000000000000000000100000000000000
000000000000000000000000000000011000000000011000000000000000000000001111110100010111100000000000000010100000000000001100000000000000000000000000000000000000000000000000000000000000000000000000000010000001000000000000000000000000000000000000
000000000000000000000000000000010100000000100100000000000000000000000010110111011001100000000001000011000000000000000000000000000000000000000111000000110000000000000000000000000000000000000000000011000011000000000000000000000000000000000000
000000000000000000000000000000000100000000011000000000000000000000001110011100000001000000000110000000000000000000000000000000000000000000000100100000110000000000000000000000000000000000000000000001110000000000000000000000010000011000001111
100000000000000000000000000000010100000000000000000000000000000000001100000000000010010000000000000000000000000000000000000000000000000000000101100000000000000000000000000000000000000000000000000000100000000000000000000000001000010000011101
100000000000000000000000010000011000000000000000000000001100000000000100000000000000001000000000000000000000000000000000000000000000000000011000000000000000010000000001110000000000000000000000000011100000000000000000000000000111100000011001
011000000000000000000000011000000000000000000001100000010100000000000100001111001001001000000000000000000000000000000000000000000000010000011000000000001101011000000001001000000000000000000000001000010000000000000000000000000001000000000000
011100000000000000000000100100000000000000000001100000001000000000000000001100000001000100000000000000000000000000000000000000000000101000100100000000001101010000000010000100000000000000000000010000010000000000000000000000000000000000000000
000100000000000000000000010100000000000000000000000000000000000000000000110000010001000000000001110000000000000000000000000000000000101000011000000000000000100000000011100010000000000000000000010001000000000000000000000000000000000000000100
001100000000000000000000011000000000000000000000000000000000000000000001100000000011000110000000000000000000000000000000000000000000010000000000000000000000000000000000110011000000000000000000000110101000000000000000000000000000000000000010
011100000000000111000000000000000000000000000000000000000000000000000001100000001011000010000000000000000000000000000000000000000000000000000000011000000000000000000000010110100000000000000000000000001110000000000000000000000000000000000000
011000000000000000000000000000000000000000000000000000000000000000000000000010001011000100000000000000000000000001100000000000000000000000000000011000000000000000000011010111010000000000110000011100001010000000000000000000000000000000011000
000000000000010000000000000000111000000000000000000000000000000000000000000000000100001000000000000000000000000001100000000000000000000000000000000000000000000000000100011101011000000000110000001000000010000000000000000000000000000000011000
000000000000101000000000000000000000000000000000001000000000110000000000000001000010011001000000000000000000000000000000000000000000000000000000000000000000000000000010111000010000000010100000000000001110000000000000000000000000000000000000
000000000000101000000000000000000000000000000000010100000000110000000000000000010010000100100000000000000000000000000000000000110000000000000000110000000000000000111000010100010000000001000000000000000000000000000000000000000000000000000000
000000000000010000000000000000000000000000000000010100000000000000000000000000001111100000100000000000000000000001000000000000110000000000000000110000000000000001111100100001000000000000000000000000000000000000000000000000000000000000000000
000000000000000011000000000000000010000000000000001000000000000000000000000000000001100010000000000000000000000001000000000000000000000000000000000000000000000010000000100000000000000000000000000000000000000000000000000000000000000000000000
000000000000000011000000000110000101000000000000000000000000000000000000111000000000100100000000000000010000000001000000000000000000000000000000000000000000000001100001000000000000000000000000000000000000000000000000000000000000000000000000
000000000000000000000011000101000110000000000000000000000000000000000000000000000000000111000000000000101000000000000000000000000000000000000000000000000000011000100000100000000000000000000000000000000000000000000000000000000000000000000000
000000000000000000000011000010000000000000000000000000000000000000000000000000000000000000000000000000011101000000000000000000000000000000000000000000000000011000001100100000000000000000000000000000000000000000000000000000000000000000000000
000000000000000000000000000000000000000000000000000000000000000000000000000000000000000000000000000000000001100000000000000000000000000000000000000000000000000000000101100000000000000000000000000000000000000000000000000000000000000000000000
100000000000000000000000000000000000000000000000000000000000000000000000000000000000000000000000000000000001010000000000000000000000000000000000000000000000000000000011000000000000000000000000000000000000000000000000000000000000000000000011
000000000000000000000000000000000000000000000000000000000000000000000011000000000000000000000000000000001011010000000000000000000000000000000000000000000000000000000000001100000000000000000000000000000000000000000000000000000000000000000000
000000000000000000000000000000000000000000000000000000000000000000000011000000000000000000000000000000001011101100000000000000000000000100000000000000000000000000000000001100000000000000000000000000000000000000000000000000000000000000000000
000000000000000000000000000000000000000000000000000000000000000000000000000000000000000000000000000000001101011010000000000000000000001010000000000000000000000000000000010000001000000000000000000000000000000000000000000000000000000000000000
000000000000000000000000000000000000000000000000000000000000000000000000000000000000000000001110000000000000000011000000000000000000001010000000000000000000000000000000010100001000110000000000000000000000000000000000000000000000000000000000
000000101000000000000000000001111001000000000000000000000000000000000000000000000000000000000000000000000000001010000000000000000000000100000000000000000000000000000000000100000000001000000000000000000000000001110000010000000000000000000000
000000011000000000000000000011111001000000000000000001000000000000000000000000000000000000000000000000000000001100000000000000000000000000000000000000000000000000000000000000001001001000000000000000000000101111111000110000000000000000000000
000000010000000000000000000011000010000000000000000010100000000000000000000011100000000000000000000000000000000000000000000000000011000000011000000000000000000000000000000000100001011000000000000000000000101010010101101000000000000000000000
011000000000000000000000000000001000000000000000000010100000000000000000000000100000000000000000000000000000000000000000000000000100100000100100000000000000000000000000000001011100000000000000000000000000011100111100100000000000000000000000
011000000000000000000010010000110000000000000000000001000000000011100000011000000000000000000000000000000000000000000000000000000011000000011000000000000000000000000000000001010000000000000000000000000000000100001100001100000000000000000000