000000000000000000000010000001110000000000000000000000000000001101000110000000000000000000000000000000000000000000000000000000000000000000000000000000000000000000000001000000000000000000000000000000000000000000110010000011000000000000000000
000000000000000000000010000001100000000000000000000000000000000001010110100001000000000000000000000000000000000000000000000000000000000100000000000000000000000000000010100000000000010000010000000000000000000010100010000101000000000000000000
000000000000000000000000000000000000000000000000000000000000010001110000011110011000000000000000000000000000000000000000000000000000001010000000000000000000000000000010010000000000101000010000000000000000000011100010110110000000000000000000
000000000000000000000000000000000000000000000000000000000000000000100000001011010000000000000000000000000000000000000000000000000000001010000000000000000000000000000001100000000000010000010000000000000000000011100001000000000000000000000000
000000000000000000000000000000000000000000000000000000000000001110000000000000000000000000000000000000000000000000000000000000000000000100000000000000000000000000000000000000000000000000000000000000000000000000000000000000000000000000001100
000110000000000000000000000000000000000000000000000000000000001001000100000000000000000000000000000000000000000000000000000011000000000000000000000000000000000000000000000000000010000000000000000000000011000000000010000000000000000000010100
000110000000000000000000000000000000000000000000000000000000001001100010000000000000000000000000000000000000000000000000000011000000000000000000000000000000000000000000000000000111000000000000000000000100100000000101000001000110000000011000
000000000000000000000000000000000000000000000000000000000000001010010010000000000000000000000000000000000000000000000000000000000000000000000000000000000000000000000000000000000100100000000000000000000011000000000000000001000110110000000000
000000000000000000000000000000000000000000000000000000000000000000000000000000001100000000000000000000000000000000000000000000000011000000000000000000000000000000000000000000000010100000000000000000000000000000110110000110111000110000000000
000000000000000000000000000000000000000000000000000000000000000010001001000000010010000000000000000000000000000000000000000000000011000000000000000000000000000000000000000000000011100000000000000000000000000000100100001110000110001000000000
000000000000000000000000000000000000000000001100000000000000000101001001000000010100000000000000000000000000000000000000000000000000000000000000000000000110000000000000000000000000000000000000000000000000000000011000010100000110110000000000
000000000000000000000000000000000000000000001100000000000000000100010001000000001000000000000000000000000000000000000000000000000000000000000000000000000110000000000000000000000000001100000000000000000000001000000000000000000000110000000000
000000000000000000000000000000000000000000000000000000000000000010000010000000000000000000000000000000000000011000000000000000000000000100000000000000000000000000000000000000000000010100000000000000000000010100000000000000000000000000000000
000000000001000000000010000000000000000000000000000000000000000001000100000000000000000000000000000000000000100100000000000000000000000100000000000000000000000000000000010000000000110100000000000000000000010100000000000000000000000000000000
000000000010100000000101000000000000000001000000000000000000000000111000000000000000000000000000000000000000011000000000000000000000000100000000000011000000000011100001111000000110000110000000000000000000001000000000000000000000000000000000
000000000011000000000010000000000000000001000000000000100000000000000000000000000000000000000000000000000000000000000000000000000000000000000000000011000000000000000011101000000100011000000000000000000000000001000000000001100000000000000000
000000000000000000000000000000000000000001000000000000100000000110000000000000000000010000000000000000000000000000000000000000000000000000000000000000000000001000001111000000000011000000000000000000000000000001000000000001011000000000000000
000000000000000000000000000000000000000000000000000000100000000010000000000000000110001000000000000000000000000000000000000000000000000000000000000000000000001000001001000000000000000000000000000000000000000001000000000000001000000000000000
000000000000000000000000000000000000000000000000000000010000000001000000000000001000010000000000000000000000000000000000000000000000000000000000000000000000001000001111000000000000000000000000000000000000000000000000000000111000000000000000
000000000000000010000000000000000000000000000010000000010001010010000000100000000000000000000000000000000000000000000000000000000000000000000000000000000000000000000011000000000000000000000000000000000000000000000000000000000000000000000000
000000000000000101000000000000000000000000001101000100000001011100000011010000011011000000000000000000000000000000000000000000000011000000000000000000000000000011100000101010000000000110000000000000000000000000000000000000000000000000000000
000000000000001001000000000111000000000000000001000011001001010000011111010000000000000000000000000000000000000000000000000111000010000000000000000000000000000000000000100100000000001001000000000000000000000000000000000000000000000000000000
000000000110000110000000000000000000000000100100000000110000000000100100100000000000000000100000000000000000000000000000000000000000000000001000000000000000000000000000000100000000000110000000000000000010000000000000000000000000000000000000
000000000110000000000000000000000000000000111000000000101001000000100000000000000000000000110000000000000000000000000000001000000000000000111100000000110000000000000000001000000000000000000000000000000010000011000000000000000000000000000000
000000000000000000000000000000000000000000110000011001101001000001101100000000000000000001010000110000000000000000000000001000000000111001000010000000110000000000000000000000000000000000000000000000000010000010100000000000000000000000000000
000000000000000000000000000000000000000000000000100000010010000000000000000000000110100000000001001000000000000000000000000101000000111010111100000000000000000000000000000000000000000000000000000000000000000010110000000000000000000110000000
000000000000000000000000000000000000000000000000101000000011000001100010000000010011000000000000110000000000000000000000000010000000111010111000000000000000000000000000010000000000000000000000000000000011101111100000000000000110000110000000
000000000000000000000000000000000000000000000000011000001010000001100000000000100001000000000000000000000000000000000000000000000000000111000000000000000000000000000000011101100000000000000000000000000011101001000000000000000110000000000000
000000000000000000000000000000000000000000000000000000001110000011001100000000100010000000000000000000000000000000000000000000001100110000011000000001100100000000000000001101000000000000000000000000110011001110000000000000000000000000000000
000000000000000000000000000011000000000000000000000000010110000110110000000001000010000000000000000000000000000000000000000000001100000000011100000001010100000000000000001110000000000000000000000001110001100000000000000000000000000000000000
000000000000000000000000000011000000000000000000000000011100000100100000000000100100000100000000000000000000000000000000000000110100000000100100000001110000000000000000000000000000000001000000000001110001100000000000000000000000000000000000
000000000000000000000001110000000000000000000000000000011000000111000000000000110000011010000000000000000000000000000000000010000000000000111110000000010000000000000000000000000000000001000000000001010010000000000000000000000000000000000000
000000000000000000000000000000000000000000000001010000000000000000000000000000000000000010001011000111000000000000000000000110100100000000000111000000000000000100000000000000000000000001000000000001100000000000000000000000000000000000000000
000000000000000011000000000000000000000000000000000000000000000000000000000000000000100110001011000110000000000000000000000010001000000000000100100000000000001110000000001100000000000000000000000000000000000000000000000000000000000000000000
000000000000000011000000000000000100000000000000001000000000000000000000000011100000010110001011000000000000000000000000000010010000000000000100000000000000010010000000001000100000000000000000000000000000000000000000000000000000000000000000
000000000000000000000000000000000100000000000000111000000011000000000000000000000000001000100000001110000000000000000000000001110000000000000000000000000000110100011100000000100000000000000000000001100000000000000000000000000000000000000000
100000000000000000000000011000000000000000000000010000000001000010100000000000000000000000000000110110000000000000000000000000000000000000000100100000000000010101100100001000011000000000000000000010010000000000000000000000000000000000000000
001000000000000000000000100100000000000000000000111000000000000010100000000000000000000000000000001000000000000000000000000000000000000000000101001100000000000000000100000000011100000000000000000010010000000000000000000000000000000000000011
001100000000000000000000011000000000001000000000000000000000010011100000000000000000000000000000000000000000000000000100000000000000000000000110010010000000000000001000000001000110000000000000000001100000000000000000000000000000000000000000
001110000000000000000000000000000000001000000000000000000000000000000000000000000000000000000000000000000000000000001110000000000000000000000000100011000000000010000000000000101110000000000000000000000000000000000000000000000000000000000011
100100000000000000000000000000011011001000000000000000000000000000000000000000000000000000000000000000000000000000010101000000000000000000100000011100000000000000011000000000100111000000000000000000000000000000000000000000000000000000000110
111000000000000000000000000000001011000000000000000000000000000000000000000000000000000000000000000000000000000000111011100000000000000001010000000000000000000010000000000001100100000000000000000000000000000000000000000000000000000000000100
001000000000000000000000000000010100000000000000000000000000000000000000000000000000000000000000000000000000000000010101000000000000000001011000000000000000000011010100000000000011000000000000000000000000000000000000000000000000000000000011
110000000000000000000000000000100000000000000110111000000000000000000000000000000000000000000000000000000000000000001110000000000000000000100100000000000001000000100110001000100000000000000000000000000000000000000000000000000000000000000001
001000000000000000000000000000000000000000000000111100000000000000000000000000000000000000000000000000000000000000000100000000000000000000001010000000000001000000001110011011000000000000000000000000000000000000000000000000000000000000000001
100100000000000000000000000000011000000000001100000100000000000000000000000100000000000000000000000000000000000000000000000000000000000000000001001000000001000000000100101010000000010000000000000000000000000110000000000000000000000000000001
111000000000000000000000000011100000000000110000111000000000000000000000001010000000000000000000000000000000000000000000000000000000000000000000111000000000000000000011000000000000001000000000000000000000000110000000000000000000000000000000
000000000000000000000000000011000000000010110000100100000110000000000000000110000000000000000000001110000000000000000000000000000000010000000010011000000000000000000001000000000100010000000001000000000000000000000000000000000000000000000000
000000000000000000000000000000000000000110000010101100001001000000000000000000000000000000000000011010000000000000001100000000000000010000000001100000000000000000000000000000000100100011100010100000000000000000000000001100000000000000000000
000000000000000000000000000000000000000000000100101010000011100000000000000000000000000000000000110001000000000000010010000000000000010000000001100000000000000000011100000000000000000011100100100000000000000000000000001100000000000000000000
000000000000000000000000000000000000000000000000001110000011000000000000000000000000000000000001100110000000000000001100000000000000000000000000000000000000000000000011000000000000000110010011000000000000000000000000000000000000000000000000
000000000000000000000000000000000000000000000100001100000010000000000000000000000000000000000000000110000000000000000000000000000000000000000000000000000000000000011011000000000000011101010000000000110000000000000000000000000000000000000000
000000000000000000000000000000001110000000000000000000010100000000000000000000000000000000000100110000000000000000000000000000000000000000000000000010000000000000000100000000000000011000100000000000110000000000000000000000000000000000000000
000000000000000000000100000000001000000000000010000000010000000000000000000000000000000000000100110000000000100000000000000000000000000000000000000101000000000000000000000000000000010000000000000000000000000000000000000000000000000000000000
000000000000000000000100000000011000000000000010110000000000000000000000000011000000000000000011100000000001010000000000000000000000000000000000000101000000000000000000000000000000001010000000000000000000000000000000000000000000000000000000
000000000000000000000100000000001000000001100001000000000010001000000000000011000000000000000000000000000001010000000000000000000000000000000000000010000000000000000000000000000000000100000000000000000000000000000000000000000000000000000000
000000000000000000000000000000000111110001100000000000000100010100000000000000000000000000000000000001100000100000000100000000000000000000000000000000000000000000000000000000000000000000000000000000000000000000000000000000000010000100000000
000000000000000000000000000000000110010000000000000000001100011010000000000000000000000000000000000001100000000000001010000000000000000000000000000000000000011100000000000000000000000000000000010000000000000000000000000000000101001010000000
000000000000000000000000000000000011100000000000000000001000001000000000000000000000000000000000000000000000000000010010001100000000000000000000000000000000000000000000000000000000000000000000010000000000000000000000000000001011001010000000
000000000000111000011000000000000001100110000000000000001000001000000000000000001010100010001100000000000000011100001100010010000000000000000000000000000000000000000000000000000000000000000000000011000000000000000000000000001000110000000000
000000000000000000010100000000000000000011000000000000000000000000000000000000010000110110001100000000000000010011000000010100000000000000000000000000000000000000000000000000000000000000000000001111100000110000000000000000001010100000000000
000000000000000000001000000000000000000100000000000000000100100000000000000000001000000000000000000000000000000000100000001000000000000000000000000000000000000000000000000000000000000000000000001000100000101000000000000000001000000100000000
000000000000000000000000000000000000000000000000000000000001000000000000000000000100000000000000000000000000100000010010000000000000000000000000000000000000000000000000000000000000000001100000011000000000010000000000000000000011000000000000
000000000000000000000000000011000000000000000000000000000000000000000000000000000000000010010000000000011000100000000100000000000000000000000000000000000000000000000000000000000000000010010000011010100000000000000000000000000011100010000000
000000000000000000000000000011000000000000000000000000000000000000000000000000000000000100010000000000010011000100010100000000000000000000000000000000000000000011000000000000000000000010100000000000010000000000000000000000000011100010000000
000000000000000000000000000000000000000000000000000000000000000000000000000000000000000010100000000000010011111000010001000000000000000000000000000000000000000011000000000000000000000001000000011000010000000000000000000000000001000011000000
000000000000000000000000000000000100000000000000000000000000000000000000000000001100000001000000000000010000111000110011100000000000000000000000000000000000000000000000000000000000000000000000000100000000000000000000000000000000000010000000
000000000000000000000000000000000101000000000000000000000000000000100000000000010010000000000000001100010100000000000110010000000000000000000000000000000000000000000000000000000000000000000000000000001110000000000000000000000000000100000000
000000000000000000000000000000000110000000000100000000000000000001010000000000010100000000000000001100011100000000000001110000000000000000000000000000000000000000000000000000000000000000000000000001101101000000000000000000000000000000000000
000000000000000000000000000000000000000000000100000000000000000001010000000000001000000000000000001001000000000100000000100000000000000000000000000000000000000010000000000000000000000000000000000000001101000000000000000000000000000000000000
000000001100000000000000000000000000000000000100000000000000000000100000000000000000000000000000000001000000000100000000000000000000000000000000000000000000000010000100000000000000000000000000000000000010000000000000000000000000000000000000
000000001100000000000000000000000000000000000000000000000000000000000000000000000000000000000000000101000000000000000000000000000000000000000000011100000000000010001010000000000000000000000000000000000000000000000000000000000000000000000000
000000000000000000000000000000000000000000000000000000110000000000000000000000000000000000000000000110000000000000011000010000000000000000000000000000000000000000001001000000000000000000000000000000000000000000000000000000000000000000000000
000000000000000000000000000000000000000000000000000000110000000000000000000000000000000000000000000000000000000000100100101000000000000000000000000000000000000000000110000000000000000000000000000000000000000000000000000000110000000000000000
000000000000110000000000000000000000000000000000000000000000000110000000000000000000000000000000001100000000000000100100101000000000000000000000000000000000000000000000000000000000000000000000000000000000000111000000000000110000000000000000
000000000000110000000000000000010000000000000000000000000000000000000000000000000000000000000000000000000000000100110110010000000000000000000000000000000000000000000000000000000000000000000000000000000000000111000000000000000000000000000000
000000000000000000000000000000101000000000000000000000000000110010000000000000000000000000000000000000000000000100000001100000000000000000000000000000000000000000000000000000000000000000000000000000000000001000100000000000000000000000000000
000000000000000000000000000000101000000000000000000000000001101100000000000011000000000110000000000000000000000100001111100000000000000000000000000000000001100000000000000000000000000000000000000000000000111000110000000000000000000000000000
000000000000000000000000000000010000000000000000000000000001100000000000000010100000001001000000000000000000000010000100110000000000000000000000000000000001100000000000000000000000000000000000000000000000110000100000000000000000000000000000
000000000000000000000000000000000000000000000000000000000000100000000001110001000000001001000000000000000000000101000110010000100000000000000000000000000000000000000010000000000000000000000000000000011000110100110000000000000000000000000000
000000000000000000000000000000000000000000000000000000000001110000000010010000000000000110000000000000000000000010000000011001000000000000000000000000000000000000000010000000000000000000000000000000100100001000110000000000000110000000000000
000000000000000000000000000000000000000000000110000000000001110000000010000000000000000000000000000000000000000010000100000000000100000000000000000000000000000000000010000000000000000000000000000000011000001000000000000000001001000000000000
000000000000000000000000000000000111000000000110000000000000000000000011000100000000000000000000000000000000000000001001011000110100000000000000000000000000000000000000000000000000000000000000000000010000000111000000000000000110000000000000
000000000000000000110000000100011001000000000000000000000000000000000001000111000000000000000000000000000000000000000000010000000000000000000000000000000000000000111000000000000000000000000000000000110000000000000000000000000000000000000000
000000001000000000110000001100001011000000000000000000000000000000000000111010100000000000000000000000000000000000000000000000000000000000000000000000000000000000000000000000000000000000000000000000110000000000000000000000000000000000000000
000000010100000000000000001000001000000000000000000000000000000000000000011110100000000000000000000000000000000000000000000000000000000000000000001000000000000000000000000000000000000000000000000000000000000000000000000000010000000000000000
000000100100000000000000000001110000000000000000000000000000000000000000000111000001100000001000000000000000000000000000000000000000000000000000100100000000000000000000000000000000110000000000000000000000000000000000000000111000000000000000
000000011000001100000000000001100000000000000000000000000000000000100000000110000010010000010100000000000000000000000000000000001100000000000001000010000000000000000000000000000000110000000000000000000000000000000000000000101100000000000000
000000000000001100000000000001100000000000110000000000000000000001010000000000000010010000011000000000000000000000000000000000001000000000000000001100000000000000000000000000000000000000000000000000100000000000000000000001010000000000000000
000000000000000000000000000000000001100001011000000000000000000000001000000000000001100000000000000000000000000000000000000000000000000000000100000000000000000000000000000000000000000001100000000000101100000000000000000000010000000000000000
000000000000000000000000000000000010010001011000011000000000000001100000000000000000000000000000000000000000000000000000000000000000000000001000001000000000000000000000000000000000000010010000000000100100000000000000000110100000000000000000
000000000000000000000000000000000000111000100000011000000000000000001100000100000000000000000000000000000000000000000000000000000000000000000100000000000000000000001100000000000000000001100000000000010010000000000010000011000000000000000000
000000000000000000000000000000000000011000000000000000000000000000100000000100000000000000000000000000000000100000000000000000000000000000000010100000000000000000010010000000000000000000000000000000001110000000000101000000000000000000000000
000000000000000000000000000000000000011000000000000000000000000000000000000100000000000000000000000000000001110000000000000000000000000000000000000000000000000000000011000000000000000000000010000000000100000000000101100000000000000000000000
000000000000000000000000000000000000101100000000000000000000000010000000000000000000000000000000000000010001110000011100000000000000010000000000000000000000000000000001110000000000000001000100100000000000000000000000100000000000000000000000
000000000011000000000000000000000000111000000000000000000000000100100000000000000000000000000000000011011001100000000010000000000000110000000000000000000000000001000101010000000000000010100010000000000000000000111000111000000000000000000000
000000000100100000000000000000000000010000011100000000000000000010000110000000000000000000000000000011011000110000010110000111000001100000000000000000010000100000000001100000000000000000000000110000000000000000000100100000000000000000000000
000100000011000000000000000000000000000000000000000000000001111100000000000000000000000000011000000101000000001000001010001000100000110000000000000001000110010001110111000000000000000000000000000000000000000000110110000000000000000000000000
000100000000000000000000000000000000000000000000000000000010011000001110000000000000000000100001100111000000110100000000010000010000010000000000000001110000000000000011001000000000000000011000000000000000000000001101100000000000000000000000
000100000000000000000000000000000000000000000000000000000100010000000000000011100000000000000000010011100000111000000110010000010000000100011000000001110000010000000100001000000000000100000001000000000000000000000000100100000001100000000000
000000000000000000000000000000000000000000000000000000000100001010000000000010000000000000010000000001100000111000000100010000010000000011011000000000010110000000000010000000000000000110110000100000000000000000000011000011000011010000000000
000000000000000000000000000000000000000000000011000000000000100100000000010110000000000000000100001000000000001110000000001000100000000000111000000000011001000000000110000000000000110101001000100000000000000000000000100100000010010000000000
000000000000000000000000000000000000000000000100100000000011001110000000011100000000000000000010010000000000010010000000000111000000001000000000000000000100000000000110000000000000110010000011100000000000000000001101100000000011100000000000
000000000000000000000000000000000000000000000011000000000000000000000000001000000000000000000001100000000000011001000000000000000000011011000000000000000000000000000000000000000000000000000000000000000000000000110110000000000001100000000000
000000000000000000111000000000000000000000000000000000000000000000000000000000000000000000000000000000000001100011000000000000000000000110011000000000000000000000000000000000000000000000000000000000000000000000000100100000000000000000000000
000000000000000011010100000000000000000000000000000000000011100000100000000000000000000000000000000000000010010000000000000000000000000000000100000000000000000000000011000000000000000000000000000000000000000000111000111000000000000001000000
000000000000000101000100000110000000000000000000000000000011000000100000000000000000000000000000000000000010010000000000000000000000000010000010000000000000000000000110000000000000000000000000000000000000000000000000100000000000000010111000
000000000000000100010100000110000000000000000001000000000010000000000000000000000000000000000000000000000010010000000000000000000000000100010001000000000000000000000010100000000000000000000000000000000000000000000101100000000000000100000100
000000011000000101011000000000000000000000000001100000000000010000000000000000000000000000000000000000000001100011000000000000000000000100101001000000000000000000000010100000000000000000000000000000000000000000000101000000000000000100110100
011000011000000011100000000000000000000000000010100000000001101010000001000000000000000000000000000000000000011001000010000000000000000100010001000000000000000000011110001000000000000000000000000000000000000000000010000000000000001001011000
100000000000000000000000000000000000000000000000000011000000011110000010100000000000011100000000001001000000010010000010000000000000000010000010000000000000000000000100101000000000000000000000000000000000000000000000000000000000001000001000
111000000000000000000000000000000000000000000000000100100000001100000100010000000000011010000000011001000000001110000010000000000000000001000100000000000000000000100000101100000000000000000000000000000000000000000000000000000000000100001100
110000000000000000000000000000000000000000000000000011000000000000000100010000000000100010000000100001000000000000000000000000000000000000111000000000000000000001111100011001000000000000000000000000000000000000000000000000000000000101001001
110000000000000000000000000000000000000000000000000000000000000000000110110000000000010010000101110110000000000000111000111000000000000000000000000000000000000010000100001001000000000000000000000000000000000000000000000000000000000011000001
000000000000000000000000000000000000000000000000000000000000000000000000000000000000010010001010111110000000000000000000000000000000000000000000000000000000000010100010001000100000000000000000000000000000000000000000000000000000000000001000
000011000000000000000000000000000000000000000000000000000000000000000000000000000000000000111010000000000000000000000010000000000000100011100000000000000000000100000001000100100000000000000000000000000000000000000000000000000000000001001000
000011000000000000000000000001110000000000000000000000000000000000000000000000000000001110111011000000000000000000000010000000000000100000000000000000000000000100000000000101000000000000000000110000000000000000000000000000000000000010000000
000000000000000000000000000000000000000000000000000000000000000000000000000000000000010100000000000001100000000000000010000000000000100000000000000000000000000010100001000000000000000000000001001000110000000000000000000000000000000010010011
000000000000000000000000000100000100000000000000000000000000000000000000000000001000001000100000000001110000000000000000000000000000000000000000000000000000000001100001000000000000000000000000110000110000000000000000000000000000000001001001
100000000000000000000000000100000100000000000000000000000000000000000000000000111000000110110000110001000100000000000000000000000000100000000000000000000000000000001001000000000000000000000000000000000000000000000000000000000000000000001001
000000001110000000000000000100000100000000000000000000000000000000000000000000110000001110000111110000011100000000000000000000000000100000000000000000000000000000001110000000000000000000000000000000000000000000000000000000000000000011010000
000000000000000011000000000000000000000000000000000000000000001110000000000000000000001100000001001000001000110000000000000000000000100000000000000000000000000000000110000000000000000000000000000000000000000000000000000000000000001100000000
000000000000000011000000000001110000000000000000000000000000000000000000000000000000001110000010111101000000110000000000000000000000000000000000000000000000000000000000000000000000000000000000000000000000000000000000000000000000001000100000
000000000000000000000000000000000000000000000000000000000000000000000000000000000000000010111100000001100000000000000000000000001110001110000000000000000000000000000000000011100000000000000100000000000000000000000000000000000000001111000000
000000000000000000000000000000000000000000001000010000000000000000000000000000000000000000000000101001010000000000000000000000000000000000000000000000000000000000000000000100010000000000001010000000000000000000000000000000000000000011000000
000000000000000000000000000000000000000000010100001100000000000001110000000000000000010100000111000000110000000000000000000000000000100000000000000000000000000000000000000100010000000000001001000000000000000000000000000000000000000000000000
000000000000000000000000000000000000000000111000010110000000000001001000000000000000010110001101010000000000000000000000000000000000100000000000000000000000000000000000000110110000000000000110000000000000000000000000000000000000000000000000
000000000000000000000000000000000000000000110000001100000000000000000100000000000000011001101100000000000000000000000000000000000000100000000000000000000000000000000000000001000000000000000000000000000000000000000001101000000000000000000000
000000000000000000000000000000000000000000110000001000000000000001001000000000000000000000100010100000000000000000000000000000000000000000000000000000000000000000000000111110100000000000000000000000000000000000000011010100000000000000000000
000000000000000000000000000000000000000000010001000000000000000001110000000000000000000011100001000000000000000000000001100000000000000000000000000000000000000000000000110001000000000110000000001000000000000000000000010001000000000000000000
000000000000000000000000000000000000000000010011100000000000000000000000000000000000000000000000000000000000000000000001100000000000000000000000000000000000000000000000011110000000001001000000111000000000000000001000000000110000000000000000
000000000000000001110000000000000000000000000001110000000000000000000000000000000000000000000000000000000000000000000000000000000000000000000000000000000000000000000000000100000000000110000000000000000000000000001000000010110000000000000000
000000000000000000000000000000000000000000000000000000000000000000000000000000000000000000000000000000000001100000000000000000000000000011000000000000000000000000000000000000000000000000000000000000000000000000001000000000110000000000000000
000000000000000010010001110000000000000000000000000000000000000000000000000000000000011100000000000000000001100000000000000000000000000011000000000000001100000000000000000000000000000000001100000000000000000000000000010001000000000000000000
000000000001100010000001101000000000000000000000000000000000000000000000000000000000001100000000000000000000000000000000000000000000000000000000000000010010000000000000000000000000000000010100000001110011000010000011010100000000000000000000
000000000001100010010001010000000000000000000010000000000000000000000000000000000000111100000000000000000000000000000000000000000000000000000000000000001100000000000000000000000001100000011000000001110101101110000001101000000000000000000000
001000000000000001010010110000000000000000000010000000000000000000000000000000000001000010000000000000000000000000000000000000000000000000000000000000000000000000000000000000000001100000000000000000000100011110000000000000000000000000000000
001000000000000000100100100000000000000000000000000000000000000000000000000000000011110000000000000000000000000000000000000000000000000000000000000000000000000000000000000000000000000000000000000000001111110100000000000000000000000000000000
001000000000000000000010000000000000000000000000111000000000000000000001000000000111100001000000000000000000000000000000000000000000000000000000000000000000000000000000000000000000000000000111000000001000000000000000000000000011100000000000
000000000000000000000000000000000000000000000000000000000000000000000001000000001110111011000000000000000000000000000000000000000011000000000000000000000000000000000000000000000000000000001100100000001111111110000000000000000000000000001111
000000000001110000000000000000000000000000000011000010000000000000000001000000000110000000000000000000000000000000000000000111000010100000000000000000000000000000000000000000000011000000001000000000000000111000100000000000000000000000011011
000000000000000000000000000000000000000101001101000010000000000000000000000000000011000100000000000000000000000000000000000000000001000000000001110000000000000000000000000000000100100000000100000000000010010000010000000000000000000111101000
000000000000000011000000000000000011100000001100000010000000000000000000000000000001000000000000000000010000000000000000000000000000000000000000000000000000000000000000000000000101000000000000100000000011000100001000000000000000001000110100
000000000000000101000000000000000010011000010101000000110000000000000000000000010000000000000000000000010000000000000000000000000000000000000000000000000000000000000000000000000010000000000000000000000000000000000100000000000000001111000000
000000000000000111000000000000000011011110000000011000110000000000000000000000101000000000111000000000010000000000000000000000000000000000000000000000000000000000000000000000000000000000000001100000110000000000100100000000000000000000000000
000000000000000101000000000000000000111000000000000000000000000000000000000000101101000000011000000000000000110000000000000000000000000000000000000000000000000000000000000000000000000000000110100000110000000000000100000000000000000000000000
000000000000000011000000000000000000000000000000000000000000000000000000000000010010000110001000000000000000110000000000000000000000000000000000000000000000000000000000000000000000000000000001000001100000000110001000000010000000000000000000
000000000000000001100000000000000000000000001000000000000000000000000000000000000001000100110000000000000000000000000100000000000000000000000000000000000000000000000000000000000000000000000000000101000000000100010000000101000000000000000000
000000000000000000000000000000000000000000001000000000000000000000000000000000000000111010100000000000000000000000000100000000000000000000000000000000000000000000000100000000000000000000000000000100100000000011100000000101000000000000000000
000000000000000000000000000000000000110000001000000000000000000000000000000000000000000000101100000000000000001110000100000000000000000000000000000000100000000000000100000000000000000000000000001000100000000000000000000010000000000000000000
000000000000000000000000000000000001001000000000000000000000110000000000000000000000000001101010000000000000000000000000000000000000000000000000000001010000000000000100000000000001000000000000011010100000000000000000000000000000000000000000
000000000000000001100000000000000001010011100011100000000001001000000000000000000000000000000100000000000000000000000000000000000000000000000000000001010000000000000000000000110010100000000000100110110000000000000000000000000000000000000000
000000000000000010100000000000000000100000000000000000000001001000000000000000000000000000000100000000000000000000000000000001110000000000000000000000100000000000000000000000110010100000000000110111001000000000000000000000000000000000000000
000000000000000011000000000110000000000000001000000001011000111011000000000001000000000000000000000000000000000000000000000010000100000000000000000000000000000000000001000000000001000000000000000111101100000000000000000000000000000000000000
000000000000000000000000001010000000000000001000000000000000001111110000000010100000000000000000000000000000000000000011000000110010000000000000011000000011000000000010100000000000000000000000111010101000000000000000000000000000000000000000
000000000000000000000000000010000000000000001000000011011000001101010000000001100000000000000000000000000000011000000011000001000110000110000000100100000100100000000010100000000000000000000000111000000000000000000000000000000000000000000000
000000000000000000000000000000000000000000000000000000101000000101100000000000000000000000000000000000000000011000000000000000000110000110000000011000000011000000000001000000000000000000000000110110110000000000000000000000000000000000000000
000000000001100000000000000000000000000000000000000001110000001001100000000000000000000000000000000000000000000000000000000111000110100000000000000000000000000000000000000001100000000000000100010001100000000000000000000000000000000000000000
000000000001100000000000000000000000000000000000000001101100001110000000000000000000000000000000000000000000000000000000000000000100110000000000000000101000000000000000000001100000000000001000110000000000000000000000000000000000000000001100
000000000000000000000000000000000000000000000000000011011000000000000000000000000000000000000000000000000000000000000000000000000000011000000000000001001000000000000000000000000001000000001000000000000000000000000000000000000000000000001100
000000000000000000000000000000000000000000000000000000100000000000000000000000000000000000000000001100000000000000000000000000000000110000000000000000100000001110000000000000000010100000000000010000000000000000000000000000000000000000000000
000000000000000000000000000000000000000000000000000000000000000000000000000000000001000000000001000001110000001100000000000000000000000000000000000000110001000000000000000000000001100000000010001000000000000000000000000000000000000000000000
000000000000000000000000000000000000000000000000000000000000000000000000001100000001000000000000000011011000010010000000000000000000000000000000000000100000001100000000000000000000000000000000101000000000000000000000000000000000000000000000
000000000000000000000000000000000000000000001100000000000000000000000000001100000001000000000000001000010000001100000000000000000000000000000000000000101111001100000000000000000000000000000000010000000000000000000000000011000000000000000000
000000000011000000000000000000000000000000000000000000000000000000000000000000000000000000000001111111100000000000000000000000000000000000000000000000100000000011000000000000000000000000000000000000000000000000000000000100100000000000000000
000000000010100000000000000000000000000000000000000000000000000000000000000000000000000000000011111101000000000000000000000000000000000000000000000000000000011001000000000000000000000000000000000000000000000000000000000011000000000000000000
000000000001000000000000000000110000000000000000000000001000000110000000000000000000000000000000011111011000000000000000000000000000000011100000000000000000000110000000110000000000000000000000000000000000000000000000000011000000000000000000
000000010000011000000000000001001000000000000000000000001100011001000000000000000000000000000000010111110100000000000110000000000000000000000000000000000000000000000000110000000000000000000000000000000000000000000000000000101100000000000000
000000101000010001110000001111011000000000000000000000001110010000100000000000000000000000000000010111000100000000000110000000000000000000000000000000000000000000000000000000000000000000000000000011000000000000000000000000100100000001100000
000000101000000000001100111111001000000000110000000000000011011001000000000000000000000000000000001001011000000111000000000000000000000000000000000000000000000000000000000000000000000000000000000011000000000000000000000000111000000010010000
000000010000100000000000000000100000000001001000000000000001000110000000000011000000000000000000000101001000001000100000001000000000000000000000000000000000000000000011000000000000000000000000000000000000000000000000000000000000000001100000
000000000000000100001000011111100000000011010000000000000000000000000000000010100000000000000000000001000000001000010000011100000000000000000000000000000000000000000100100000000000000000000000000000000000000000000000000000000000000000000000
000000000000000011000011111110000000000011000000000000000000000000000000000001000000000000000000000000001110000110000000111110000000000000000000000000000000000000000011000000000000000000000000000000000000000000000000000000000000000000000000
000000100000000000000011100000000000000000000000000000000000000000000000000000000000000000000000000001000000000000110001000001000000100000000000000000000000000000000000001000000000000000000000000000000000000000000000000000000000000000000000
000000100000000000000000000000000000000001100000000000000000000000000000000000000000000000000000000111100000000000100011001001100000100000000000000000000000000000000000010100000000000000000000000000000000000000000000000000000000000000000000
000000100000000000000000000000000000000000000000000000000000000000000000000000000110000000000000000000100000000101000111010101110000100000000000000000000000000000000000010100000000000000000000000000000000000000000000000000000001100000000000
000000000000000000000000000000000000000000000000000000001000000000111000000000001001000000000000001000010111001100100011001001100000000000000000000000000000000000000000001000010000000000000000000000000000000000000000000000000010010000000000
000000000000000000000000001000000000000000000000000000001000000001000100000000000110000000000000000000010000100101100001000001000000000000000000000000000000000000000000000000101000000000000000000000000000000000000000000000000001100000000000
000000000000000000010000001000000000000000000000000000001000000001000100000000000000000000000000000111101011000000000000111110000000000000000000000000000000000000000000000000010000000000000000000000000000000000000000000000000000000000000000
000000000000000000111000000000000000000000000000000000000000000001000100000000000000000000000000000000010000000000000000011100000000000000000000000000000000000000000000000000000000000000000000000000000000000000000000000000000000000000000000
000000000000000000100100000000000000000000000000000011100011100000111000000000000000000000000000000000011100000000000000001000011000000000000000000000000000000000000000000000000000000000000000000000000000000000000000000001100000000000000000
000000000000000000001000000000000000000000000000000000000000000000000000000000000000000000000000000000000000000000000000000000011000000000000000000000000000000000000000000000000000000000000000000000000000000000000000000000100000000000000000
000000000010000000000000000000000000000000000000000000001000000000000000000000000000000000000000000000000000000000000000000000000000000000000000000000000000000000000000000000000000000000000000001000000000000000000000110000000000000000000000
000000000011000000000000000011000000000000000000000000001000000000000000000000000000000000000000000000100000100000000000000000000000000000000000000000000000000000000000000000000000000000000000100000000000000000000001000000000000000000000000
000000000001100000000011000011000000000000000000000000001000000000000000000000000000000010000000000001001001010000000001100000000000000000000000000000000000000000000000000000000000000000000000100001000000000000000010000000000000000000000000
000000000000100000000111001001000100000000000000000000000000000000000000000000000000000100100000000001000010010000000000110000000000000000000000000000000111000000000000000010000000000000000001000001100000000000000001101110000000000000011010
000000000000000001100000001010001010000000000000011100000000000000000000000000000000000100100000000000000100000000001101000000000000000000000000000000000100100000000000000010000000000000000001101001000000000000000000000000000000001110011001
000000000000000011100000001010010010000000000000001110000000000000000000000000000000000001000000000000100000010000000000000000000000000000000000000000000100100000000000000111100000000000000011010001000000000000000000000000000000000110000001
000000000000000000000000000100001100000000000000000000000000000000000000000000000000100000000000000000001100001000000000000000000000000000011000000000000010010000000000000000110000000000000011010011000000000000000000000000000000000011000011
000000000000000000000110000000000000000000000000000000000000000000000000000000000001010000000000000000000111001000000000011000000000000000100100000000000000010000000000000001100001110000000011011100110100000000000000000000000000000000000100
000000000000000000010110011000000001110000000000000000001000000000000000000000000001010000000000000000000001110000110110100000000000000000110000000000110011100000000000000000001111010000000001010010101010000000000000100000000000000000110000
000000000000000000110110000000000000000000000000000000001110000000000000000000000000100000000000000000000000000000011100010100000000000000011000000000000100000000000000000101000000010000000000100100000001000000000000100000000000000000000000
000000000000000000100000000000000100000000000000000000001001000000000111000000000000000000000000000000000000000000001000011000000000000000100000000000010000000000000110000111011011000000000000000110111110000000000000100000000000000000000000
000000000000000000000000000000000010000000000000000000000000100000000000000000000000000000000000000000000000000000000000001010000000000000000000000000001000000000000000110111001110000000000000000010011000000000000000000000000000000000000000
000000000000000000000000000000000100000000000000000000001001000000000000000000000000000000000011000000000000000000000000000100000000000000000000000000000000000000000000100010000000000000000000000011000000001000000000000000011000000000000000
000000000000000000000000000000000000000000000000000000001110000000000000000000000000000000000000100000000000000000000000000000000000000000000000000000000000000000000000011110000000000000000000000001010000111100000000000000011000000000000000
000000000000000000000000000000000000000111000000000000000000000010000000000000000000000000000010100000010000000000000000000000000000000000000000000000000000000000000000010001000000000000000000000000100001100010000000000000000000000000000000
000000001100000001000011000000000000000000000000000000000000001101100000000000000000000000000001000000001000110000000000000000000000000000000000000000001100000000000000001101100000000000000000000000000010001100000000000000000000000000000000
000000001100000001000100100000000000000000000000000000000000000000000000000000000000000000000000000000000001001000000000000000000000000000000000011100011010000000000000000101000000010000000110000000000001111000000000000000000000001110000000
000000000000000001000011000000000000000000000000000000000000010100000000000000000000000000000000000110100000110000000000000001100000000000000000110111000010000000000000000011000000010000001001000000000000100000000000000000000000011100000000
000000000000000000000000000000000000000000000000000000000000010001000000000000000000000000000000010000000000000000000000000010100000000000000000110101011100000000001100000000000000100000001010000000000000000000000000000000000000000000000000
000000000000000000000000000000000000000000000000000000000000011001000000000000000000000000000000101001000000000000000000000011000000000000000110010001011000000000001010000001110000000000000100000000000000000000000000000000000000000000000000
000000000000000000000000000000000000000000000010000000000000001110000000000000000000000000000000100010000000000000000000001100000000000000000110010010000000000000000100000000000000000000000000000000000000000000000000000000000000000000000000
000000000000000000000000000000000000000000001111100000000000000100000000000000000000000000000010100000000000000000000000010100011000000000000000001110000000000000000000000000000000000000000000000000110000000000000000000000000000000000011000
000000000000000000000000001100000000000000011101100000000000000000001010000000000000000000000000000000000000000000000000011000011000000000000000000000000000000000000000000000000000000000000000000001001000000000000000000000000000001000011000
000000000000000000000000001100000000000000001111100000000000000000001000000000000011000000000011100000000000000000000000000000000000000000000000000000000000000000000000000000000000000000000000000001101100000000000000000000111000011100000000
000000000000000000000000000000000011000000000010000000000000000000010000000000000100000000000000000000000000000000000000000000000000110000000000000000000000000000000000000000000000000000000000000001100000000000000000000000000000100110000000
000000000000000000000000000000000100100000000000000000000000000000001110000000000111000000110100000010000000000000000000000000000001001000000000000000000000000000000000000000000000011100000000000000000000000000000000000000000110000010000000
000000000000000000000000000000000011000000000000000000000000000000111010001000000010100001000010000111100000000000001100000000000001001000000000000000000000000000000000000000000000100100000000000000000000000000000000000000001000011010000000
000000000000000000000000000000001110000000000000000000000000000000001101111000001111100001100100001000010000000000010010000000000000110000000111000000000000000000000000000000000000101100000000000010000001000000000000000000001011000110000000
000000000000000000000000000000011100000000011000000000000000000000010000100000001110000000000000000110010000000000001100000000000000000000000100100000000000000000000000000000000000010000000000000010000010100000000000000000000100000000000000
000000000000000000000000000000010110000000100100000000000000000000001000000011110000000000000000000011100000000000000000000000000000000000000100100000110000000000000000000000000000000000000000000001000010100000000000000000000000011000000111
000000000000000000000000000000000011000000011000000000000000000000000110000011111010000000000000000000000000000000000000000000000000000000000010010000110000000000000001110000000000000000000000000000000001100000000000000000000000011000000000
000000000000000000000000000000010110000000000000000000000000000000000000000100001010011000000000000000000000000000000000000000000000000000000110010000000000011000000000000000000000000000000000000011100000000000000000000000000000011000001000
000000000000000000000000010000011100000000000000000000001100000000000000011011000000111100000000000000000000000000000000000000000000000000011100100000000110000100000010001100000000000000000000000011100000000000000000000000000000000000000100
000000000000000000000001000010001000000000000001100000010100000000000000000011000000100110000000000000000000000000000000000000000000010000110001000000001001000100000000100010000000000000000000000100000000000000000000000000000000000000000000
000010000000000000000010000010000000000000000001100000001000000000000000100000000000000000000000000000000000000000000000000000000000101000100110000000001001000100000100110010000000000000000000011111000000000000000000000000000000000000000000
000010000000000000000000000010000000000000000000000000000000000000000000101100000000100001000001110000000000000000000000000000000000101000011100000000000110111000000100100001000000000000000000110000111100000000000000000000000000000000000000
010010000000000000000001001000000000000000000000000000000000000000000000010000000011110000100000000000000000000000000000000000000000010000000000000000000000000000000010101101000000000000000000011000111010000000000000000000000000000000000000
001000000000000111000000111000000000000000000000000000000000000000000000000000000010100000100000000000000000000000000000000000000000000000000000011000000000000000000000110110000000000000000000010000000000000000000000000000000000000000000000
000000000000000000000000000000000000000000000000000000000000000000000000000000000100010000100000000000000000000001100000000000000000000000000000011000000000000000000111100000000000000000000000000001111000000000000000000000000000000000011000
000000000000010000000000000000111000000000000000000000000000000000000000000000001000011001000000000000000000000001100000000000000000000000000000000000000000000000001010000000000000000000000000010110000000000000000000000000000000000000011000
000000000000101000000000000000000000000000000000001000000000110000000000000000011000011111000000000000000000000000000000000000000000000000000000000000000000000000011100000000000000000000000000001000001010000000000000000000000000000000000000
000000000000101000000000000000000000000000000000010100000000110000000000000000111000011000000000000000000000000000000000000000110000000000000000110000000000000001010001100000000000000000000000000000000110000000000000000000000000000000000000
000000000000010000000000000000000000000000000000010100000000000000000000000000011001111110100000000000000000000001000000000000110000000000000000110000000000000110000100100000000000000000000000000000000000000000000000000000000000000000000000
000000000000000011000000000000000010000000000000001000000000000000000000000000001000000011000000000000000000000001000000000000000000000000000000000000000000000000101111000000000000000000000000000000000000000000000000000000000000000000000000
000000000000000011000000000110000101000000000000000000000000000000000000111000000100111110000000000000000001000001000000000000000000000000000000000000000000000000000000000000000000000000000000000000000000000000000000000000000000000000000000
000000000000000000000011000101000110000000000000000000000000000000000000000000000011110010000000000000000010100000000000000000000000000000000000000000000000010000000010000000000000000000000000000000000000000000000000000000000000000000000000
000000000000000000000011000010000000000000000000000000000000000000000000000000000000000000000000000000111000000000000000000000000000000000000000000000000000010101101100000000000000000000000000000000000000000000000000000000000000000000000000
000000000000000000000000000000000000000000000000000000000000000000000000000000000000000000000000000000111001100000000000000000000000000000000000000000000000000000000000000000000000000000000000000000000000000000000000000000000000000000000000
100000000000000000000000000000000000000000000000000000000000000000000000000000000000000000000000000000011000000000000000000000000000000000000000000000000000000000000000000000000000000000000000000000000000000000000000000000000000000000000011
000000000000000000000000000000000000000000000000000000000000000000000011000000000000000000000000000000001000011110000000000000000000000000000000000000000000000000000000001110000000000000000000000000000000000000000000000000000000000000000000
000000000000000000000000000000000000000000000000000000000000000000000011000000000000000000000000000000010111100001000000000000000000000100000000000000000000000000000000000000000000000000000000000000000000000000000000000000000000000000000000
000000000000000000000000000000000000000000000000000000000000000000000000000000000000000000000000000000010111001000100000000000000000001010000000000000000000000000000000001110000000000000000000000000000000000000000000000000000000000000000000
000000000000000000000000000000001000000000000000000000000000000000000000000000000000000000001110000000001000111000100000000000000000001010000000000000000000000000000000000000000000011100000000000000000000000000000000000000000000000000000000
000000000000000000000000000000110100000000000000000000000000000000000000000000000000000000000000000000000000001100100000000000000000000100000000000000000000000000000000000000000000101100000000000000000000000000000000000000000000000000000000
000000010100000000000000000000100100000000000000000001000000000000000000000001100000000000000000000000000000001001000000000000000000000000000000000000000000000000000000000000011110100010000000000000000000000000000000100000000000000000000000
000000001100000000000000000000100100000000000000000010100000000000000000000000010000000000000000000000000000000110000000000000000011000000011000000000000000000000000000000000011110001100000000000000000000000110000000000000000000000000000000
011000001000000000000000000000011100000000000000000010100000000000000000000000000000000000000000000000000000000000000000000000000100100000100100000000000000000000000000000000000000101100000000000000000000000110000011000110000000000000000000
011000000000000000000010000000101000000000000000000001000000000011100001101101000000000000000000000000000000000000000000000000000011000000011000000000000000000000000000000000000000010000000000000000000000001110111001100011000000000000000000