000000000000000000000010000000100000000000000000000000000000001100011000010010000000000000000000000000000000000000000000000000000000000000000000000000000000000000000001000000000000011000000000000000000000000010010001001110000000000000000000
000000000000000000000010000000000000000000000000000000000000000010010011000010000000000000000000000000000000000000000000000000000000000100000000000000000000000000000010100000000000010000010000000000000000000110000000010001000000000000000000
000000000000000000000000000000000000000000000000000000000000001001000110000000001000000000000000000000000000000000000000000000000000001010000000000000000000000000000010010000000000101000010000000000000000000111000110101010000000000000000000
000000000000000000000000000000000000000000000000000000000000001000011000011101101000000000000000000000000000000000000000000000000000001010000000000000000000000000000001100000000000010000010000000000000000000011100001110100000000000000000000
000000000000000000000000000000000000000000000000000000000000000000010000000001110000000000000000000000000000000000000000000000000000000100000000000000000000000000000000000000000010000000000000000000000000000001000001000000000000000000001100
000110000000000000000000000000000000000000000000000000000000000000000000000000000000000000000000000000000000000000000000000011000000000000000000000000000000000000000000000000000101000000000000000000000011000000000000000000000010000000010100
000110000000000000000000000000000000000000000000000000000000010000010000000000000000000000000000000000000000000000000000000011000000000000000000000000000000000000000000000000001101100000000000000000000100100000000010000000000111100000011000
000000000000000000000000000000000000000000000000000000000000000100100000000000000000000000000000000000000000000000000000000000000000000000000000000000000000000000000000000000001100110000000000000000000011000000000000000000010010110000000000
000000000000000000000000000000000000000000000000000000000000000101000000000000001100000000000000000000000000000000000000000000000011000000000000000000000000000000000000000000000110110000000000000000000000000000100000000001001100101000000000
000000000000000000000000000000000000000000000000000000000000000110000001000000010010000000000000000000000000000000000000000000000011000000000000000000000000000000000000000000000110110000000000000000000000000000100010000111010010001100000000
000000000000000000000000000000000000000000001100000000000000000110000110100000010100000000000000000000000000000000000000000000000000000000000000000000000110000000000000000000000001000000000000000000000000000000011100000010000110101000000000
000000000000000000000000000000000000000000001100000000000000000110000000100000001000000000000000000000000000000000000000000000000000000000000000000000000110000000000000000000000000111110000000000000000000001000000000000000000011110000000000
000000000000000000000000000000000000000000000000000000000000000011111011000000000000000000000000000000000000011000000000000000000000000100000000000000000000000000000000000000000000100010000000000000000000010100000000000000000000100000000000
000000000001000000000010000000000000000000000000000000000000000001000100000000000000000000000000000000000000100100000000000000000000000100000000000000000000000000000000011000000000000000000000000000000000010100000000000000000000000000000000
000000000010100000000101000000000000000001000000000000000000000001000100000000000000000000000000000000000000011000000000000000000000000100000000000011000000000011100000001100000110100010000000000000000000001000000000000000100000000000000000
000000000011000000000010000000000000000001000000000000100000000000111000000000000000000000000000000000000000000000000000000000000000000000000000000011000000000000000000000000000101001110000000000000000000000001000000000001011000000000000000
000000000000000000000000000000000000000001000000000001010000000101000000000000000000000000000000000000000000000000000000000000000000000000000000000000000000001000000000000000000010000000000000000000000000000001000000000001011000000000000000
000000000000000000000000000000000000000000000000000000001000000000000000000000000000000000000000000000000000000000000000000000000000000000000000000000000000001000011000000000000000000000000000000000000000000001000000000000100100000000000000
000000000000000000000000000000000000000000000000000000110000001000000000000000000110000000000000000000000000000000000000000000000000000000000000000000000000001000000001110000000000000000000000000000000000000000000000000000011000000000000000
000000000000000010000000000000000000000000000110000000000000100101000000100000001100000000000000000000000000000000000000000000000000000000000000000000000000000000000001100000000000000000000000000000000000000000000000000000011000000000000000
000000000000000101000000000000000000000000000000000010100000010110011000010000001000000000000000000000000000000000000000000000000011000000000000000000000000000011100000100110000000000110000000000000000000000000000000000000000000000000000000
000000000000001001000000000111000000000000011110000010110001011000011100010000000000000000000000000000000000000000000000000011000011000000000000000000000000000000000000100010000000001001000000000000000000000000000000000000000000000000000000
000000000110000110000000000000000000000000001000000000101000000000100110100000000000000000110000000000000000000000000000000110000000000000000100000000000000000000000000010010000000000110000000000000000010000000000000000000000000000000000000
000000000110000000000000000000000000000001101100000001101011000000001110000000000000000000011000000000000000000000000000001010000000011000110010000000110000000000000000000000000000000000000000000000000010000111100000000000000000000000000000
000000000000000000000000000000000000000000010000010001100001000001000100000000000000000000100000110000000000000000000000001110000000111111110010000000110000000000000000000000000000000000000000000000000101000110110000000000000000000000000000
000000000000000000000000000000000000000000000000101001110000000000011000000000000110000000000001001000000000000000000000001010000001110110000110000000000000000000000000000000000000000000000000000000000001000100011000000000000000000110000000
000000000000000000000000000000000000000000000000101100011011000000110000000000001101000000000000110000000000000000000000000110000000000101000000000000000000000000000000001000000000000000000000000000000111000000110000000000000110000110000000
000000000000000000000000000000000000000000000000011000000011000000111000000001110001100000000000000000000000000000000000000000000000000111101000000000000000000000000000001011100000000000000000000000000000011000000000000000000110000000000000
000000000000000000000000000000000000000000000000000000011000000000100100000000000101000000000000000000000000000000000000000000000100000110111000000001110000000000000000001100100000000000000000000000001000001110000000000000000000000000000000
000000000000000000000000000011000000000000000000000000110000001100101000000010000111000000000000000000000000000000000000000000000010000000101000000010011000000000000000000111000000000000000000000000011100010110000000000000000000000000000000
000000000000000000000000000011000000000000000000000000111000001000001000000000001000001100000000000000000000000000000000000000110100000001100000000000011000000000000000000100000000000001000000000000011101100000000000000000000000000000000000
000000000000000000000001110000000000000000000000000000000000000111100000000001010000000011000000000010000000000000000000000111111000000000110000000000100000000100000000000000000000000001000000000010110001000000000000000000000000000000000000
000000000000000000000000000000000000000000000000000000000000000111000000000000100000011011100001000101000000000000000000000000100000000000110001100000000000001010000000000000000000000001000000000001100000000000000000000000000000000000000000
000000000000000011000000000000000000000000000000000000000000000000000000000000000000001000011100101100000000000000000000000011011000000000001010000000000000001011000000001100000000000000000000000000000000000000000000000000000000000000000000
000000000000000011000000000000000000000000000000010000000000000000000000000011100000010011011010001010000000000000000000000010000000000000000000000000000000100010101100001100000000000000000000000000000000000000000000000000000000000000000000
000000000000000000000000000000000000000000000000010000000011000000000000000000000000001110000011001000000000000000000000000001001000000000000000000000000001000100000010000000000000000000000000000001100000000000000000000000000000000000000000
101000000000000000000000011000000000000000000000101000000011000000000000000000000000000000000000000010000000000000000000000001110000000000000111111000000000111010000010000001100000000000000000000010010000000000000000000000000000000000000000
011100000000000000000000100100000000000000000000111000000000000110110000000000000000000000000000011100000000000000000100000000000000000000001000000110000000000000011110000001110000000000000000000010010000000000000000000000000000000000000000
010010000000000000000000011000000000001000000000111000000000000110110000000000000000000000000000001000000000000000000100000000000000000000001100000001000000000000010100000000001000000000000000000001100000000000000000000000000000000000000001
010111000000000000000000000000000000001000000000000000000000000001000000000000000000000000000000000000000000000000000100000000000000000000000010000000000000000000000000000001000000000000000000000000000000000000000000000000000000000000000111
101010000000000000000000000000000011101000000000000000000000000000000000000000000000000000000000000000000000000000000000000000000000000000110000011011000000000001001000000000001000000000000000000000000000000000000000000000000000000000001100
001100000000000000000000000000000001000000000000000000000000000000000000000000000000000000000000000000000000000001110001110000000000000001001000011000000000000010011100000000010010000000000000000000000000000000000000000000000000000000000111
000000000000000000000000000000001110000000000000100000000000000000000000000000000000000000000000000000000000000000000000000000000000000001000100000000000000000000001100001000000000000000000000000000000000000000000000000000000000000000000000
011100000000000000000000000000010100000000000010011000000000000000000000000000000000000000000000000000000000000000000100000000000000000000110110000000000001000010000010011100000000000000000000000000000000000000000000000000000000000000000000
011100000000000000000000000000010000000000011110101110000000000000000000000000000000000000000000000000000000000000000100000000000000000000000111000000000001000000101000100000100000000000000000000000000000000000000000000000000000000000000000
000100000000000000000000000001001000000000111100000110000000000000000000000100000000000000000000000000000000000000000100000000000000000000000000110000000001000000000110100011000000000000000000000000000000000110000000000000000000000000000011
011000000000000000000000000010000000000011001000110110000000000000000000001010000000000000000000001100000000000000000000000000000000000000000001101100000000000000000110110000000000011000000000000000000000000110000000000000000000000000000001
011000000000000000000000000000110000000100010001100010000000000000000000000110000000000000000000011011000000000000000000000000000000010000000001000000000000000000000110100000000000011001000001000000000000000000000000000000000000000000000000
000000000000000000000000000000000000000101100001110010000111000000000000000000000000000000000000110111000000000000001100000000000000010000000001000000000000000000001001000000000000000001100010100000000000000000000000001100000000000000000000
000000000000000000000000000000000000000010000000000011000001110000000000000000000000000000000001001101100000000000010010000000000000010000000001000000000000000000001110000000000000000000110100100000000000000000000000001100000000000000000000
000000000000000000000000000000000000000000000000000011001100100000000000000000000000000000000011000001000000000000001100000000000000000000000000000000000000000000001001000000000000000000010111000000000000000000000000000000000000000000000000
000000000000000000000000000000001100000000000000000100001111000000000000000000000000000000000001000010000000000000000000000000000000000000000000000000000000000000001001000000000000000000011000000000110000000000000000000000000000000000000000
000000000000000000000000000000001100000000000000000000001010000000000000000000000000000000000000100000000000000000000000000000000000000000000000000010000000000000001110000000000000110010100000000000110000000000000000000000000000000000000000
000000000000000000000100000000010000000000000001000000000000000000000000000000000000000000000010001000000000100000000000000000000000000000000000000101000000000000000100000000000000010110000000000000000000000000000000000000000000000000000000
000000000000000000000100000000010111000000000010100000000000000000000000000011000000000000000011100000000001010000000000000000000000000000000000000101000000000000000000000000000000000110000000000000000000000000000000000000000000000000000000
000000000000000000000100000000000010010001100001100000000100001000000000000011000000000000000011000000000001010000000000000000000000000000000000000010000000000000000000000000000000001100000000000000000000000000000000000000000000000000000000
000000000000000000000000000000011110010001100000000000001010010000000000000000000000000000000000000001100000100000000100000000000000000000000000000000000000000000000000000000000000000000000000000000000000000000000000000000000010000100000000
000000000000000000000000000000000000011000000000000000000010010000000000000000000000000000000000000001100000000000001010000000000000000000000000000000000000011100000000000000000000000000000000000000000000000000000000000000000101001000000000
000000000000000000000000000000000000111010000000000000011100000000000000000000000000100000000000000000000000011000010010001100000000000000000000000000000000000000000000000000000000000000000000000000000000000000000000000000011000001100000000
000000000000111000011000000000000000000011000000000000000000000000000000000000001011010110001100000000000000010001001100010010000000000000000000000000000000000000000000000000000000000000000000000000000000000000000000000000000010001000000000
000000000000000000010100000000000000000101000000000000000000000000000000000000011111010110001100000000000000010000100000010100000000000000000000000000000000000000000000000000000000000000000000000100110000110000000000000000011010010000000000
000000000000000000001000000000000000000000000000000000000000000000000000000000011100100000000000000000000000000001100000001000000000000000000000000000000000000000000000000000000000000000000000000000100000101000000000000000001010010000000000
000000000000000000000000000000000000000000000000000000000000000000000000000000000000000000000000000000000000000000000000000000000000000000000000000000000000000000000000000000000000000001100000001111000000010000000000000000000111000000000000
000000000000000000000000000011000000000000000000000000000000000000000000000000000000000011100000000000111100000000000110000000000000000000000000000000000000000000000000000000000000000010010000001110100000000000000000000000000110000000000000
000000000000000000000000000011000000000000000000000000000000000000000000000000000000000100010000000000000011000000000110000000000000000000000000000000000000000011000000000000000000000010100000010100000000000000000000000000000011000101000000
000000000000000000000000000000000000000000000000000000000000000000000000000000000000000100010000000001000011001100110111100000000000000000000000000000000000000011000000000000000000000001000000001100011000000000000000000000000001001000000000
000000000000000000000000000000000100000000000000000000000000000000000000000000001100000011100000000001000010001000110111110000000000000000000000000000000000000000000000000000000000000000000000000000011100000000000000000000000001000101000000
000000000000000000000000000000001000000000000000000000000000000000100000000000010010000000000000001100000110000000010101010000000000000000000000000000000000000000000000000000000000000000000000000000011010000000000000000000000000000010000000
000000000000000000000000000000001110000000000100000000000000000001010000000000010100000000000000010010000100000000000011011000000000000000000000000000000000000000000000000000000000000000000000000000000111000000000000000000000000000000000000
000000000000000000000000000000000000000000000100000000000000000001010000000000001000000000000000001110001000000000000011010000000000000000000000000000000000000010000000000000000000000000000000000000001101000000000000000000000000000000000000
000000001100000000000000000000000000000000000100000000000000000000100000000000000000000000000000001000110000000000000000100000000000000000000000000000000000000010000100000000000000000000000000000000001110000000000000000000000000000000000000
000000001100000000000000000000000000000000000000000000000000000000000000000000000000000000000000000101100000000000000000000000000000000000000000011100000000000010001010000000000000000000000000000000000000000000000000000000000000000000000000
000000000000000000000000000000000000000000000000000000110000000000000000000000000000000000000000001001000000000000011000010000000000000000000000000000000000000000001001000000000000000000000000000000000000000000000000000000000000000000000000
000000000000000000000000000000000000000000000000000000110000000000000000000000000000000000000000000010000000000001100111101000000000000000000000000000000000000000000110000000000000000000000000000000000000000010000000000000110000000000000000
000000000000110000000000000000000000000000000000000000000000000000000000000000000000000000000000000000000000000001000001101000000000000000000000000000000000000000000000000000000000000000000000000000000000000111000000000000110000000000000000
000000000000110000000000000000010000000000000000000000000000110110000000000000000000000000000000000000000000000110000111011000000000000000000000000000000000000000000000000000000000000000000000000000000000001010110000000000000000000000000000
000000000000000000000000000000101000000000000000000000000000110000000000000000000000000000000000000000000000001011100010000000000000000000000000000000000000000000000000000000000000000000000000000000000000001000000000000000000000000000000000
000000000000000000000000000000101000000000000000000000000000100100000000000011000000000110000000000000000000000001001000000000000000000000000000000000000001100000000000000000000000000000000000000000000000010110010000000000000000000000000000
000000000000000000000000000000010000000000000000000000000000000000000001110010100000001001000000000000000000001001001010000000000000000000000000000000000001100000000000000000000000000000000000000000000001110011000000000000000000000000000000
000000000000000000000000000000000000000000000000000000000000000000000001010001000000001001000000000000000000001001000110011000000000000000000000000000000000000000000010000000000000000000000000000000011000000011000000000000000000000000000000
000000000000000000000000000000000000000000000000000000000000000000000110010000000000000110000000000000000000000101000111010000000000000000000000000000000000000000000010000000000000000000000000000000100100011100010000000000000110000000000000
000000000000000000000000000000000011000000000110000000000000100000000100000000000000000000000000000000000000000010000001100000010000000000000000000000000000000000000010000000000000000000000000000000111000001000110000000000001001000000000000
000000000000000000000000000000011011000000000110000000000000100000000000100000000000000000000000000000000000000000000001001000010000000000000000000000000000000000000000000000000000000000000000000000001000000000000000000000000110000000000000
000000000000000000110000001100010000100000000000000000000000000000000010000000000000000000000000000000000000000000000000101000000000000000000000000000000000000000111000000000000000000000000000000000010000000110000000000000000000000000000000
000000001000000000110000010010000011000000000000000000000000000000000000110001100000000000000000000000000000000000000000010000000000000000000000000000000000000000000000000000000000000000000000000000010000000000000000000000010000000000000000
000000010100000000000000001110101110000000000000000000000000000000000000000000000000000000000000000000000000000000000000000000000000000000000000000000000000000000000000000000000000000000000000000000000000000000000000000000111000000000000000
000000100100000000000000000111111000000000000000000000000000000000000000000000000001100000001000000000000000000000000000000000000000000000000000000100000000000000000000000000000000110000000000000000000000000000000000000001100100000000000000
000000011000001100000000000010000000000000010000000000000000000000110000000000000010010000010100000000000000000000000000000000001100000000000000001010000000000000000000000000000000110000000000000000000000000000000000000000101000000000000000
000000000000001100000000000001000000000000110000000000000000000001010000000000000010010000011000000000000000000000000000000000001100000000000000000010000000000000000000000000000000000000000000000000111000000000000000000011001000000000000000
000000000000000000000000000000000000000001001000000000000000000000000000000000000001100000000000000000000000000000000000000000000000000000000000001100000000000000000000000000000000000001100000000001101110000000000000000111010000000000000000
000000000000000000000000000000000001110001010000011000000000000001000000000000000000000000000000000000000000000000000000000000000000000000001100000000000000000000000000000000000000000010010000000001100010000000000000000000100000000000000000
000000000000000000000000000000000000000000110000011000000000000000110000000100000000000000000000000000000000100000000000000000000000000000001100000000000000000000001110000000000000000001100000000000011011000000000011000101000000000000000000
000000000000000000000000000000000000000000000000000000000000000000100000000100000000000000000000000000000000100000000000000000000000000000000000000000000000000000001011000000000000000000000000000000011011000000000000100010000000000000000000
000000000000000000000000000000000000000000000000000000000000000000000000000100000000000000000000000000010001100000001100000000000000000000000000000000000000000000000111000000000000000000000010000000001010000000001011100000000000000000000000
000000000000000000000000000000000001110000000000000000000000000010000000000000000000000000000000000001110000000000011100000000000000110000000000000000000000000000000000000000000000000000000011000000000100000000011000000000000000000000000000
000000000011000000000000000000000001100100000000000000000000000111000000000000000000000000000000000011000101100000010011000111000001010000000000000000000000000000000000000000000000000000000001100000000000000000010000100000000000000000000000
000000000100100000000000000000000000111000011100000000000001111001000000000000000000000000000000000100000000110000011011001000100011000000000000000000000000000000001100000000000000000000000000100000000000000000010110010000000000000000000000
000100000011000000000000000000000000010000000000000000000010011110000000000000000000000000000000000110000001001000000010010000010001011000000000000000111000000001100110000000000000000000000000000000000000000000010000010000000000000000000000
000100000000000000000000000000000000000000000000000000000100000110001100000011000000000000000000011110000000001100000010100010001000111000010000000011011000000000011100000000000000000000000000000000000000000000010111110000000001000000000000
000100000000000000000000000000000000000000000000000000000111110110000000000011000000000000000000011110000001100000000000100101001000010110111000000000001100000000000101000000000000000110100000000000000000000000000100010110000011100000000000
000000000000000000000000000000000000000000000000000000000101010100000000000011000000000000000000000000000001100000000111100010001000000010000100000000000000000000000011000000000000000100001001110000000000000000000011110111000110010000000000
000000000000000000000000000000000000000000000011000000000011010010000000000000000000000000000001100000000000110011000000010000010000001100001000000000001100000000000101000000000000100100010000010000000000000000000100010110000110111000000000
000000000000000000000000000000000000000000000100100000000011101110000000110010000000000000000010010000000000110001000000001000100000010100010000000000000000000000000010000000000000101111100001010000000000000000010111110000000111110000000000
000000000000000000011000000000000000000000000011000000000000001110000000011100000000000000000010010000000000000000100000000111000000000000010000000000000000000000000000000000000000010000000001100000000000000000010000010000000001000000000000
000000000000000011000000000000000000000000000000000000000001000000000000001000000000000000000000000000000001100011000000000000000000010000001100000000000000000000000010000000000000000000000000000000000000000000010110010000000000000000100000
000000000000000000010110000000000000000000000000000000000010100000000000000000000000000000000000000000000100000100000000000000000000001001001100000000000000000000000110000000000000000000000000000000000000000000010000100000000000000010001000
000000000000001101000110000110000000000000000000000000000100100000000000000000000000000000000000000000000100001000000000000000000000000000001011000000000000000000000101000000000000000000000000000000000000000000011000000000000000000100001000
000000000000001100010110000110000000000000000001100000000010010000000000000000000000000000000000000000000100000100000000000000000000001011010000100000000000000000000010000000000000000000000000000000000000000000001011100000000000001000000100
000000011000001101000000000000000000000000000000110000000010010000000000000000000000000000000000000000000001100011000000000000000000001000101000100000000000000000000011000000000000000000000000000000000000000000000000100000000000000000100110
000000011000000000011000000000000000000000000001000000000000000000000011100000000000001000000000000000000000000000100010000000000000001000010000100000000000000000011000000000000000000000000000000000000000000000000011000000000000010000001000
010000000000000011000000000000000000000000000000000011000000110111000100010000000000011100000000011101000000010001000010000000000000000110000011000000000000000000110001000000000000000000000000000000000000000000000000000000000000010000000100
000000000000000000000000000000000000000000000000000100100000000000001000001000000000101011000000110011100000001001000010000000000000000001000100000000000000000001000001000100000000000000000000000000000000000000000000000000000000000000010010
000000000000000000000000000000000000000000000000000011000000000000001000001000000001101000000010001100000000001110000000000000000000000001000100000000000000000010010000001011000000000000000000000000000000000000000000000000000000001001110010
100000000000000000000000000000000000000000000000000000000000000000001110111000000000111100100111000001000000000000111000111000000000000000011000000000000000000100010010001000100000000000000000000000000000000000000000000000000000000100100111
100000000000000000000000000000000000000000000000000000000000000000000000000000000000011000100010011110000000000000000000000000000000000000100000000000000000000001000110010000010000000000000000000000000000000000000000000000000000000011000000
000011000000000000000000000000000000000000000000000000000000000000000000000000000000001000100010111100000000000000000010000000000000100011100000000000000000001000000000001000100000000000000000000000000000000000000000000000000000000000000000
000011000000000000000000000001110000000000000000000000000000000000000000000000000000011000000111111000000000000000000010000000000000100000000000000000000000000000000000000010000000000000000000110000000000000000000000000000000000000011000000
000000000000000000000000000000000000000000000000000000000000000000000000000000000000010000000000000000100000000000000010000000000000100000000000000000000000000110110001000000000000000000000001001000110000000000000000000000000000000011101110
100000000000000000000000000100000100000000000000000000000000000000000000000000010000000000000000000011001000000000000000000000000000000000000000000000000000000001001011100000000000000000000000110000110000000000000000000000000000000000000100
000000000000000000000000000100000100000000000000000000000000000000000000000000001100000110010000000000100000000000000000000000000000100000000000000000000000000000001100000000000000000000000000000000000000000000000000000000000000000111100100
000000001110000000000000000100000100000000000000000000000000000000000000000000000000000001100110001000110110000000000000000000000000100000000000000000000000000000001011000000000000000000000000000000000000000000000000000000000000001000000000
000000000000000011000000000000000000000000000000000000000000001110000000000000000000000011100000100001010100110000000000000000000000100000000000000000000000000000000100000000000000000000000000000000000000000000000000000000000000001000100000
000000000000000011000000000001110000000000000000000000000000000000000000000000000000000111010000010001111000110000000000000000000000000000000000000000000000000000000000000011100000000000000000000000000000000000000000000000000000010000000000
000000000000000000000000000000000000000000000000000000000000000000000000000000000000000111000000000100000000000000000000000000001110001110000000000000000000000000000000000000000000000000000100000000000000000000000000000000000000000001100000
000000000000000000000000000000000000000000000000001100000000000001110000000000000000000101110001000011010000000000000000000000000000000000000000000000000000000000000000001101011000000000001010000000000000000000000000000000000000000000000000
000000000000000000000000000000000000000000000000010110000000000001001000000000000000001101111001000000110000000000000000000000000000100000000000000000000000000000000000001000001000000000001001000000000000000000000000000000000000000000000000
000000000000000000000000000000000000000000000000110011000000000001000100000000000000110000010100010000000000000000000000000000000000100000000000000000000000000000000000000111000000000000000110000000000000000000000001110000000000000000000000
000000000000000000000000000000000000000000000000010010000000000000000100000000000000110000111100000000000000000000000000000000000000100000000000000000000000000000000000010000010000000000000000000000000000000000000010011000000000000000000000
000000000000000000000000000000000000000000011101111100000000000001000100000000000000001000010100000000000000000000000000000000000000000000000000000000000000000000000000011111100000000000000000000000000000000000000010000000000000000000000000
000000000000000000000000000000000000000000011011111000000000000001001000000000000000000011100001000000000000000000000001100000000000000000000000000000000000000000000000100001000000000110000000011000000000000000000001110000000000000000000000
000000000000000000000000000000000000000000000010010000000000000001110000000000000000000001100000000000000000000000000001100000000000000000000000000000000000000000000000001101000000001001000000011000000000000000001000000000010000000000000000
000000000000000001110000000000000000000000000001110000000000000000000000000000000000000000000000000000000000000000000000000000000000000000000000000000000000000000000000001110000000000110000000011000000000000000001000000000011000000000000000
000000000000000000100000100000000000000000000000000000000000000000000000000000000000001000000000000000000001100000000000000000000000000011000000000000000000000000000000000000000000000000000000000000000000000000001000000000010000000000000000
000000000000000001100001110000000000000000000000000000000000000000000000000000000000011100000000000000000001100000000000000000000000000011000000000000001100000000000000000000000000000000001100000000110001000000000001110000000000000000000000
000000000001100100100011011000000000000000000000000000000000000000000000000000000000101110000000000000000000000000000000000000000000000000000000000000010010000000000000000000000000000000010100000001011110100000000010000000000000000000000000
000000000001100100010011011000000000000000000000000000000000000000000000000000000001110110000000000000000000000000000000000000000000000000000000000000001100000000000000000000000001100000011000000001000100100000000010011000000000000000000000
001000000000000010011010111000000000000000000000000000000000000000000000000000000000111000000000000000000000000000000000000000000000000000000000000000000000000000000000000000000001100000000000000000110100010010000001110000000000000000000000
001000000000000000111111110000000000000000000000000000000000000000000000000000000100001110000000000000000000000000000000000000000000000000000000000000000000000000000000000000000000000000000011000000101001100110000000000000000000000000000000
001000000000000000000000000000000000000000000000011000000000000000000001000000001100101111000000000000000000000000000000000000000000000000000000000000000000000000000000000000000000000000001001000000010000001010000000000000000011100000001110
000000000000000000000000000000000000000000000001010000000000000000000001000000011100100000000000000000000000000000000000000000000011000000000000000000000000000000000000000000000000000000011001000000001110000000000000000000000000000001111101
000000000001110000000000000000000000000000000100000010000000000000000001000000001101001111000000000000000000000000000000000111000010100000000000000000000000000000000000000000000011000000000000000000000001000000000000000000000000000100110011
000000000000000000000000000000000011010000001101000011000000000000000000000000000101011100000000000000000000000000000000000000000001000000000001110000000000000000000000000000000100100000000000000000000011000000000000000000000000000100010000
000000000000000011000000000000000011110000001110000000000000000000000000000000000011000000000000000000010000000000000000000000000000000000000000000000000000000000000000000000000101000000000000000000000011000000011100000000000000001000010000
000000000000001100100000000000000100010000000000000001010000000000000000000000011110000000010000000000010000000000000000000000000000000000000000000000000000000000000000000000000010000000000010100000000000000000010010000000000000001001110000
000000000000001101110000000000000011100000000000000001010000000000000000000000100010000000101000000000010000000000000000000000000000000000000000000000000000000000000000000000000000000000000010010000000000000000010010000000000000001000000000
000000000000001111100000000000000011100000000000000000000000000000000000000000100001000000101100000000000000110000000000000000000000000000000000000000000000000000000000000000000000000000000100100001010000000000010010000000000000000000000000
000000000000000010100000000000000000100000000000000000000000000000000000000000010000000000101000000000000000110000000000000000000000000000000000000000000000000000000000000000000000000000000011000011100000000110001100000010000000000000000000
000000000000000001000000000000000000000000001000000000000000000000000000000000001100000010101000000000000000000000000100000000000000000000000000000000000000000000000000000000000000000000000000000000000000000100110000000101000000000000000000
000000000000000001000000000000000000000000001000000000000000000000000000000000000001000001101100000000000000000000000100000000000000000000000000000000000000000000000100000000000000000000000000011110010000000010010000000101000000000000000000
000000000000000000000000000000000000110000001000000000000000000000000000000000000000110000101000000000000000001110000100000000000000000000000000000000100000000000000100000000000000000000000000000000010000000011100000000010000000000000000000
000000000000000000000000000000000001001000000000000000000000110000000000000000000000000001100010000000000000000000000000000000000000000000000000000001010000000000000100000000000001000000000000101100000000000000000000000000000000000000000000
000000000000000001100000000000000001010011100011100000000001001000000000000000000000000000011010000000000000000000000000000001100000000000000000000001010000000000000000000000110010100000000000101001111000000000000000000000000000000000000000
000000000000000010100000000000000000100000000000000000000001110000000000000000000000000000000100000000000000000000000000000001110000000000000000000000100000000000000000000000110010100000000000110000100100000000000000000000000000000000000000
000000000000000011000000000111000000000000001000000000000000000000000000000001000000000000000000000000000000000000000000000000000100000000000000000000000000000000000001000000000001000000000000110001000010000000000000000000000000000000000000
000000000000000000000000000001000000000000001000000011010000000000000000000010100000000000000000000000000000000000000011000001101000000000000000011000000011000000000010100000000000000000000000000000101100000000000000000000000000000000000000
000000000000000000000000000010000000000000001000000000111000000000111000000001100000000000000000000000000000011000000011000000101000000110000000100100000100100000000010100000000000000000000000000010101000000000000000000000000000000000000000
000000000000000000000000000000000000000000000000000001101100000000110000000000000000000000000000000000000000011000000000000001001100101110000000011000000011000000000001000000000000000000000000000100000000000000000000000000000000000000000000
000000000001100000000000000000000000000000000000000000001100001001100000000000000000000000000000000000000000000000000000000011001010111100000000000000000000000000000000000001100000000000000000000110010000000000000000000000000000000000000000
000000000001100000000000000000000000000000000000000000000110001011000000000000000000000000000000000000000000000000000000000000000111101000000000000000100000000000000000000001100000000000000000110001100000000000000000000000000000000000001100
000000000000000000000000000000000000000000000000000001111100001100000000000000000000000000000000000000000000000000000000000000000010001100000000000001010000000000000000000000000001000000000000110000000000000000000000000000000000000000001100
000000000000000000000000000000000000000000000000000001111000000000000000000000000000000000000000000000110000000000000000000000000000011000000000000010000000000110000000000000000010100000000000010000000000000000000000000000000000000000000000
000000000000000000000000000000000000000000000000000000100000000000000000000000000001000000000000000001011000001100000000000000000000010000000000000010001000001010000000000000000001100000000000000000000000000000000000000000000000000000000000
000000000000000000000000000000000000000000000000000000000000000000000000001100000001000000000000000111000100010010000000000000000000000000000000000010001100001100000000000000000000000000000000011000000000000000000000000000000000000000000000
000000000000000000000000000000000000000000000000000000000000000000000000001100000001000000000000000010011000001100000000000000000000000000000000000001000001011010000000000000000000000000000000000000000000000000000000000011000000000000000000
000000000011000000000000000000000000000000000000000000000000000000000000000000000000000000000001000000101000000000000000000000000000000000000000000000101110011111000000000000000000000000000000000000000000000000000000000100100000000000000000
000000000010010000000000000000000000000000000000000000000000000100000000000000000000000000000011000000011000000000000000000000000000000000000000000000000000011001000000000000000000000000000000000000000000000000000000000110110000000000000000
000000000000001000000000000000110000000000000000000000001100010001000000000000000000000000000001100000110000000000000000000000000000000011100000000000000000001110000000110000000000000000000000000000000000000000000000000000101000000000000000
000000010001000000100000000000000100000000000000000000010010010000100000000000000000000000000000110000010100000000000110000000000000000000000000000000000000000100000000110000000000000000000000000000000000000000000000000000001100000000000000
000000101000101001001000000000010100000000000000000000000011000000100000000000000000000000000000111000110110000111000110000000000000000000000000000000000000000000000000000000000000000000000000000011000000000000000000000001000100000001100000
000000101000000000100000000000100100000001110000000000000000010000100000000000000000000000000000000000010100000000100000001000000000000000000000000000000000000000000000000000000000000000000000000011000000000000000000000001001000000010010000
000000010000000000001100100000110000000001110000000000000011100001000000000011000000000000000000000011000000001000100000011100000000000000000000000000000000000000000011000000000000000000000000000000000000000000000000000000111000000001100000
000000000000000000001001000000110000000000100000000000000001000100000000000010100000000000000000000000011100001010010000101010000000000000000000000000000000000000000100100000000000000000000000000000000000000000000000000000000000000000000000
000000000000000000000111000000000000000010100000000000000000000000000000000001000000000000000000000001001100000001010000100010000000000000000000000000000000000000000011000000000000000000000000000000000000000000000000000000000000000000000000
000000100000000000000111000000000000000010100000000000000000000000000000000000000000000000000000000001100000000010000011000001100000100000000000000000000000000000000000001000000000000000000000000000000000000000000000000000000000000000000000
000000100000000000000000000000000000000000000000000000000000000000000000000000000000000000000000000110000000000100000100001000010000100000000000000000000000000000000000010100000000000000000000000000000000000000000000000000000000000000000000
000000100000000000000000000000000000000000000000000000000000000000111000000000000110000000000000000110001111001000000110010100111000100000000000000000000000000000000000010100000000000000000000000000000000000000000000000000000001100000000000
000000000000000000000000000000000000000000000000000000001000000000000000000000001001000000000000000000001111000000010100001000010000000000000000000000000000000000000000001000010000000000000000000000000000000000000000000000000010010000000000
000000000000000000010000000000000000000000000000000000001000000010000010000000000110000000000000000100000110111011100011000001100000000000000000000000000000000000000000000000101000000000000000000000000000000000000000000000000001100000000000
000000000000000000101000000000000000000000000000000000001000000010000010000000000000000000000000000000010001000111000000100010000000000000000000000000000000000000000000000000010000000000000000000000000000000000000000000000000000000000000000
000000000000000001101100000000000000000000000000000000000000000010000010000000000000000000000000000010001100000000000000101010000000000000000000000000000000000000000000000000000000000000000000000000000000000000000000000000000000000000000000
000000000000000000010000000000000000000000000000000011100011100000000000000000000000000000000000000000011100000000000000011100011000000000000000000000000000000000000000000000000000000000000000000000000000000000000000000001100000000000000000
000000000000000000000000000000000000000000000000000000000000000000111000000000000000000000000000000000011000000000000000001000011000000000000000000000000000000000000000000000000000000000000000000000000000000000000000000001100000000000000000
000000000011000000000000000000000000000000000000000000001000000000000000000000000000000000000000000000000000000000000000000000000000000000000000000000000000000000000000000000000000000000000000000000000000000000000001100000000000000000000000
000000000110100000000000000011000000000000000000000000001000000000000000000000000000000000000000000000000000100000000000100000000000000000000000000000000000000000000000000000000000000000000000100000000000000000000000110000000000000000000000
000000000010110000000000000000100000000000000000000000001000000000000000000000000000000010000000000000000011010000000001110000000000000000000000000000000111000000000000000000000000000000000001010010100000000000000010100000000000000000001000
000000000001100000000101101101100100000000000000000000000000000000000000000000000000000100100000000000000011100000000000010000000000000000000000000000001001000000000000000000000000000000000001010000000000000000000001001110000000000100010000
100000000000000000000010011011101010000000000000011100000000000000000000000000000000000100100000000000001010000000000000000000000000000000000000000000001000010000000000000000000000000000000000010100000000000000000000000000000000001000010001
100000000000000010100000011011010010000000000000001110000000000000000000000000000000000001000000000000001100000000000000000000000000000000000000000000001110000000000000000000110000000000000000110000100000000000000000000000000000001001001000
100000000000000001000100001100001100000000000000000000000000000000000000000000000000100000000000000000010000011000000000000000000000000000010000000000000100001000000000000010000000100000000000110100001000000000000000000000000000000111100010
000000000000000000111110000000000000000000000000000000000000000000000000000000000001010000000000000000001101001000000000000000000000000000100000000000000010010000000000000010001101011000000010010100000010000000000000000000000000000001100011
000000000000000000100001000000000001110000000000000000011100000000000000000000000001010000000000000000000011010000110110100000000000000000010000000000010000100000000000000000000101011000000001010010000010000000000000100000000000000000000000
000000000000000001000010000000000000000000000000000000011011000000000000000000000000100000000000000000000001110000100010110000000000000000010000000000011010100000000000000000000000100000000001111000001001000000000000100000000000000000000000
000000000000000000111000000000000000000000000000000000011010100000000111000000000000000000000000000000000000000000011100000000000000000000000000000000001100000000000000111001000011000000000000001111100010000000000000100000000000000000000000
000000000000000000000000000000000000000000000000000000000000100000000000000000000000000000000000000000000000000000001000011000000000000000000000000000000000000000000001110000100001000000000000000100011100000000000000000000000000000000000000
000000000000000000000000000000000000000000000000000000001000100000000000000000000000000000000001000000000000000000000000001000000000000000000000000000000000000000000000000011111110000000000000000011100000011100000000000000011000000000000000
000000000000000000000000000000000000000000000000000000001001000010000000000000000000000000000000100000000000000000000000000000000000000000000000000000000000000000000000101111100000000000000000000010010001101010000000000000011000000000000000
000000000000000000000000000000000000000111000000000000001110000101000000000000000000000000000000100000000000000000000000000000000000000000000000000000001000000000000000100000000000000000000000000001000010100010000000000000000000000000000000
000000001100000001000011000000000000000000000000000000000000001000000000000000000000000000000000000000000000110000000000000000000000000000000000011000010100000000000000010101100000000000000000000000000010001010000000000000000000000000000000
000000001100000001000100100000000000000000000000000000000000001001000000000000000000000000000000000000000001001000000000000000000000000000000000011000110010000000000000001000100000000000000110000000000010101100000000000000000000001110000000
000000000000000001000011000000000000000000000000000000000000011010000000000000000000000000000000001110000000110000000000000001100000000000000000101000010010000000000000000011000000000000001001000000000001110000000000000000000000011100000000
000000000000000000000000000000000000000000000000000000000000111000000000000000000000000000000000011110000000000000000000000010100000000000000001100001000110000000001100000010000000000000001010000000000000000000000000000000000000000000000000
000000000000000000000000000000000000000000000000000000000000011011000000000000000000000000000000101110000000000000000000000011000000000000000101001001000000000000001010000001000000000000000100000000000000000000000000000000000000000000000000
000000000000000000000000000000000000000000000000000000000000010011000000000000000000000000000001100000000000000000000000001100000000000000000101110001100000000000000100000000000000000000000000000000000000000000000000000000000000000000000000
000000000000000000000000000000000000000000000000000000000000001110000000000000000000000000000001100000000000000000000000010100011000000000000000001001000000000000000000000000000000000000000000000000111000000000000000000000000000001000011000
000000000000000000000000001100000000000000111000110000000000000100000100000000000000000000000010100000000000000000000000011000011000000000000000001110000000000000000000000000000000000000000000000001100100000000000000000000000000011100011000
000000000000000000000000001100000000000000000000000000000000000000010100000000000000000000000000100000000000000000000000000000000000000000000000000000000000000000000000000000000000000000000000000010000100000000000000000000110000110010000000
000000000000000000000000000000000011000000000000000000000000000000110100000000000100000000000011000000000000000000000000000000000000110000000000000000000000000000000000000000000000011100000000000001111000000000000000000000010100110010000000
000000000000000000000000000000000100100000000000000000000000000000000000000000001110000000111001000100000000000000000000000000000001001000000000000000000000000000000000000000000000011100000000000000100000000000000000000000010110111000000000
000000000000000000000000000000001011100000000000000000000000000000000100100000001101100001011100001001100000000000001100000000000001001000000111000000000000000000000000000000000000100010000000000000000000000000000000000000001010000000000000
000000000000000000000000000000011000000000000000000000000000000000001100000000010000000001111100001000010000000000010010000000000000110000001001000000000000000000000000000000000000101100000000000000000001000000000000000000001011010001000000
000000000000000000000000000000111000000000011000000000000000000000010000110001000000000000000000001000010000000000001100000000000000000000001000010000000000000000000000000000000000011100000000000000000010110000000000000000000110000010000000
000000000000000000000000000000000000000000100100000000000000000000000100000011000000000000000000000100100000000000000000000000000000000000001000000000110000000000000000000000000000000000000000000010000010010000000000000000000000010000000011
000000000000000000000000000000000011100000011000000000000000000000001100001110000101000000000000000001100000000000000000000000000000000000000000001000110000000000000000000000000000000000000000000000000001110000000000000000000000100100000110
000000000000000000000000000000000011000000000000000000000000000000000000001110000001100000000000000000000000000000000000000000000000000000000100000000000000000000000001111000000000000000000000000110110000000000000000000000000000011000000000
000000000000000000000000000000110110000000000000000000001100000000000000010001000000010010000000000000000000000000000000000000000000000000110000010000000110000010000000000100000000000000000000000000110000000000000000000000000000000000000000
000000000000000000000000000010111100000000000001100000010100000000000000010001000001100111000000000000000000000000000000000000000000010001101101100000001001100010000001001011000000000000000000001100000000000000000000000000000000000000000000
000010000000000000000000000110001000000000000001100000001000000000000000110001000000110110000000000000000000000000000000000000000000101000100001000000001000000010000000000001000000000000000000110110111000000000000000000000000000000000000000
000110000000000000000000000000000000000000000000000000000000000000000000100000000000110001000001110000000000000000000000000000000000101000010010000000000111000000000010000001100000000000000000101010001000000000000000000000000000000000000000
000100000000000000000000100100000000000000000000000000000000000000000000011000000111110001010000000000000000000000000000000000000000010000011000000000000011011000000111000001000000000000000000001101000000000000000000000000000000000000000000
000000000000000111000000100100000000000000000000000000000000000000000000000000000111101010010000000000000000000000000000000000000000000000000000011000000000000000000111100110000000000000000000011010010000000000000000000000000000000000000000
000000000000000000000000111000000000000000000000000000000000000000000000000000000001110010000000000000000000000001100000000000000000000000000000011000000000000000001110000000000000000000000000000000010100000000000000000000000000000000011000
000000000000010000000000000000111000000000000000000000000000000000000000000000010111100000000000000000000000000001100000000000000000000000000000000000000000000000110000100000000000000000000000010000001100000000000000000000000000000000011000
000000000000101000000000000000000000000000000000001000000000110000000000000000100110000011100000000000000000000000000000000000000000000000000000000000000000000001000100100000000000000000000000001001001010000000000000000000000000000000000000
000000000000101000000000000000000000000000000000010100000000110000000000000001111110000011000000000000000000000000000000000000110000000000000000110000000000000010000000100000000000000000000000000000000110000000000000000000000000000000000000
000000000000010000000000000000000000000000000000010100000000000000000000000000100100000000000000000000000000000001000000000000110000000000000000110000000000000010000000100000000000000000000000000000000000000000000000000000000000000000000000
000000000000000011000000000000000010000000000000001000000000000000000000000000010001000000000000000000000000000001000000000000000000000000000000000000000000000001111101100000000000000000000000000000000000000000000000000000000000000000000000
000000000000000011000000000110000101000000000000000000000000000000000000111000000000000000000000000000000000000001000000000000000000000000000000000000000000000000001001000000000000000000000000000000000000000000000000000000000000000000000000
000000000000000000000011000101000110000000000000000000000000000000000000000000000100100000000000000000011011100000000000000000000000000000000000000000000000000000000010000000000000000000000000000000000000000000000000000000000000000000000000
000000000000000000000011000010000000000000000000000000000000000000000000000000000011100000000000000000011110000000000000000000000000000000000000000000000000000000000000000000000000000000000000000000000000000000000000000000000000000000000000
000000000000000000000000000000000000000000000000000000000000000000000000000000000000000000000000000000010110101000000000000000000000000000000000000000000000000000000000000000000000000000000000000000000000000000000000000000000000000000000000
100000000000000000000000000000000000000000000000000000000000000000000000000000000000000000000000000000000100000010000000000000000000000000000000000000000000000000000000000000000000000000000000000000000000000000000000000000000000000000000011
000000000000000000000000000000000000000000000000000000000000000000000011000000000000000000000000000000000010000001000000000000000000000000000000000000000000000000000000000000000000000000000000000000000000000000000000000000000000000000000000
000000000000000000000000000000000000000000000000000000000000000000000011000000000000000000000000000000000000100000100000000000000000000100000000000000000000000000000000000000000000000000000000000000000000000000000000000000000000000000000000
000000000000000000000000000000000000000000000000000000000000000000000000000000000000000000000000000000010110110000010000000000000000001010000000000000000000000000000000000000000000001000000000000000000000000000000000000000000000000000000000
000000000000000000000000000000111000000000000000000000000000000000000000000000000000000000001110000000001111000000010000000000000000001010000000000000000000000000000000000000000000111100000000000000000000000000000000000000000000000000000000
000000000000000000000000000001000110000000000000000000000000000000000000000000000000000000000000000000000111000000010000000000000000000100000000000000000000000000000000000000001111100110000000000000000000000000000000000000000000000000000000
000000001000000000000000000001000000000000000000000001000000000000000000000000000000000000000000000000000000001001100000000000000000000000000000000000000000000000000000000000010010000011000000000000000000000000000000000000000000000000000000
000000000110000000000000000000111000000000000000000010100000000000000000000000000000000000000000000000000000000110000000000000000011000000011000000000000000000000000000000000010010000010000000000000000000000000000011100010000000000000000000
011000001100000000000000000001101100000000000000000010100000000001100000000000000000000000000000000000000000000000000000000000000100100000100100000000000000000000000000000000001100010100000000000000000000000011011110100010000000000000000000
011000000000000000000010000000000000000000000000000001000000000101100111100000000000000000000000000000000000000000000000000000000011000000011000000000000000000000000000000000000000001000000000000000000000000101000000100101000000000000000000