000000000010000000000010000001111000000000000000000000000000101000000000001100000000000000000000000000000000000000000000000000000000000000000000000000000000000000000001000000000000100010000000000000000000000000011000000001000000000000000000
000000000000000000000010000000011000000000000000000000000000100010000000000010000000000000000000000000000000000000000000000000000000000100000000000000000000000000000010100000000000001100010000000000000000000000010000000010100000000000000000
000000000000000000000000000000000000000000000000000000000000001010000000001100000000000000000000000000000000000000000000000000000000001010000000000000000000000000000010010000000000110000010000000000000000000000100000000110000000000000000000
000000000000000000000000000000000000000000000000000000000000001110000000000110111000000000000000000000000000000000000000000000000000001010000000000000000000000000000001100000000111110000010000000000000000000011010000000000000000000000000000
000000000000000000000000000000000000000000000000000000000000000110000000000011000000000000000000000000000000000000000000000000000000000100000000000000000000000000000000000000000110010000000000000000000000000100010000000000000000000000001100
000110000000000000000000000000000000000000000000000000000000000110000000000010010000000000000000000000000000000000000000000011000000000000000000000000000000000000000000000000000110000000000000000000000011000100110000000000000000000000010100
000110000000000000000000000000000000000000000000000000000000001011000000000001110000000000000000000000000000000000000000000011000000000000000000000000000000000000000000000000000011000000000000000000000100100011100000000000010000000000011000
000000000000000000000000000000000000000000000000000000000000011101100000000000000000000000000000000000000000000000000000000000000000000000000000000000000000000000000000000000000011000000000000000000000011000001000000000000101000000000000000
000000000000000000000000000000000000000000000000000000000000001100111101000000001100000000000000000000000000000000000000000000000011000000000000000000000000000000000000000000000110000000000000000000000000000000000000000000001100001101000000
000000000000000000000000000000000000000000000000000000000000001100110000100000010010000000000000000000000000000000000000000000000011000000000000000000000000000000000000000000000010000110000000000000000000000000000000000011110001110001000000
000000000000000000000000000000000000000000001100000000000000000011101000100000010100000000000000000000000000000000000000000000000000000000000000000000000110000000000000000000000111100001100000000000000000000000000000000101000001110101000000
000000000000000000000000000000000000000000001100000000000000000001110000100000001000000000000000000000000000000000000000000000000000000000000000000000000110000000000000000000000110110101100000000000000000001000000000000011111101110000000000
000000000000000000000000000000000000000000000000000000000000000000000011000000000000000000000000000000000000011000000000000000000000000100000000000000000000000000000000001000000000000101100000000000000000010100000000000001000111000000000000
000000000001000000000010000000000000000000000000000000000000000000000000000000000000000000000000000000000000100100000000000000000000000100000000000000000000000000000000010100000001000010000000000000000000010100000000000000000001000000000000
000000000010100000000101000000000000000001000000000000000000000011000000000000000000000000000000000000000000011000000000000000000000000100000000000011000000000011100000010100000010010000000000000000000000001000000000000001011110000000000000
000000000011000000000010000000000000000001000000000000110000000011000000000000000000000000000000000000000000000000000000000000000000000000000000000011000000000000000000001000000010011011000000000000000000000001000000000011000010000000000000
000000000000000000000000000000000000000001000000000001001100000000000000000000000000000000000000000000000000000000000000000000000000000000000000000000000000001000000000000000000010001110000000000000000000000001000000000001000011000000000000
000000000000000000000000000000000000000000000000000001101100000000000000000000000100000000000000000000000000000000000000000000000000000000000000000000000000001000000000000000000001000100000000000000000000000001000000000001011010000000000000
000000000000000000000000000000000000000000000000000000001000000000000000100000001010000000000000000000000000000000000000000000000000000000000000000000000000001000000000000000000000000000000000000000000000000000000000000001000000000000000000
000000000000000010000000000000000000000000001100000001110000000011110011011000010010000000000000000000000000000000000000000000000000000000000000000000000000000000000000000110000000000000000000000000000000000000000000000000111000000000000000
000000000000000101000000000000000000000000001010000000011000000111110111011000001100000000001000000000000000000000000000000011000000000000000000000000000000000011100000001111000000000110000000000000000000000000000000000000010000000000000000
000000000000001001000000000111000000000000000001000011010000001001110110011000000000000000001100000000000000000000000000000100100000000000000000000000000000000000000000001101000000001001000000000000000000000000000000000000000000000000000000
000000000110000110000000000000000000000000001001001000010000001100000000010000000000000000010100000000000000000000000000000011000000000000000000000000000000000000000000000000000000000110000000000000000111100000000000000000000000000000000000
000000000110000000000000000000000000000011010001010000000100000011111001100000000010000000000000000000000000000000000000000000000000000000100001110000110000000000000000000000000000000000000000000000001000110000001100000000000000000000000000
000000000000000000000000000000000000000010000010100000010110100001100001000000000110000000000000110000000000000000000000110000000001100001001010010000110000000000000000000000000000000000000000000000001000010000001010000000000000000000000000
000000000000000000000000000000000000000001000101000100000000100000001110000000001000000000000001001000000000000000000000101000000001100001011010000000100000000000000000000000000000000000000000000000000110001000001011000000000000000110000000
000000000000000000000000000000000000000000111001001001100110000000000100000000000110000000000000110000000000000000000000010010000000000000110000100011100000000000000000011000000000000000000000000000000001111000000110000000000110000110000000
000000000000000000000000000000000000000000000001000110100000000100000000000000000101100000000000000000000000000000000000001000000110000000001111000011100000000000000000110000000000000000000000000000000011000000000100000000000110000000000000
000000000000000000000000000000000000000000000000100000000000011100000000000000000000110000000000000000000000000000000000000000001001000000000100000100001000000000000000010100000000000000000000000000000101010000000000000000000000000000000000
000000000000000000000000000011000000000000000000011011100000100000000000000000000111000000000000000000000000000000000000000000001000000000000000000100000100000000000000001100000000000000000000000000001000011000000000000000000000000000000000
000000000000000000000000000011000000000000000000000001101101000010000000000000000111000001000000000000000000000000000000000000000111000000000000000010000100000101000000000000000000000001000000000000000000001000000000000000000000000000000000
000000000000000000000001110000000000000000000000000000010000100000000000000000001110000110110000100110000000000000000000000110000000000000000000000001111000000100100000000000000000000001000000000000000011000000000000000000000000000000000000
000000000000000000000000000000000000000000000000000000000000011000000000000000101000011110001000000110000000000000000000001000000000000000000000000000000000000100100000000000000000000001000000000000110000000000000000000000000000000000000000
000000000000000011000000000000000000000000000000010000000000000000000000000011011000010001111000000010000000000000000000000110000000000000000000000000000000000011000000001100000000000000000000000001001000000000000000000000000000000000000000
000000000000000011000000000000000000000000000000101000000000000000000000000000100000010001001100000000000000000000000000000010000000000000001100000000000000000000000000001100000000000000000000000011011000000000000000000000000000000000000000
000110000000000000000000000000000000000000000000101000000011000000000000000000000000001010001100000100000000000000000000000100000000000000001100000000000000000000000001000000000000000000000000000100000000000000000000000000000000000000000000
001011000000000000000000011000000000000000000000111000000011000000000000000000000000000100000110001100000000000000000000000101110000000000001000000000000001000000000010100000000000000000000000000100001000000000000000000000000000000000000000
000011000000000000000000100100000000000000000000111000000000001110111000000000000000000000000011101000000000000000000100000001011000000000001000001101000001010000000100010000000000000000000000000100001000000000000000000000000000000000000000
000001000000000000000000011000000001110000000000010000000000001000001000000000000000000000000011101100000000000000000100000001011000000000001001000001000001100000011000000000000000000000000000000001100000000000000000000000000000000000000011
000000000000000000000000000000000000000000000000101000000000001000001000000000000000000000000000011100000000000000000100000000100000000000010011000001000000000000000000000000000000000000000000000000000000000000000000000000000000000000000000
010000000000000000000000000000000000000000000000111000000000000100010000000000000000000000000000000000000000000000000000000000000000000000110110000001000000000000010001100000000000000000000000000000000000000000000000000000000000000000000011
100000100000000000000000000000000000000000000000000000000000000011100000000000000000000000000000000000000000000001110001110000000000000000111011110000000000000000010001101000000000000000000000000000000000000000000000000000000000000000000110
101000100000000000000000000000011100000000111111011000000000000000000000000000000000000000000000000000000000000000000000000000000000000001001011001010000000000000011011101000000000000000000000000000000000000000000000000000000000000000000110
110001000000000000000000000001011100000011111110010000000000000000000000000000000000000000000000000000000000000000000100000000000000000001001101001100000001000000001001010000000000000000000000000000000000000000000000000000000000000000001011
001010000000000000000000000010000000000010000000000100000000000000000000000000000000000000000000000000000000000000000100000000000000000000100011000000000001000000000100001100000000000000000000000000000000000000000000000000000000000000000110
000000000000000000000000000110000000000000011000111001110000000000000000000100000000000000000000000000000000000000000100000000000000000000011000000000000001000000000100000010000000000001100000000000000000000110000000000000000000000000000110
000000000000000000000000000011000000000011010000110101110010000000000000001010000000000000000000000000000000000000000000000000000000000000001001000000000000000000000000000100000000000010000011000000000000000110000000000000000000000000000000
000000000000000000000000000001000000001010000000111001101111000000000000000110000000000000000000100000000000000000000000000000000000010000000100000000000000000000000001001000000000000001100110100000000000000000000000000000000000000000000000
000000000000000000000000000000000000001010110000111100100001000000000000000000000000000000000001011000000000000000001100000000000000010000000000000000000000000000000000000000000000011110100010010000000000000000000000001100000000000000000000
000000000000000000000000000000000000000110010000000001100010000000000000000000000000000000000000110000000000000000010010000000000000010000000000000000000000000000000000000000000000000001000010001000000000000000000000001100000000000000000000
000000000000000000000000000000001000000011100000010010100010100000000000000000000000000000000001010000000000000000001100000000000000000000000000000000000000000000000000000000000000010001000001010000000000000000000000000000000000000000000000
000000000000000000000000000000010100000000000000011110011010100000000000000000000000000000000000110000000000000000000000000000000000000000000000000000000000000000000000000000000000000010001100100000110000000000000000000000000000000000000000
000000000000000000000000000000100000000000000000000000000000000000000000000000000000000000000010010000000000000000000000000000000000000000000000000010000000000000000000000000000000110011100100000000110000000000000000000000000000000000000000
000000000000000000000100000000011101100000000001000000000000000000000000000000000000000000000010001000000001110000000000000000000000000000000000000101000000000000000000000000000000000011000100000000000000000000000000000000000000000000000000
000000000000000000000100000000010010000000000010100000000000000000000000000011000000000000000000010000000010011000000000000000000000000000000000000101000000000000000000000000000000000000000000000000000000000000000000000000000000000000000000
000000000000000000000100000000000000110000000001100000000010000000000000000011000000000000000010010000000100000100000000000000000000000000000000000010000000000000000000000000000000000000000000000000000000000000000000000000000000000000000000
000000000000000000000000000000000001000000000000000000001111000000000000000000000000000000000010100001100010111000000000000000000000000000000000000000000000000000000000000000000000000000000000000000000000000000000000000000001000000000000000
000000000000000000000000000000000001000000000000000000011000100000000000000000000000000000000000000001100001101000000000000000000000000000000000000000000000011100000000000000000000000000000000000000000000000000000000000000010100101000000000
000000000000000000000000000000000001000111000000000000100011000000000000000000000000010000000000000000000000001000000000001100000000000000000000000000000000000000000000000000000000000000000000000000000000000000000000000000100100101000000000
000000000000111000011000000000000001110000100000000000011110000000000000000000000000101100001100000000000000010100000000010010000000000000000000000000000000000000000000000000000000000000000000000000000000000000000000000000100100010000000000
000000000000000000010100000000000000000011000000000000001000000000000000000000000000101000001100000000000000011000000000010100000000000000000000000000000000000000000000000000000000000000000000000000000000110000000000000000011000000000000000
000000000000000000001000000000000000000000000000000000000000000000000000000000000000011010000000000000000000000001110000001000000000000000000000000000000000000000000000000000000000000000000000000001010000101000000000000000010010000000000000
000000000000000000000000000000000000000000000000000000000000000000000000000000000000000110000000000000000000000000000000000000000000000000000000000000000000000000000000000000000000000001100000000000001000010000000000000000000001110000000000
000000000000000000000000000011000000000000000000000000000000000000000000000000000000000000110000000000000000000000000000000000000000000000000000000000000000000000000000000000000000000010010000000001000000000000000000000000010001000100000000
000000000000000000000000000011000000000000000000000000000000000000000000000000000000000010100000000000000000000000000000000000000000000000000000000000000000000011000000000000000000000010100000000000100100000000000000000000001001111100000000
000000000000000000000000000000000000000000000000000000000000000000000000000000000000000000000000000100011000001100000000000000000000000000000000000000000000000011000000000000000000000001000000000000001000000000000000000000000110000010000000
000000000000000000000000000000000000000000000000000000000000000000000000000000001100000011100000000110010000001100001000111000000000000000000000000000000000000000000000000000000000000000000000000000010000000000000000000000000001101001000000
000000000000000000000000000000000000000000000000000000000000000000100000000000010010000011100000001000110001000000001011011000000000000000000000000000000000000000000000000000000000000000000000000000000000000000000000000000000001100010000000
000000000000000000000000000000010000000000000100000000000000000001010000000000010100000000000000001000011110000000000001011100000000000000000000000000000000000000000000000000000000000000000000000000000001000000000000000000000000001110000000
000000000000000000000000000000010100000000000100000000000000000001010000000000001000000000000000001000000110000000000011100000000000000000000000000000000000000010000000000000000000000000000000000000000010100000000000000000000000000000000000
000000001100000000000000000000011000000000000100000000000000000000100000000000000000000000000000001100000000000000000001000000000000000000000000000000000000000010000100000000000000000000000000000000000101000000000000000000000000000000000000
000000001100000000000000000000000000000000000000000000000000000000000000000000000000000000000000000000000000000000001100000000000000000000000000011100000000000010001010000000000000000000000000000000000110000000000000000000000000000000000000
000000000000000000000000000000000000000000000000000000110000000000000000000000000000000000000000000000000000000000001000000110000000000000000000000000000000000000001001000000000000000000000000000000000000000000000000000000000000000000000000
000000000000000000000000000000000000000000000000000000110000111000000000000000000000000000000000000000000000000000000000001110000000000000000000000000000000000000000110000000000000000000000000000000000000000100000000000000110000000000000000
000000000000110000000000000000000000000000000000000000000000111000000000000000000000000000000000000000000000000001010000000011000000000000000000000000000000000000000000000000000000000000000000000000000000001110000000000000110000000000000000
000000000000110000000000000000010000000000000000000000000001001000000000000000000000000000000000000000000000000010010000101110000000000000000000000000000000000000000000000000000000000000000000000000000000011010000000000000000000000000000000
000000000000000000000000000000101000000000000000000000000000100000000000110000000000000000000000000000000000000001000011001000000000000000000000000000000000000000000000000000000000000000000000000000000000110000000000000000000000000000000000
000000000000000000000000000000101000000000000000000000000000000000000001000001000000000110000000000000000000000000110001010000000000000000000000000000000001100000000000000000000000000000000000000000000000000000110000000000000000000000000000
000000000000000000000000000000010000000000000000000000000000000000000010111001000000001001000000000000000000011101001000011000000000000000000000000000000001100000000000000000000000000000000000000000111010010000110000000000000000000000000000
000000000000000000000000000000000000000000000000000000000000000000000100011101000000001001000000000000000000010100001000001000000000000000000000000000000000000000000010000000000000000000000000000001001010001000110000000000000000000000000000
000000000000000000000000000000000000000000000000000000000000000000001010000000000000000110000000000000000000010111101000110000000000000000000000000000000000000000000010000000000000000000000000000010001000001000010000000000000110000000000000
000000000000000000000000000100000001100000000110000000000000000000001010011100000000000000000000000000000000001101000001010000000000000000000000000000000000000000000010000000000000000000000000000010011010001000101000000000011001000000000000
000000000000000000000000001111000001001000000110000000000000000000001110001000000000000000000000000000000000000111000001001000000000000000000000000000000000000000000000000000000000000000000000000011001011000000110000000000100001000000000000
000000000000000000110000110001100000001000000000000000000000000000000000010000000000000000000000000000000000000010000001001000000000000000000000000000000000000000111000000000000000000000000000000000000100000000000000000001001011000000000000
000000001000000000110000000011100010000000000000000000000000000000000000000000000000000000000000000000000000000000000000101000000000000000000000000000000000000000000000000000000000000000000000000000000000000000000000000000100000000000000000
000000010100000000000000000011111000100000000000000000000000000000000000000000000000000000000000000000000000000000000000000000000000000000000000000000000000000000000000000000000000000000000000000000000000000000000000000000000000000000000000
000000100100000000000000110001110001000000000000000000000000000000000000000000000001100000001000000000000000000000000000000000000000000000000000000000000000000000000000000000000000110000000000000000100100000000000000000000000000000000000000
000000011000001100000000000000110000000000000000000000000000000000000000000000000010010000010100000000000000000000000000000000001100000000000000000000000000000000000000000000000000110000000000000000100100000000000000000000000010000000000000
000000000000001100000000000000000000000010000000000000000000000001100000000000000010010000011000000000000000000000000000000000001100000000000000000000000000000000000000000000000000000000000000000001000110000000000000000001101000000000000000
000000000000000000000000000000000000000011000000000000000000000000001000000000000001100000000000000000000000000000000000000000000000000000000000000000000000000000000111000000000000000001100000000011100011000000000000000000001100000000000000
000000000000000000000000000000000001110000000000011000000000000001010000000000000000000000000000000000001100000000000000000000000000000000001100000000000000000000000100100000000000000010010000000001000110000000000000000010011000000000000000
000000000000000000000000000000000000000001001000011000000000000000100000000100000000000000000000000000001100010000000000000000000000000000001100000000000000000000001000000000000000000001100000000000111110000000000001100000100000000000000000
000000000000000000000000000000000000000001001000000000000000000000000000000100000000000000000000000000001100001000001000000110000000100000000000000000000000000000001100000000000000000000000111000000010100000000000011011000000000000000000000
000000000000000000000000000000000001100000111000000000000000000000000000000100000000000000000000000000000000001100001100001110000001100000000000000000000000000000000000000000000000000000001010110000001010000000000010100000000000000000000000
000000000000000000000000000000000001100000000000000000000001110000000000000000000000000000000000000011000001101100001110001100000010010000000000000000000000000000000010001000000000000000001000101000000100000000001010011000000000000000000000
000000000011000000000000000000000000000000000000000000000001111110000000000000000000000000000000000001000000101000001100000101110010100000000000000000000000000000000001010000000000000000001010001000000100000000110100000000000001000000000000
000000000100100000000000000000000000001000011100000000000001011100000000000000000000000000000000000100100000100000001000001010000001100000000000000000000000000000000000100000000000000000000110101000000000000001010001011000000011100000000000
000100000011000000000000000000000000010100000000000000000000111100100000000010000000000000000000000100100000000000000000001100010000000000000000000000000000000000000000000000000000000000000000001000000000000001111000001100000100110000000000
000100000000000000000000000000000000000100000000000000000011010010100000001111000000000000000000000000100000000000000000000010000000000100011100000000000000000000000100000000000000001110000001000000000000000000000000100111000111100000000000
000100000000000000000000000000000000001000000000000000000010000010100000001100100000000000000000000000000000000000000000000101000010001000000010000000011100000000010110000000000000000010000001100100000000000000000100010010100000101000000000
000000000000000000000000000000000000000000000000000000000011100011000000010000100000000000000001101101000000111011000110000000000010000100000010000000000000000000010100000000000000010000000001100010000000000000000000010100010000100100000000
000000000000000000000000000000000000000000000011000000000000000010100000110101100000000000000010111110000000110110100101111000000010000010000010000000000000000000001000000000000000100010010000000010000000000000000100010010100000100100000000
000000000000000000000000000000000000000000000100100000000000000010110001111000000000000000000010110000000000001000100001000000001000000000000100000000000000000000000000000000000000000000101000010110000000000000000000100111000000011000000000
000000000000000000010000000000000000000000000011000000000000110001100001111000000000000000000001000000000000000001000011111010100000000010111010000000000000000000000000000000000000100010011100001000000000000001111000001100000000000000000000
000000000000000000111100000000000000000000000000000000000000110001000001111100000000000000000000000000000000000000000000000101000000000011100010000000000000000000000000000000000000100010000000000000000000000001010001011000000000000000000000
000000000000000110010101000000000000000000000000010000000000101000000000100110000000000000000000000000000110000000000000000000000000000110001111000000000000000000000000000000000000001100000000000000000000000000110100000000000000000000000000
000000000000010100110000110110000000000000000000011000000000000000000010001100000000000000000000000000000110001000000000000000000000000000001010100000000000000000000000000000000000000000000000000000000000000000001010000000000000000000000000
000000000001100001100101000110000000000000000000101000000001110000000000000000000000000000000000000110000100010000000000000000000000000000001111110000000000000000011011000000000000000000000000000000000000000000000010000000000000000000011100
000000011000010101001100000000000000000000000000000000000000110010001100011000000000000000000000010011000000000000000000000000000000000000000101100000000000000001101001000000000000000000000000000000000000000000000011011000000000000000010100
000000011000000111100000000000000000000000000000000000000000001001100000010000000000000000000000000001100000000000000110000000000000011000000000000000000000000001011001000000000000000000000000000000000000000000000001010000000000000000011000
000000000000000001000000000000000000000000000000000011000000000100000000000100000010000000000000010000010000010001101010000000000000011000000010000000000000000100100000000011000000000000000000000000000000000000000000100000000000000000000000
000000000000000000000000000000000000000000000000000100100000000100000101000011000101000000001100000011100000010001001110000000000000000000001110000000000000000101000000000101000000000000000000000000000000000000000000000000000000000000000000
000000000000000000000000000000000000000000000000000011000000000011000110100001001000010101011000010101000000010100010000000000000000000000000000000000000000000001000000000100000000000000000000000000000000000000000000000000000000000000000000
000000000000000000000000000000000000000000000000000000000000000000110100010001000101010100001100010100000000001100011000111000000000000000000000000000000000000000100000000110110000000000000000000000000000000000000000000000000000000000011011
000000000000000000000000000000000000000000000000000000000000000000010100010110000010110000000000011100000000000011110000000000000000000000100000000000000000000011100000000001001000000000000000000000000000000000000000000000000000000000101111
000011000000000000000000000000000000000000000000000000000000000000001000001000000000010101000000000011000000000000000010000000000000100001010000000000000000000100010000000000111000000000000000000000000000000000000000000000000000000000111000
000011000000000000000000000001110000000000000000000000000000000000000000000000000000010110100000010000100000000000000010000000000000100001100000000000000000000000101111100000000000000000000000110000000000000000000000000000000000000000000000
000000000000000000000000000000000000000000000000000000000000000000000000000000000000011000000000000000101000000000000010000000000000100000000000000000000000001000000011110000000000000000000001001000110000000000000000000000000000000000100000
000000000000000000000000000100000100000000000000000000000000000000000000000000000000011001100000000100000100000000000000000000000000000000000000000000000000000001000011001000000000000000000000110000110000000000000000000000000000100100000000
000000000000000000000000000100000100000000000000000000000000000000000000000000000000000000000000000001111000000000000000000000000000100000000000000000000000000111001000110000000000000000000000000000000000000000000000000000000000100111001000
000000001110000000000000000100000100000000000000000000000000000100000000000000000000000000000000000001100100000000000000000000000000100000000000000000000000000000011101100000000000000000000000000000000000000000000000000000000000000010010000
000000000000000011000000000000000000000000000000000000000000001110000000000000000000000000000000000000011100000000000000000000000000100000000000000000000000000000001000000000100000000000000000000000000000000000000000000000000000010010000000
000000000000000011000000000001110000000000000000000000000000000000000000000000000000000000000000000000000100000000000000000000000000000000000000000000000000000000000000000001010000000000000000000000000000000000000000000000000000010100000000
000000000000000000000000000000000000000000000000000111000000001001011000000000000000110000000000000000001000000000000000000000001110001110000000000000000000000000000000000000011000000000000100000000000000000000000000000000000000000000000000
000000000000000000000000000000000000000000000000001000100000000000010000000000000001011000000000000000000000000000000000000000000000000000000000000000000000000000000000000000000000000000001010000000000000000000000000000000000000000000000000
000000000000000000000000000000000000000000000000010000010000000101010110000000000001000100000010000010111000000000000000000000000000100000000000000000000000000000000000000010000000000000001001000000000000000000000000001000000000000000000000
000000000000000000000000000000000000000000000000010100000000000000100000100000000001000001001011000001110000000000000000000000000000100000000000000000000000000000000000100010000000000000000110000000000000000000000011011000000000000000000000
000000000000000000000000000000000000000000000100100000100000000000010000100000000000100001001001000001110000000000000000000000000000100000000000000000000000000000000001000001100000000000000000000000000000000000000000110100000000000000000000
000000000000000000000000000000000000000000001000100000000000000000100000100000000000110110001011000000000000000000000000000000000000000000000000000000000000000000000001000101100000000000000000000000000000000000000000110000000000000000000000
000000000000000001110000000000000000000000001011000000000000000011000110000000000000000010001010000000000000000000000001100000000000000000000000000000000000000000000001000000000000000110000000011000000000000000000100001000010000000000000000
000000000000000010001000100000000000000000000100000000000000000100000000000000000000000101001110000000000000000000000001100000000000000000000000000000000000000000000000101001000000001001000000100100000000000000011100000000111000000000000000
000000000000000011011001010000000000000000000000000000000000000010001000000000000000000000100000000000000000000000000000000000000000000000000000000000000000000000000000100001000000000110000000011000011100000000011011000001101100000000000000
000000000000000000000010001000000000000000000000000000000000000010010000000000000000001001000000000000000001100000000000000000000000000011000000000000000000000000000000011100000000000000000000000001001100000000011100000000111000000000000000
000000000000000000000001010000000000000000000000000000000000000001110000000000000000001110000000000000000001100000000000000000000000000011000000000000001100000000000000000000000000000000011000000001000100000000000100001000010000000000000000
000000000001110100000000100000000000000000000000000000000000000000000000000000000000000000000000000000000000000000000000000000000000000000000000000000010010000000000000000000000000000000100110000000000000000000000000110000000000000000000000
000000000001110110000000000000000000000000000000000000000000000000000000000000000000000000000000000000000000000000000000000000000000000000000000000000001100000000000000000000000001100000111000000010010000111000000000110100000000000000000000
001000000000000011000000000000000000000000000000011000000000000000000000000000000000000000000000000000000000000000000000000000000000000000000000000000000000000000000000000000000001100000111000000000001110101001100011011000000000000000000000
001000000000000001000010000000000000000000000000111000000000000000000000000000000000000000000000000000000000000000000000000000000000000000000000000000000000000000000000000000000000000000000000000001011110101000110000001000000000000000000000
111000000000000000000010000000000000000000000001000000000000000000000001000000111000111000000000000000000000000000000000000000000000000000000000000000000000000000000000000000000000000000000000000000101100011000100000000000000011100001111000
100000000000100000000010000000000000000000000001101100000000000000000001000000111000000000000000000000000000000000000000000000000011000000000000000000000000000000000000000000000000000000000000000000000001110000001100000000000000000001111000
010000000000110000000000000000000000000000000000001100000000000000000001000000100000000000000000000000000000000000000000000111000010100000000000000000000000000000000000000000000011000000000000000000001100000000000100000000000000000010101000
100000000000000100000000000000000000000000000000000110000000000000000000000000000000010000010000000000000000000000000000000000000001000000000001110000000000000000000000000000000100100000000000000000000011000001100100000000000000000011000100
000000000000111110000000000000001000000000000000000100000000000000000000000011100000101000101000000000010000000000000000000000000000000000000000000000000000000000000000000000000101000000000000100000000001000000000110000000000000011100100100
000000000000100110000000000000011010000000000000000010000000000000000000000000000000101001101100000000010000000000000000000000000000000000000000000000000000000000000000000000000010000000001100110000000000000000000110000000000000011000100000
000000000000011000000000000000001011000000000000000000000000000000000000000000001100010000000000000000010000000000000000000000000000000000000000000000000000000000000000000000000000000000011000000111000000000010001001000000000000000000110000
000000000000000000000000000000000100000000000000000000000000000000000000000000000100000000010000000000000000110000000000000000000000000000000000000000000000000000000000000000000000000000001100000101000000000011000110000000000000000000000000
000000000000000001100000000000000000000000000000000000000000000000000000000000100010000000001000000000000000110000000000000000000000000000000000000000000000000000000000000000000000000000000100001000000000000101000000000010000000000000000000
000000000000000010010000000000000000000000001000000000000000000000000000000000111100000000011100000000000000000000000100000000000000000000000000000000000000000000000000000000000000000000000000011010000000000110000000000101000000000000000000
000000000000000001100000000000000000000000001000000000000000000000000000000000001100000000111110000000000000000000000100000000000000000000000000000000000000000000000100000000000000000000000000001110000000011000001000000101000000000000000000
000000000000000000000000000000000000110000001000000000000000100000000000000000000000000000011110000000000000001110000100000000000000000000000000000000100000000000000100000000000000000000000000110100000000011000001000000010000000000000000000
000000000000000000000000000000000001001000000000000000000001110000000000000000000000000001111000000000000000000000000000000000000000000000000000000001010000000000000100000000000001000000000011111100000000000000001000000000000000000000000000
000000000000000001100000000001100001010011100011100000000011111000000000000000000000000001100000000000000000000000000000000000000000000000000000000001010000000000000000000000110010100000000011011000110000000010100000000000000000000000000000
000000000000000010100000000010100000100000000000000000000100001100000000000000000000000000000000000000000000000000000000000001101100000000000000000000100000000000000000000000110010100000000011010001000000000011100000000000000000000000000000
000000000000000011000000000000100000000000001000000000001000111000000000000001000000000000000000000000000000000000000000000010101100000000000000000000000000000000000001000000000001000000000001010000100110000000000000000000000000000000000000
000000000000000000000000000000000000000000001000000000000001111000000000000010100000000000000000000000000000000000000011000000001000000000000000011000000011000000000010100000000000000000000000110000010010000000000000000000000000000000000000
000000000000000000000000000000000000000000001000000011011001111100011100000001100000000000000000000000000000011000000011000110010100000000000000100100000100100000000010100000000000000000000000000000010110000000000000000000000000000000000000
000000000000000000000000000000000000000000000000000100000000001110100100000000000000000000000000000000000000011000000000000000001011000000000000011000000011000000000001000000000000000000000000000011011000000000000000000000000000000000000000
000000000001100000000000000000000000000000000000000110001000011101111100000000000000000000000000000000000000000000000000000010111011000000000000000000000000000000000000000001100000000000000000000000000000000000000000000000000000000000000000
000000000001100000000000000000000000000000000000000010001000010101100000000000000000000000000000000000000000000000000000000000110100000000000000000000000000000000000000000001100000000000000000000000000000000000000000000000000000000000001100
000000000000000000000000000000000000000000000000000000000000110111000000000000000000000000000000000000000000000000000000000000000111010000000000000000110000000010000000000000000001000000000000000000000000000000000000000000000000000000001100
000000000000000000000000000000000000000000000000000000000000011100000000000000000000000000000000000000011100000000000000000000000010001000000000010100110100000111000000000000000010100000000000010000000000000000000000000000000000000000000000
000000000000000000000000000000000000000000000000000000000000000000000000000000000001000000000000000110110000001100000000000000000001000100000000010001101100000111000000000000000001100000000001101100000000000000000000000000000000000000000000
000000000000000000000000000000000000000000000000000000000000000000000000001100000001000000000000001101110000010010000000000000000001001000000000000000001000000000000000000000000000000000000000010000000000000000000000000101000000000000000000
000000000000000000000000000000000000000000000000000000000000000000000000001100000001000000000010000100100000001100000000000000000000010000000000000000000000000000000000000000000000000000000000000000000000000000000000001000000000000000000000
000000000011000000000000000000000000000000000000000000000000000000000000000000000000000000000101000111000000000000000000000000000000000000000000000100110110000000000000000000000000000000000000000000000000000000000000001000000100000000000000
000000000011000000000000000000000000000000000000000000001000000000000000000000000000000000000101000011011100000000000000000000000000000000000000000001000110000000000000000000000000000000000000000000000000000000000000010000000010000000000000
000000000000000000000000000000000000000000000000000000010100000000100000000000000000000000000010000000011100000000000000000000000000000011100000000000000000000000000000110000000000000000000000000000000000000000000000001111110100000000000000
000000010000000000110000000000000000000000000000000000000000000001110000000000000000000000000000000000011010000000000000000000000000000000000000000000000000011100000000110000000000000000000000000000000000000000000000000100000000000000000000
000000101000000000110000000000000000000000000000000000011000000011011000000000000000000000000000000011001011000010000000000000000000000000000000000000000000010011000000000000000000000000000000000011000000000000000000000000000000000001100000
000000101000000000000000000000000000000000000000000000000000000001110000000000000000000000000000000010001010000010100000001000000000000000000000000000000000001110000000000000000000000000000000000011000000000000000000000001000000000010010000
000000010000000000000000000001110000000000000000000000000000000000100000000011000000000000000000000111010011000101100000010100000000000000000000000000000000000100000011000000000000000000000000000000000000000000000000000011100000000001100000
000000000000000000000000000000000000000000000000000000000000000000000000000010100000000000000000000100001011001011000000010100000000000000000000000000000000000000000100100000000000000000000000000000000000000000000000000010001100000000000000
000000000000000000000011000000000000000000000000000000000000000000000000000001000000000000000000001000010000101000000000001000000000000000000000000000000000000000000011000000000000000000000000000000000000000000000000000000100100000000000000
000000100000000000000011000000000000000000000000000000000000000000000000000000000000000000000000000110010001111111100000000000000000100000000000000000000000000000000000001000000000000000000000000000000000000000000000000000111000000000000000
000000100000000000000111000000000000000000000000000000000000000000000000000000000000000000000000001000011110001001100000000000110000100000000000000000000000000000000000010100000000000000000000000000000000000000000000000000000000000000000000
000000100000000000011000000000000000000000000000000000000000000000111000000000000110000000000000001110000000110001000000000001001000100000000000000000000000000000000000010100000000000000000000000000000000000000000000000000000001100000000000
000000000000000000110000000000000000000000000000000000001000000000000000000000001001000000000000001110000000010000000110000000110000000000000000000000000000000000000000001000010000000000000000000000000000000000000000000000000010010000000000
000000000000000000000000000000000000000000000000000000001000000010000010000000000110000000000000000000000000000000000000000000000000000000000000000000000000000000000000000000101000000000000000000000000000000000000000000000000001100000000000
000000000000000000000000000000000000000000000000000000001000000010000010000000000000000000000000000000000000000000000111111000000000000000000000000000000000000000000000000000010000000000000000000000000000000000000000000000000000000000000000
000000000000000000000000000000000000000000000000000000000000000010000010000000000000000000000000000000000001100000000001110100000000000000000000000000000000000000000000000000000000000000000000000000000000000000000000000000000000000000000000
000000000110000000000000000000000000000000000000000011100011100000000000000000000000000000000000000000000010110000000000110100011000000000000000000000000000000000000000000000000000000000000000000000000000000000000000000001100000000000000000
000000000000110000000000000000000000000000000000000000000000000000111000000000000000000000000000000000000111000000000000011000011000000000000000000000000010000000000000000000000000000000000000000000000000000000000000000001100000000000000000
000000011010000000000000000000000000000000000000000000001000000000000000000000000000000000000000000000000000000000000000011000000000000000000000000000000001100000000000000000000000000000000000000000000000000000000011111000000000000000000000
000000011000101100000000110000000000000000000000000000001000000000000000000000000000000000000000000000000010000000000000000000000000000000000000000000001001100000000000000000000000000000000000010000000000000000000001000000000000000000000000
000000011010001100000110100000000000000000000000000000001000000000000000000000000000000010000000000000000010100000000000000000000000000000000000000000001111000000000000000000000000000000000000010000000000000000000001000100000000000000000000
000000000000101100001000011100000100000000000000000000000000000000000000000000000000000100100000000000000100000000000000000000000000000000000000000000010010000000000000000000000000000000000000000000000000000000000000110100000000000000000110
011000000110000000001101100010001010000000000000011100000000000000000000000000000000000100100000000000100000000000000000000000000000000000000000000000010100000000000000000000000000000000000000010000000000000000000000000000000000001100000111
011100000000110110000110111110010010000000000000001110000000000000000000000000000000000001000000000001001100010000000000000000000000000000000000000000100110000000000000000000000000000000000000101000000000000000000000000000000000001100000011
011000000000001010000010000010001100000000000000000000000000000000000000000000000000100000000000000000000111010000000000000000000000000000000000000000110110000000000000000000111000111000000001001000000000000000000000000000000000000000000111
000000000000001110000100111100000000000000000000000000010000000000000000000000000001010000000000000000000000010001100000000000000000000000110000000000000000000000000000000000110111001000000011011000000000000000000000000000000000000000000011
000000000000000000000010011000000001110000000000000000101000000000000000000000000001010000000000000000010011000001100000101000000000000000110000000000000100000000000000000000010111100000000110101000000000000000000000100000000000000000000000
000000000000000000000000000000000000000000000000000001101100000000000000000000000000100000000000000000001100000000000000101100000000000000000000000000000000100000000000000000001110110000000010111000000000000000000000100000000000000000000000
000000000000000000010000000000000000000000000000000000000000000000000111000000000000000000000000000000000110000001110010100010000000000000000000000001000001000000000000000000001111100000000011010000001000000000000000100000000000000000000000
000000000000000000010000000000000000000000000000000000000100000000000000000000000000000000000000000000000000000001011000001100000000000000000000000000000001000000000000000000000001000000000000000000001010001000000000000000000000000000000000
000000000000000000000000000000000000000000000000000000001110000000000000000000000000000000000000000000000000000000111000001000000000000000000000000000001000000000000000000000000010000000000000000001001111000100000000000000011000000000000000
000000000000000000000000000000000000000000000000000000110101000000000000000000000000000000000000000000000000000000000000000000000000000000000000000000010100000000000000100010001010000000000000000010010110001101100000000000011000000000000000
000000000000000000000000000000000000000111000000000000000001100000000000000000000000000000000000000000000000000000000000000000000000000000000000000000111100000000000001000010000000000000000000000001111000010001110000000000000000000000000000
000000001100000001000011000000000000000000000000000000100010110000000000000000000000000000000000000000000000110000000000000000000000000000000001100000110111000000000001000111100000000000000000000000111011100001100000000000000000000000000000
000000001100000001000100100000000000000000000000000000010011100000000000000000000000000000000000000000000001001000000000000000000000000000000001001000000001110000000000000001010000000000000110000000001101011000000000000000000000001110000000
000000000000000001000011000000000000000000000000000000001101000000000000000000000000000000000000000111000000110000000000000001100000000000000010000100000000010000000000000010010000000000001001000000000000110000000000000000000000110110000000
000000000000000000000000000000000000000000000000000000000000000001100000000000000000000000000000011001000000000000000000000010100000000000000001100100000001110000001100000100110000000000001010000000000000110000000000000000000000110110000000
000000000000000000000000000000000000000000000000000000000000000001110000000000000000000000000000010011000000000000000000000011000000000000000000001100000000000000001010000000000000000000000100000000000000000000000000000000000000000100000000
000000000000000000000000000000000000000000000000000000000000010110000000000000000000000000000000011000000000000000000000001100000000000000000001101000001100000000000100000111000000000000000000000000000000000000000000000000000000110110000000
000000000000000000000000000000000000000000000000000000000000110110101000000000000000000000000000100000000000000000000000010100011000000000000010001001101000000000000000000000000000001000000000000011100000000000000000000000010000110110011000
000000000000000000000000001100000000000000111000000000000000010100001000000000000000000000000000100000000000000000000000011000011000000000000010001000000000000000000000000000000000011100000000000111011000000000000000000000101000111000011000
000000000000000000000000001100000111000000000000000000000000001000010000000000000000000000000011000000000000000000000000000000000000000000000100011100100000000000000000000000000000111110000000000101100000000000000000000000001100110000000000
000000000000000000000000000000000100100000000000000000000000000000000000000000011100000001000000000000000000000000000000000000000000110000000100000001000000000000000000000000000001000001000000000100000000000000000000000000011100000000000000
000000000000000000000000000000000010000000000000000000000000000000011000000000011000000010110011010000000000000000000000000000000001001000000100010110000000000000000000000000000011001001100000000000000000100000000000000000001100000000000000
000000000000000000000000000000000011100000000000000000000000000000000010000000100100000000001011000000000000000000001100000000000001001000000010010000000000000000000000000000000111010101110000000000000001110000000000000000011100000000000000
000000000000000000000000000000000000000000000000000000000000000000010010000000101000000010000000000011000000000000010010000000000000110000110010010000000000000000000000000000000011001001100000000000000011111000000000000000000000000000000000
000000000000000000000000000000000001000000011000000000000000000000001001000000111000000000011011010000100000000000001100000000000000000000000010100000000000000000000000000000000001000001000000000000000110001100000000000000000000000000000010
000000000000000000000000000000000001100000100100000000000000000000001100100000000000000011000100001011000000000000000000000000000000000000001101000000101000000000000000001100000000111110000000000011001110001110000000000000000000111000000101
000000000000000000000000000000000010010000011000000000000000000000001100110000000100000011100000000010000000000000000000000000000000000000101000000000000011000000000000001100000000011100000000000011000110001100000000000000000001110000000101
000000000000000000000000000110000001100000000000000000000000000000000110111000000100000101100000000000000000000000000000000000000000000000000110000000100000100000000000111100000000001000000000000000000011111000000000000000000001110000000010
000000000000000000000000000110000000000000000000000000001100000000000010011011000010000000000000000000000000000000000000000000000000001000001111100000000000000000000000100000000000000000000000000000000001110000000000000000000000000000000000
000000000000000000000000000000000000000000000001100000010100000000000000010000100000000010000000000000000000000000000000000000000000010100000000100000100010000010000010101000000000000000000000000110000000100000000000000000000000000000000000
000110000000000000000000000000000000000000000001100000001000000000000000010000100000000000000000000000000000000000000000000000000000100000100110100000100000000010000010101010000000000000000000000110000000000000000000000000000000000000000000
001001000000000000000000100011000000000000000000000000000000000000000000001011111100000000100001110000000000000000000000000000000000101100100000000000101000100100001001101010011000000000000000001110000000000000000000000000000000000000000000
000110000000000000000001010101000000000000000000000000000000000000000000000000010000000000110000000000000000000000000000000000000000010000000000000000011000010000010110000000000000000000000000000010000100000000000000000000000000000000000000
000000000000000111000010011000000000000000000000000000000000000000000000000000100000001100100000000000000000000000000000000000000000000000000000011000000000000000110001000000000000000000000000000000000110000000000000000000000000000000000000
000000000000000000000010001000000000000000000000000000000000000000000000000000010000000101000000000000000000000001100000000000000000000000000000011000000000000000000111000000000000000000000000011000000011000000000000000000000000000000011000
000000000000010000000001000110111000000000000000000000000000000000000000000000000000001101100000000000000000000001100000000000000000000000000000000000000000000010000011100000000000000000000000011110000001100000000000000000000000000000011000
000000000000101000000001001000000000000000000000001000000000110000000000000000000000000000000000000000000000000000000000000000000000000000000000000000000000000000010000110000000000000000000000000110000100100000000000000000000000000000000000
000000000000101000000000111000000000000000000000010100000000110000000000000011100000000000000000000000000000000000000000000000110000000000000000110000000000000011100000010000000000000000000000000010001000100000000000000000000000000000000000
000000000000010000000000000000000000000000000000010100000000000000000000000000000000000000000000000000000000000001000000000000110000000000000000110000000000000001000000000000000000000000000000000000001001000000000000000000000000000000000000
000000000000000011000000000000000010000000000000001000000000000000000000000000000000000000000000000000000000000001000000000000000000000000000000000000000000000000000000000000000000000000000000000000000010000000000000000000000000000000000000
000000000000000011000000000110000101000000000000000000000000000000000000111000000000000000000000000000011101000001000000000000000000000000000000000000000000000000000000000000000000000000000000000000000000000000000000000000000000000000000000
000000000000000000000011000101000110000000000000000000000000000000000000000000000000000000000000000000011000100000000000000000000000000000000000000000000000000000000000000000000000000000000000000000000000000000000000000000000000000000000000
000000000000000000000011000010000000000000000000000000000000000000000000000000000110110000000000000000101101000000000000000000000000000000000000000000000000000000000000000000000000000000000000000000000000000000000000000000000000000000000000
000000000000000000000000000000000000000000000000000000000000000000000000000000000100010000000000000000101100000000000000000000000000000000000000000000000000000000000000000000000000000000000000000000000000000000000000000000000000000000000000
100000000000000000000000000000000000000000000000000000000000000000000000000000000011100000000000000000001000000000100000000000000000000000000000000000000000000000000000000000000000000000000000000000000000000000000000000000000000000000000011
000000000000000000000000000000000000000000000000000000000000000000000011000000000001000000000000000000011011000011011000000000000000000000000000000000000000000000000000000000000000000000000000000000000000000000000000000000000000000000000000
000000000000000000000000000000000000000000000000000000000000000000000011000000000000000000000000000000000000100011011000000000000000000100000000000000000000000000000000000000000000000110000000000000000000000000000000000000000000000000000000
000000000000000000000000000000000000000000000000000000000000000000000000000000000000000000000000000000000110110000000000000000000000001010000000000000000000000000000000000000000100001101000000000000000000000000000000000000000000000000000000
000000000000000000000000000000000000000000000000000000000000000000000000000000000000000000001110000000000000110000000000000000000000001010000000000000000000000000000000000000000010000100100000000000000000000000000000000000000000000000000000
000000000000000000000000000000000001000000000000000000000000000000000000000000000000000000000000000000000000000000011000000000000000000100000000000000000000000000000000000000100001000011010000000000000000000000000000000010000000000000000000
000000000000000000000000000000100000100000000000000001000000000000000000000000000000000000000000000000000000000100010000000000000000000000000000000000000000000000000000000001000100000001011000000000000000000011100100001111000000000000000000
000000000000000000000000000001110010100000000000000010100000000000000000000000000000000000000000000000000000000100100000000000000011000000011000000000000000000000000000000000110110100000110000000000000000000011100010010001100000000000000000
011000000101000000000000000010110111000000000000000010100000000000000001100000000000000000000000000000000000000011100000000000000100100000100100000000000000000000000000000000011100110110000000000000000000000100000000011110000000000000000000
011000000011000000000010000010001100000000000000000001000000100000000001110000000000000000000000000000000000000000000000000000000011000000011000000000000000000000000000000000000000100000000000000000000000000000010010000010000000000000000000