000000000011000000000111000001100000000000000000000000000001100000000000111100000000000000000000000000000000000000000000000000000000000000000000000000000000000000000001000000000000010100000000000000000000000000111000000011000000000000000000
000000000000000000000000000000001000000000000000000000000000000000000000000010000000000000000000000000000000000000000000000000000000000100000000000000000000000000000010100000000000101100000000000000000000000000111000000110000000000000000000
000000000000000000000000000000000000000000000000000000000000011011000000001001010000000000000000000000000000000000000000000000000000001010000000000000000000000000000010010000000010000000111000000000000000000001110000000111000000000000000000
000000000000000000000000000000000000000000000000000000000000001001000000001000110000000000000000000000000000000000000000000000000000001010000000000000000000000000000001100000000100001000000000000000000000000011010000000000000000000000000000
000000000000000000000000000000000000000000000000000000000000000001000000000000001000000000000000000000000000000000000000000000000000000100000000000000000000000000000000000000001000010000000000000000000000000101011000000000000000000000001100
000110000000000000000000000000000000000000000000000000000000001000000000000010010000000000000000000000000000000000000000000011000000000000000000000000000000000000000000000000000000000000000000000000000011000100010000000000000000000000010100
000110000000000000000000000000000000000000000000000000000000010000100000000001110000000000000000000000000000000000000000000011000000000000000000000000000000000000000000000000000000000000000000000000000100100010010000000000010000000000011000
000000000000000000000000000000000000000000000000000000000000010000001000000000111000000000000000000000000000000000000000000000000000000000000000000000000000000000000000000000000000000000000000000000000011000011100000000000001100000000000000
000000000000000000000000000000000000000000000000000000000000000000001000000000001100000000000000000000000000000000000000000000000011000000000000000000000000000000000000000000000100000000000000000000000000000000000000000000001100111010000000
000000000000000000000000000000000000000000000000000000000000001000000101100000010010000000000000000000000000000000000000000000000011000000000000000000000000000000000000000000000000000011000000000000000000000000000000000011111011000101100000
000000000000000000000000000000000000000000001100000000000000000110001001110000010100000000000000000000000000000000000000000000000000000000000000000000000110000000000000000000000000111100100000000000000000000000000000000100000000000010000000
000000000000000000000000000000000000000000001100000000000000000010010000100000001000000000000000000000000000000000000000000000000000000000000000000000000110000000000000000000000100111000010000000000000000001000000000000000011100011000000000
000000000000000000000000000000000000000000000000000000000000000000100001000000000000000000000000000000000000011000000000000000000000000000000000000000000000000000000000001000000011101100100000000000000000010100000000000011010100000000000000
000000000001000000000010000000000000000000000000000000000000000000000000000000000000000000000000000000000000100100000000000000000000001110000000000000000000000001000000010100000000000011000000000000000000010100000000000000100001000000000000
000000000010100000000101000000000000000000000000000000000000000011000000000000000000000000000000000000000000011000000000000000000000000000000000000011000000000001000000010100000011111111000000000000000000001000000000000011101111000000000000
000000000011000000000010000000000000000011100000000000111000000011000000000000000000000000000000000000000000000000000000000000000000000000000000000011000000000001000000001000000111010011000000000000000000000000000000000011001000000000000000
000000000000000000000000000000000000000000000000000001000100000000000000000000000000000000000000000000000000000000000000000000000000000000000000000000000000000000000000000000000011010001000000000000000000000011100000000001000011000000000000
000000000000000000000000000000000000000000000000000001100000000000000000000000000100000000000000000000000000000000000000000000000000000000000000000000000000011100000000000000000000001110000000000000000000000000000000000011000111000000000000
000000000000000000000000000000000000000000000000000000001100000001100001110000001010000000000000000000000000000000000000000000000000000000000000000000000000000000000000000000000000000000000000000000000000000000000000000001000100000000000000
000000000000000010000000000000000000000000001100000000100000000100011100001000010010000000000000000000000000000000000000000000000000000000000000000000000000000001000000001001000000000000000000000000000000000000000000000000111000000000000000
000000000000000101000000000010000000000000001010000010001000000100000000000100001100000000001100000000000000000000000000000011000000000000000000000000000000000001000000000001000000000110000000000000000000000000000000000000111000000000000000
000000000000001001000000000010000000000000000111000000010000001000010101000000000000000000010100000000000000000000000000000100100000000000000000000000000000000001000000001001000000001001000000000000000011000000000000000000000000000000000000
000000000110000110000000000010000000000000000011000000101000001100000111011000000000000000000100000000000000000000000000000011000000000000000000100000000000000000000000000000000000000110000000000000000111110000000000000000000000000000000000
000000000110000000000000000000000000000011000011010000000110000110010001100000000110000000000000000000000000000000000000000000000000000000000001110000110000000000000000000000000000000000000000000000001010010000001100000000000000000000000000
000000000000000000000000000000000000000010100010100000001111000010000001100000000110000000000000110000000000000000000000110000000001100001001010010001000000000000000000000000000000000000000000000000001000111000011011000000000000000000000000
000000000000000000000000000000000000000001111101100000101000000000001110000000001000000000000001001000000000000000000000101000000001100001001001000000000000000000000000000000000000000000000000000000000111001000001001000000000000000110000000
000000000000000000000000000000000000000000111001101001100000000000001110000000001111000000000000110000000000000000000000011100000011000000100000000010010000000000000000111000000000000000000000000000000100111000001001000000000110000110000000
000000000000000000000000000000000000000000010001100110100000000100000000000000000101110000000000000000000000000000000000000000000110000000011111000100110000000000000000100000000000000000000000000000000000001000000110000000000110000000000000
000000000000000000000000000000000000000000000000111000100000011100000000000000000100010000000000000000000000000000000000000000001010000000001100000101000000000000000000110100000000000000000000000000000101011000000000000000000000000000000000
000000000000000000000000000011000000000000000000010010110000111100000000000000000100000000000000000000000000000000000000000000001001000000000000000110001100000000000000001100000000000000000000000000000000111000000000000000000000000000000000
000000000000000000000000100011000000000000000000000010001001100000000000000000000000000011100000000000000000000000000000000000000110000000000000000011110100000010000000000000000000000000000000000000000000011000000000000000000000000000000000
000000000000000000000000100000000000000000000000000000111000110000000000000000011001000000110000000110000000000000000000000100000010000000000000000001111000001101100000000000000000000011100000000000000000000000000000000000000000000000000000
000000000000000000000000100000000000000000000000000000000000010000000000000001100000010000001000000001000000000000000000001000000000000000000000000000110000000100100000000000000000000000000000000000110000000000000000000000000000000000000000
000000000000000011000000000000000000000000000000010000000000000000000000000001001000110101100000000110000000000000000000000110000000000000000000000000000000000011000000001100000000000000000000000011001000000000000000000000000000000000000000
000000000000000011000000000000000000000000000000101000000000000000000000000001110000011011000000000000000000000000000000000010000000000000001100000000000000000000000000001100000000000000000000000011111000000000000000000000000000000000000000
000111000000000000000000000000000000000000000001101100000011000000000000000000000000001110000000001100000000000000000000000101100000000000010000000000000000000000000001000000000000000000000000000100011000000000000000000000000000000000000000
000000000000000000000000011000000000000000000001000100000011000100010000000000000000000100001000011100000000000000000000000001011000000000011000000000000000100000000011100000000000000000000000001110000000000000000000000000000000000000000000
000100100000000000000000100100000000100000000000000000000000001100011000000000000000000000000000100000000000000000000000000001000000000000011100000010000011000000001100000000000000000000000000000010010000000000000000000000000000000000000000
000011000000000000000000011000000000100000000000000000000000011000001100000000000000000000000010000000000000000000001110000001001000000000011111000001100001100000001000000000000000000000000000000000000000000000000000000000000000000000000000
100000000000000000000000000000000000100000000000101000000000001100011000000000000000000000000001110100000000000000000000000000110000000000110001000011100000000000011000000000000000000000000000000000000000000000000000000000000000000000000000
100000000000000000000000000000000000000000000000101000000000000111110000000000000000000000000000001000000000000000100000100000000000000000000000000000000000000000000001110000000000000000000000000000000000000000000000000000000000000000000111
100000000000000000000000000000001000000000011111000000000000000011100000000000000000000000000000000000000000000000100000100000000000000001000000110000000000000000110000000000000000000000000000000000000000000000000000000000000000000000000000
000001100000000000000000000000110100000000000001111000000000000001000000000000000000000000000000000000000000000000100000100000000000000001000000001000000000000000011110001000000000000000000000000000000000000000000000000000000000000000001000
101101000000000000000000000000110100000010000001110000000000000000000000000000000000000000000000000000000000000000000000000000000000000001111000101100000000000000011001010100000000000000000000000000000000000000000000000000000000000000001000
110000000000000000000000000111001000000010000000100000100000000000000000000000000000000000000000000000000000000000001110000000000000000000100011000000000011100000001110001100000000000000000000000000000000000000000000000000000000000000001000
000000000000000000000000000100000000000011111000100101010000000000000000000100000000000000000000000000000000000000000000000000000000000000011111000000000000000000000000001010000000000001000000000000000000000110000000000000000000000000000110
000000000000000000000000000101000000000111111001000100000011000000000000001010000000000000000000000000000000000000000000000000000000000000011100000000000000000000000000000100000000000010000111000000000000000110000000000000000000000000000000
000000000000000000000000000011000000000010010001000000001101000000000000000110000000000000000000110000000000000000000000000000000000000000000000000000000000000000000000000000000000001000100100100000000000000000000000000000000000000000000000
000000000000000000000000000000000000001010110000100110000001000000000000000000000000000000000001001000000000000000001100000000000000111000000000000000000000000000000000000000000000001110100010010000000000000000000000001100000000000000000000
000000000000000000000000000000000000000000010000100110110010000000000000000000000000000000000001000000000000000000010010000000000000000000000000000000000000000000000000000000000000010101100011111000000000000000000000001100000000000000000000
000000000000000000000000000000001000000111100000010010100010000000000000000000000000000000000001001000000000000000001100000000000000000000000000000000000000000000000000000000000000000011000111110000000000000000000000000000000000000000000000
000000000000000000000000000000011000000001000000011111010100000000000000000000000000000000000001011000000000000000000000000000000000000000000000000000000000000000000000000000000000110010101110100000110000000000000000000000000000000000000000
000000000000000000000000000000100110000000000000001100000000000000000000000000000000000000000001111000000000100000000000000000000000000000000000000010000000000000000000000000000000000100100110000000110000000000000000000000000000000000000000
000000000000000000000000000000111111000000000001000000000000000000000000000000000000000000000000011000000001111000000000000000000000000000000000000101000000000000000000000000000000000010100000000000000000000000000000000000000000000000000000
000000000000000000001110000000010110010000000010100000000000000000000000000011000000000000000000011000000011011000000000000000000000000000000000000101000000000000000000000000000000000000000000000000000000000000000000000000000000000000000000
000000000000000000000000000000000001100000000001100000000011000000000000000011000000000000000001110000000111100100000000000000000000000000000000000010000000000000000000000000000000000000000000000000000000000000000000000000000000000000000000
000000000000000000000000000000000001000000000000000000011011000000000000000000000000000000000001000001100010101100000000000000000000000000000000000000000000001000000000000000000000000000000000000000000000000000000000000000001000000000000000
000000000000000000000000000000000011100010000000000000011000100000000000000000000000000000000000000001100001101100000000000000000000000000000000000000000000001000000000000000000000000000000000000000000000000000000000000000010100000000000000
000000000000010000000000000000000011000011000000000000100011000000000000000000000000011000000000000000000000101100000000001100000000000000000000000000000000001000000000000000000000000000000000000000000000000000000000000000110110101000000000
000000000000010000011000000000000001100100100000000000011011000000000000000000000000101100001100000000000000010100000000010010000000000000000000000000000000000000000000000000000000000000000000000000000000000000000000000000100100010000000000
000000000000010000010100000000000000100001000000000000011000000000000000000000000000100000001100000000000000011000100000010100000000000000000000000000000000000000000000000000000000000000000000000000000000110000000000000000111100000000000000
000000000000000000001000000000000000000000000000000000000000000000000000000000000000011010000000000000000000000000100000001000000000000000000000000000000000000000000000000000000000000000000000000000000000101000000000000000011001100000000000
000000000000000000000000000000000000000000000000000000000000000000000000000000000000001111000000000000000000000000100000000000000000000000000000000000000000000000000000000000000000000001100000000000100000010000000000000000000011100000000000
000000000000000000000000000011000000000000000000000000000000000000000000000000000000000110110000000000000000000000000000000000000000000000000000000000000000000000000000000000000000000010010000000000000000000000000000000000000010000100000000
000000000000000000000000000011000000000000000000000000000000000000000000000000000000000001110000000000000000000000000000000000000000000000000000000000000000000011000000000000000000000010100000000000000000000000000000000000001101111110000000
000000000000000000000000000000000000000000000000000000000000000000000000000000000000000010100000000110011000001100000000010000000000000000000000000000000000000011000000000000000000000001000000000000011000000000000000000000000110000010000000
000000000000000000000000000000000000000000000000000000000000000000000000000000001100000010100000001110000000001100000101101000000000000000000000000000000000000000000000000000000000000000000000000000000000000000000000000000000000110111000000
000000000000000000000000000000000000000000000000000000000000000000100000000000010010000010100000001000100110000000000111000000000000000000000000000000000000000000000000000000000000000000000000000000000000000000000000000000000001101011000000
000000000000000000000000000000001000000000000000000000000000000001010000000000010100000001000000011100110001000000000100000100000000000000000000000000000000000000000000000000000000000000000000000000000001000000000000000000000000000110000000
000000000000000000000000000000110000000000001110000000000000000001010000000000001000000000000000011000000010000000000010011000000000000000000000000000000000000000000000000000000000000000000000000000000010100000000000000000000000000100000000
000000001100000000000000000000011000000000000000000000000000000000100000000000000000000000000000001100000000000000000101100000000000000000000000001000000000000111000100000000000000000000000000000000000101000000000000000000000000000000000000
000000001100000000000000000000000000000000000000000000000000000000000000000000000000000000000000000000000000000000001100000000000000000000000000001000000000000000001010000000000000000000000000000000000110000000000000000000000000000000000000
000000000000000000000000000000000000000000000000000000110000010000000000000000000000000000000000000000000000000000001100001010000000000000000000001000000000000000001001000000000000000000000000000000000000000000000000000000000000000000000000
000000000000000000000000000000000000000000000000000000110000101000000000000000000000000000000000000000000000000000000000001000000000000000000000000000000000000000000110000000000000000000000000000000000000001110000000000000110000000000000000
000000000000110000000000000000000000000000000000000000000001000100000000000000000000000000000000000000000000000000100000010001000000000000000000000000000000000000000000000000000000000000000000000000000000010010000000000000110000000000000000
000000000000110000000000000000010000000000000000000000000001001000000000000000000000000000000000000000000000000011000001011011000000000000000000000000000000000000000000000000000000000000000000000000000000100010000000000000000000000000000000
000000000000000000000000000000101000000000000000000000000000000000000000100000000000000000000000000000000000000001010011001000000000000000000000000000000000000000000000000000000000000000000000000000000000111000000000000000000000000000000000
000000000000000000000000000000101000000000000000000000000000000000000001001000000000000110000000000000000000001011110011010000000000000000000000000000000001100000000000000000000000000000000000000000010000110000110000000000000000000000000000
000000000000000000000000000000010000000000000000000000000000000000000011100101100000001001000000000000000000010110101000111000000000000000000000000000000001100000000000000000000000000000000000000000111000000001001000000000000000000000000000
000000000000000000000000000000000000000000000000000000000000000000000111100110000000001001000000000000000000110000101100101000000000000000000000000000000000000000000000000000000000000000000000000001101000011000001000000000000000000000000000
000000000000000000000000000000000000000000000000000000000000000000001010000010000000000110000000000000000000010001110000111000000000000000000000000000000000000000000111000000000000000000000000000011001000011100001000000000001110000000000000
000000000000000000000000001100000001100000000110000000000000000000011011011100000000000000000000000000000000000000000001011000000000000000000000000000000000000000000000000000000000000000000000000110011011000000101000000000011101000000000000
000000000000000000000000011101100001110000000110000000000000000000001010000100000000000000000000000000000000001001000011011000000000000000000000000000000000000000010000000000000000000000000000000011011011000000110000000000101101100000000000
000000000000000000110000011000000000000000000000000000000000000000000100000000000000000000000000000000000000000111000001101100000000000000000000000000000000000000010000000000000000000000000000000000000110000000000000000001110011000000000000
000000001000000000110000000000000000000000000000000000000000000000000000000000000000000000000000000000000000000000000000010000000000000000000000000000000000000000010000000000000000000000000000000000000000000000000000000000000000000000000000
000000010100000000000000000000001001000000000000000000000000000000000000000000000000000000000000000000000000000000000000000000000000000000000000000000000000000000000000000000000000000000000000000000000000000000000000000000000000000000000000
000000100100000000000000000010000000000000000000000000000000000000000000000000000001100000001000000000000000000000000000000000000000000000000000000000000000000000000000000000000000110000000000000000000000000000000000000000000000000000000000
000000011000001100000000000001010000000000000000000000000000000000000000000000000010010000010100000000000000000000000000000000001100000000000000000000000000000000000000000000000000110000000000000001101100000000000000000000000000000000000000
000000000000001100000000000000000000000011000000000000000000000000000000000000000010010000011000000000000000000000000000000000001100000000000000000000000000000000000010000000000000000000000000000010000101000000000000000000011000000000000000
000000000000000000000000000000000000100011000000000000000000000001010000000000000001100000000000000000000000000000000000000000000000000000000000000000000000000000000111000000000000000001100000000010100001000000000000000001100100000000000000
000000000000000000000000000000000000100011000000011000000000000000110000000000000000000000000000000000001100000000000000000000000000000000001100000000000000000000001101000000000000000010010000000010000000000000000000000000011100000000000000
000000000000000000000000000000000000100000000000011000000000000000100000000000000000000000000000000000010010000000000000000000000000000000001100000000000000000000001000000000000000000001100010000000110000000000000011110000010000000000000000
000000000000000000000000000000000000000001001100000000000000000000000000001110000000000000000000000000001100011100001100001010000001100000000000000000000000000000001100000000000000000000000111100000100000000000000010010000000000000000000000
000000000000000000000000000000000001100000111000000000000000100000000000000000000000000000000000000000000000000000010010000000000001110000000000000000000000000000000100000000000000000000001010110000001010000000000010100000000000000000000000
000000000000000000000000000000000001100000010000000000000001000100000000000000000000000000000000000011000001100000010010000001100010010000000000000000000000000000000000000000000000000000011000101000001110000000011011010000000000000000000000
000000000011000000000000000000000000000000001000000000000010000010000000000000000000000000000000000001100000101100010010000001100010110000000000000000000000000000000001110000000000000000001010001100000000000000110110100000000011100000000000
000000000100100000000000000000000000001000001000000000000001000000000000000000000000000000000000000011100000010000001100001011010001100000000000000000000000000000000000100000000000000000000111001100000000000001000000011100000010010000000000
000000000011000000000000000000000000000100001000000000000010000011000000000011000000000000000000000001110000000000000000001010000000000000001000000000000000000000000000000000000000000100000011010000000000000001011000100000000100010000000000
001110000000000000000000000000000000000100000000000000000011010010110000001001000000000000000000000000000000000000000000001010000000000000001100000000001000000000001110000000000000000110000001100000000000000000111000010001000110000000000000
000000000000000000000000000000000000000000000000000000000100000110100000010000100000000000000000000000000000010000000000000010000000001100001010000000001000000000000110000000000000001010000010000000000000000000000000110000100010100000000000
000000000000000000000000000000000000000000000000000000000011000110100000110110110000000000000001100000000000101011000111111000000111000100000111000000001000000000010110000000000000000000000001100110000000000000000000110110110001101100000000
000000000000000000000000000000000000000000000011000000000001000110110001000001100000000000000010000010000000100010100101110000000100000000000110000000000000000000001000000000000000000000010000100011000000000000000000110000100000100100000000
000000000000000000000000000000000000000000000100100000000000000010010000000100000000000000000010000100000000011110100000000100000000000001011110000000000000000000000000000000000000000001100100001110000000000000111000010001000000011000000000
000000000000000000110000000000000000000000000011000000000000110010010010000000000000000000000001100000000000000000000011111111000000000010111010000000000000000000000000000000000000000001011100001100000000000001011000100000000000000000000000
000000000000000000100110000000000000000000000000000000000001001001100000000010000000000000000000000000000000000000000001111111000000000000100000000000000000000000000000000000000000010010001000000000000000000001000000011100000000000000000000
000000000000001111000110100000000000000000000000011000000000100000000000100010000000000000000000000000000110000000000000000000000000000110011000000000000000000000000000000000000000000100000000000000000000000000110110000000000000000000000000
000000000000101100010001101110000000000000000000101000000001000000000000001110000000000000000000000000001000000000000000000000000000000000010000010000000000000000000000000000000000000000000000000000000000000000011010000000000000000000001000
000000000000110001000110101110000000000000000000001000000001010000000100010100000000000000000000000111000110000000000000000000000000000000001000010000000000000000111111000000000000000000000000000000000000000000000010000000000000000000010100
000000011000101100011110000000000000000000000000000000000001001001000000011000000000000000000000000100100000000000000000000000000000000000001100010000000000000001000001100000000000000000000000000000000000000000000011011000000000000000100100
000000011000001100100000000000000000000000000000000000000000011111000000010000000000000000000000000011100000000000000110000000000000011000000011000000000000000011001000000000000000000000000000000000000000000000000011011000000000000000011000
000000000000000001100000000000000000000000000000000011000000001110000000000010000010000000000000000010010000000001111001000000000000011000000010000000000000000001110000000011000000000000000000000000000000000000000000100000000000000000000000
000000000000000000000000000000000000000000000000000100100000000100000101000011000110000000011100001011100000110011001010000000000000000000000110000000000000000001100000000101000000000000000000000000000000000000000000000000000000000000000000
000000000000000000000000000000000000000000000000000011000000000011100101100001101100000010010000000101100000010110110000010000000000000000000100000000000000000011100000001101100000000000000000000000000000000000000000000000000000000000000000
000000000000000000000000000000000000000000000000000000000000000001110100111001000111010010011100110100000000001101001000010000000000000000000000000000000000000010100000000111110000000000000000000000000000000000000000000000000000000000011001
000000000000000000000000000000000000000000000000000000000000000000110100010110000011010010000000010100000000000111111000010000000000000000100000000000000000000011110000000011001000000000000000000000000000000000000000000000000000000000100001
000011000000000000000000000000100000000000000000000000000000000000001000001100000000010101000000010111000000000001100000000000000000000001010000000000000000000010011111000000111000000000000000000000000000000000000000000000000000000000101010
000011000000000000000000000000100000000000000000000000000000000000000000000000000000110111000000000000110000000000000111000000000001110001100000000000000000000000011100010000010000000000000000110000000000000000000000000000000000000000100000
000000000000000000000000000000100000000000000000000000000000000000000000000000000000100010100000000000010000000000000000000000000000000000000000000000000000000000000000010000000000000000000001001000110000000000000000000000000000000000000000
000000000000000000000000000000000000000000000000000000000000000000000000000000000000011000000000000001000100000000000000000000000000000000000000000000000000000101000110001000000000000000000000110000110000000000000000000000000000000101000000
000000000100000000000000001110001110000000000000000000000000000000000000000000000000000000000000000011011100000000000000000000000000000000000000000000000000000011111000010000000000000000000000000000000000000000000000000000000000000101000000
000000000100000000000000000000000000000000000000000000000000001110000000000000000000000000000000000001000100000000000000000000000001110000000000000000000000000010010101110000000000000000000000000000000000000000000000000000000000000000000000
000000000100000011000000000000100000000000000000000000000000001110000000000000000000000000000000000000110110000000000000000000000000000000000000000000000000000000011100000000100000000000000000000000000000000000000000000000000000001110000000
000000000000000011000000000000100000000000000000000010000000001010000000000000000000000000000000000000010100000000000000000000000100000100000000000000000000000000000000000000011000000000000000000000000000000000000000000000000000001000000000
000000000000000000000000000000100000000000000000000111000000000000111000000000000000111000000000000000000000000000000000000000000100000100000000000000000000000000000000000000111000000000000100000000000000000000000000000000000000000000000000
000000000000000000000000000000000000000000000000001111100000000010010100000000000001011000000000000000001000000000000000000000000100000100000000000000000000000000000000000000000000000000001010000000000000000000000000000000000000000000000000
000000000000000000000000000000000000000000000000010000000000000000011000000000000011001000000111000000001000000000000000000000000000000000000000000000000000000000000000000000000000000000001001000000000000000000000000011000000000000000000000
000000000000000000000000000000000000000000000000111000000000000000111001000000000001100010000011000010000000000000000000000000000001110000000000000000000000000000000000000010000000000000000110000000000000000000000001000100000000000000000000
000000000000000000000000000000000000000000000000110000000000000000110001110000000001110001011000100001010000000000000000000000000000000000000000000000000000000000000001100000100000000000000000000000000000000000000000000000000000000000000000
000000000000000000100000000000000000000000001010100000000000000001100001000000000000110111011011000000100000000000000000000000000000000000000000000000000000000000000011100011100000000000000000000000000000000000000000100000000000000000000000
000000000000000001110000000000000000000000001011000000000000000011000000000000000000001001011000000000000000000000000001100000000000000000000000000000000000000000000001100011100000000110000000011000000000000000000100010000111000000000000000
000000000000000010001000100000000000000000000110000000000000000101000100000000000000000011011010000000000000000000000001100000000000000000000000000000000000000000000001110000000000001001000000100100001000000000010000000001000100000000000000
000000000000000011011101110000000000000000000000000000000000000110000000000000000000000011100100000000000000000000000000000000000000000000000000000000000000000000000000100110000000000110000000011000010100000000100010000001000100000000000000
000000000000000000000011011000000000000000000000000000000000000010011000000000000000001011000000000000000001100000000000000000000000000011000000000000000000000000000000011000000000000000000000000000110010000000010000000001000100000000000000
000000000000100000000001110000000000000000000000000000000000000001110000000000000000001110000000000000000001100000000000000000000000000011000000000000001100000000000000001000000000000000011100000000001100000000000100010000111000000000000000
000000000001010110000000100000000000000000000000000000000000000000100000000000000000000100000000000000000000000000000000000000000000000000000000000000010010000000000000000000000000000000100100000000000000010000000000100000000000000000000000
000000000001010101000000000000000000000000000000000000000000000000000000000000000000000000000000000000000000000000000000000000000000000000000000000000001100000000000000000000000001100001000000000000001101101000000000000000000000000000000000
000000000000100101000000000000000000000000000000101000000000000000000000000000000000000000000000000000000000000000000000000000000000000000000000000000000000000000000000000000000001100000101000000000100010101101110001000100000000000000000000
001100000000000011000000000000000000000000000000101000000000000000000000000000010000010000000000000000000000000000000000000000000000000000000000000000000000000000000000000000000000000000010000000000100000101100010000011000000001000000110000
101000000000000000000111000000000000000000000001000100000000000000000000000000101000010000000000000000000000000000000000000000000000000000000000000000000000000000000000000000000000000000000000000000100000001000101000000000000001000001001000
101000000000110000000000000000000000000000000001111100000000000000000011100001001000010000000000000000000000000000000000000010000011000000000000000000000000000000000000000000000000000000000000000000010010111000001100000000000001000010000100
110000000000110000000000000000000000000000000000010000000000000000000000000000100000000000000000000000000000000000000000000010000010100000000000100000000000000000000000000000000011000000000000000000000100000000000110000000000000000010001100
000000000000000110000000000000000000000000000000000010000000000000000000000000100000010000010000000000000000000000000000000010000001000000000000100000000000000000000000000000000100100000000000000000000111000000001100000000000000001010111100
000000000000110000000000000000011100000000000000000100000000000000000000000001000000101001101100000000000000000000000000000000000000000000000000100000000000000000000000000000000101000000000000110000000011000000001000000000000000010110100000
000000000000100010000000000000011011000000000000000000000000000000000000000001000000101001101100000000111000000000000000000000000000000000000000000000000000000000000000000000000010000000011100110010000000000000001001000000000000010101100000
000000000000011100000000000000011011000000000000000000000000000000000000000000001100010000111000000000000000000000000000000000000000000000000000000000000000000000000000000000000000000000010000001101000000000011001001000000000000000000110000
000000000000000000000000000000000110000000000000000000000000000000000000000000001110000000000000000000000000110000000000000000000000000000000000000000000000000000000000000000000000000000010100001101000000000101000110000000000000000000000000
000000000000000001100000000000000000000000000000000000000000000000000000000000100010000000000100000000000000110000000000000000000000000000000000000000000000000000000000000000000000000000001100011010000000000101000000000010000000000000000000
000000000000000010010000000000000000000000000000000000000000000000000000000000100010000000100010000000000000000000000000000000000000000000000000000000000000000000000000000000000000000000000000010010000000000110000000000101000000000000000000
000000000000000001100000000000000000000000011100000000000000000000000000000000000100000000100000000000000000000100001110000000000000000000000000000000000000000000000000000000000000000000000000100010000000010000000000000101000000000000000000
000000000000000000000000000000000000110000000000000000000001110000000000000000000000000001000010000000000000000100000000000000000000000000000000000000100000000000001110000000000000000000000000000000000000011000011100000010000000000000000000
000000000000000000000000000000000001001001000001000000000010001000000000000000000000000001000000000000000000000100000000000000000000000000000000000001010000000000000000000000000001000000000010000100000000000000010000000000000000000000000000
000000000000000001100000000001100001010001000001000000000010000100000000000000000000000001000000000000000000000000000000000000000000000000000000000001010000000000000000000000110010100000000100000100100000000010110000000000000000000000000000
000000000000000010100000000000110000100001000001000000000110000100000000000000000000000000000000000000000000000000000000000001101100000000000000000000100000000000000000000000110010100000000000010001010000000010100000000000000000000000000000
000000000000000011000000000001000000000000000000000000000001000000000000000001000000000000000000000000000000000000000000000000100000000000000000000000000000000000000001000000000001000000000011011000100110000001000000000000000000000000000000
000000000000000000000000000000000000000000011100000000011000000000001000000010100000000000000000000000000000000000000011000111000000000000000000011000000011000000000010100000000000000000000000110000110001000000000000000000000000000000000000
000000000000000000000000000000000000000000000000000010000001000010011100000001100000000000000000000000000000011000000011000000010110000000000000100100000100100000000010100000000000000000000000000000010110000000000000000000000000000000000000
000000000000000000000000000000000000000000000000000101011000000000000010000000000000000000000000000000000000011000000000000111100001000000000000011000000011000000000001000000000000000000000000000000111100000000000000000000000000000000000000
000000000001100000000000000000000000000000000000000110000000010000001100000000000000000000000000000000000000000000000000000001100001000000000000000000000000000000000000000001100000000000000000000000000000000000000000000000000000000000000000
000000000001100000000000000000000000000000000000000110000000000000001000000000000000000000000000000000000000000000000000000001100000100000000000000000000000000000000000000001100000000000000000000000000000000000000000000000000000000000001100
000000000000000000000000000000000000000000000000000000000000100001100000000000000000000000000000000000001000000000000000000000001101000000000000000000111000000111000000000000000001000000000000000000000000000000000000000000000000000000001100
000000000000000000000000000000000000000000000000000000000000110100000000000000000000000000000000000000111000000000000000000000000100101000000000001000000100000000000000000000000010100000000000111000000000000000000000000000000000000000000000
000000000000000000000000000000000000000000000000000000000000001000000000000000000000000000000000001110000000001100000000000000000011001100000000001001100100000101000000000000000001100000000000101000000000000000000000000000000000000000000000
000000000000000000000000000000000000000000000000000000000000000000000000001100000011100000000000001000000000010010000000000000000000101000000000000000011100000010000000000000000000000000000000111000000000000000000000000000000000000000000000
000000000000000000000000000000000000000000000000000000000000000000000000001100000000000000000010000000010000001100000000000000000000000000000000000000011100000000000000000000000000000000000000000000000000000000000000001100000000000000000000
000000000011000000000000000000000000000000000000000000000000000000000000000000000000000000000101000100011000000000000000000000000000000000000000000000101110000000000000000000000000000000000000000000000000000000000000011000000000000000000000
000000000011000000000000000000000000000000000000000000001000000000000000000000000000000000000101000101010100000000000000000000000000000001000000000000101110000000000000000000000000000000000000000000000000000000000000010011101110000000000000
000000000000000000000000000000000000000000000000000000001000000001110000000000000000000000000010000000000010000000000000000000000000000001000000000000000000001000000000110000000000000000000000000000000000000000000000001111100000000000000000
000000010000000000110000000000000000000000000000000000010000000010001000000000000000000000000000000000100011000000000000000000000000000001000000000000000000011110000000110000000000000000000000000000000000000000000000001101100000000000000000
000000101000000000110000000000000000000000000000000000000000000010001000000000000000000000000000000011001011000001000000000000000000000000000000000000000000010001000000000000000000000000000000000011000000000000000000000000000000000001100000
000000101000000000000000000000100000000000000000000000000000000010001000000000000000000000000000000000111000000110100000001000000000000000000000000000000000001001000000000000000000000000000000000011000000000000000000000011100000000010010000
000000010000000000000000000000100000000000000000000000000000000001110000000011000000000000000000000101011000000100100000010100000000000000000000000000000000001110000011000000000000000000000000000000000000000000000000000010100000000001100000
000000000000000000000000000000100000000000000000000000000000000000000000000010100000000000000000001100111110111011100000010100000000000000000000000000000000000000000100100000000000000000000000000000000000000000000000000010111100000000000000
000000000000000000000011000000000000000000000000000000000000000000000000000001000000000000000000001010011010000000100000001000000000000000000000000000000000000000000011000000000000000000000000000000000000000000000000000001100100000000000000
000000000000000000000000100000000000000000000000000000000000000000000000000000000000000000000000001100110111100010100000000000000000000000000000000000000000000000000000001000000000000000000000000000000000000000000000000000111000000000000000
000001110000000000001101000000000000000000000000000000000000000000010000000000000000000000000000001000011110000000000000000000110001110000000000000000000000000000000000010100000000000000000000000000000000000000000000000000010000000000000000
000000000000000000111110000000000000000000000000000000000000000000010000000000000110000000000000010010001100111001100000000001001000000000000000000000000000000000000000010100000000000000000000000000000000000000000000000000000001100000000000
000000000000000000111000000000000000000000000000000000000000000000010000000000001001000000000000001010000000110000000000000000110000000000000000000000000000000000000000001000010000000000000000000000000000000000000000000000000010010000000000
000000000000000000000000000000000000000000000000000000011100000000000000000000000110000000000000000100000000000000000000110000000000000000000000000000000000000000000000000000101000000000000000000000000000000000000000000000000001100000000000
000000000000000000000000000000000000000000000000000000000000000111000111000000000000000000000000000000000000000000000010001000000000000000000000000000000000000000000000000000010000000000000000000000000000000000000000000000000000000000000000
000000000000000000000000000000000000000000000000000001000001000000000000000000000000000000000000000000000001110000000000000100000000000000000000000000000000000000000000000000000000000000000000000000000000000000000000000000000000000000000000
000000000000000000000000000000000000000000000000000001000001000000010000000000000000000000000000000000000100010000000001000100011000000000000000000000000000000000000000000000000000000000000000000000000000000000000000000001100000000000000000
000000001011000000000000000000000000000000000000000001000001000000010000000000000000000000000000000000000111100000000000000100011000000000000000000000000001000000000000000000000000000000000000000000000000000000000001110001100000000000000000
000000011101101000000000000000000000000000000000000000000000000000010000000000000000000000000000000000000101000000000000011000000000000000000000000000000010100000000000000000000000000000000000000000000000000000000011110000000000000000000000
000000100001011100000001110000000000000000000000000000011100000000000000000000000000000000000000000000000001000000000000000000000000000000000000000000001000000000000000000000000000000000000000000000000000000000000000011000000000000000000000
000000011101000010000101100000000000000000000000000000000000000000000000000000000000000000000000000000000111000000000000000000000000000000000000000000011000100000000000000000000000000000000000000000000000000000000001001000000000000000000000
000000001011011100001000011100000100000000000000001000000000000000000000000000000000000111000000000000000000000000000000000000000000000000000000000000010001000000000000000000000000000000000000000000000000000000000000101000000000000000000101
010100000001100010001001000010001010000000000000010010000000000000000000000000000000000011100000000000001100000000000000000000000000000000000000000000110100000000000000000000000000000000000000010000000000000000000000000000000000001100000000
000100000000011110001000111011010010000000000000010010000000000000000000000000000000000000000000000000001100100000000000000000000000000000000000000000100000000000000000000000010000010000000000101000000000000000000000000000000000001100000000
010100000000000001000010000010001100000000000000000100000000000000000000000000000000100000000000000000001110011000000000000000000000000000000000000000111110000000000000000000101111111000000011001100000000000000000000000000000000000000000100
100000000000001010000111100100000000100000000000000000010000000000000000000000000001010000000000000000000100000001100000000000000000000000110000000000001110000000000000000000000000001000000100001100000000000000000000000000000000000000000101
000000000000000100000000100100000000100000000000000001101100000000000000000000000001010000000000000000001110000001100000001100000000000000110000000000000000000000000000000000110000000000000100000100000000000000000000000000000000000000000000
000000000000000000000000000000000000100000000000000001101100000000000010000000000000100000000000000000001001000000010000101100000000000000000000000000000000000000000000000000010000010000000000001000000000000000000001110000000000000000000000
000000000000000000000000000000000000000000000000000000001100000000000010000000000000000000000000000000001110000001011001000010000000000000000000000000000001100000000000000000001000010000000011011000000100000000000000000000000000000000000000
000000000000000000000000000000000000000000000000000000001110000000000010000000000000000000000000000000000000000001000100011100000000000000000000000000000000000000000000000000000000100000000000000000011011000000000000000000000000000000000000
000000000000000000000000000000000000000000000000000000010000000000000000000000000000000000000000000000000000000000101000001100000000000000000000000000001000000000000000000000000111000000000000000000010001000110000000000000011000000000000000
000000000000000000000000000000000000000010000000000000010101100000000000000000000000000000000000000000000000000000010000000000000000000000000000000000100100000000000000000000000100000000000000000010000001001101010000000000011000000000000000
000000000000000000000000000000000000000010000000000000110000010000000000000000000000000000000000000000000000000000000000000000000000000000000000000000000000000000000001100000000000000000000000000001000000111000010000000000000000000000000000
000000001100000000000011000000000000000010000000000000000010010000000000000000000000000000000000000000000000110000000000000000000000000000000001100000100101000000000000000100100000000000000000000001000011001001010000000000000000000100000000
000000001100000011100100100000000000000000000000000000011000010000000000000000000000000000000000000010000001001000000000000000000000000000000011100000000001010000000000000100010000000000000110000000001100001000000000000000000000011010000000
000000000000000000000011000000000000000000000000000000001101100000000000000000000000000000000000001111000000110000000000000001100000000000000010101100000000001000000000000011011000000000001001000000000001000000000000000000000000100001000000
000000000000000000000000000000000000000000000000000000000000000001010000000000000000000000000000011000100000000000000000000010100000000000000001000110000000110000001100000000110000000000001010000000000000110000000000000000000000110000000000
000000000000000000000000000000000000000000000000000000000000000000010000000000000000000000000000100111000000000000000000000011000000000000000000001100000000100000001010000101100000000000000100000000000000000000000000000000000000000000000000
000000000000000000000000000000000000000000000000000000000000110100000000000000000000000000000000111000000000000000000000001100000000000000000001001000011100000000000100000010000000000000000000000001000000000000000000000000000000110000000000
000000000000000000000000000000000000000000010000000000000000110001010000000000000000000000000000100000000000000000000000010100011000000000000010001100011100000000000000000010000000011100000000000100110000000000000000000000010001000010011000
000000000000000000000000001100000010000000010000000000000000110110001000000000000000000000000000100000000000000000000000011000011000000000000110000001110000000000000000000000000000100010000000000100010000000000000000000000001101000100011000
000000000000000000000000001100000111000000010000000000000000001000000000000000001000000000000001000000000000000000000000000000000000000000000110011100000000000000000000000000000000100010000000001101110000000000000000000000000000101000000000
000000000000000000000000000000000100000000000000000000000000000000011000000000010100000001100000100000000000000000000000000000000000110000001110010001000000000000000000000000000011000001100000000010000000000000000000000000010010000000000000
000000000000000000000000000000000110100000000000000000000000000000000000000000100000000001110111100000000000000000000000000000000001001000000110001010000000000000000000000000000100001000010000000000000001110000000000000000000010000000000000
000000000000000000000000000000000011000000000000000000000000000000011100000000100100000001010111100000000000000000001100000000000001001000000110110000000000000000000000000000000100010100010000000000000010001000000000000000010100000000000000
000000000000000000000000000000000010100000000000000000000000000000000111000001101100000000011000100001000000000000010010000000000000110000000110110000000000000000000000000000000100001000010000000000000100000100000000000000001000000000000000
000000000000000000000000000000000001100000011000000000000000000000011011000000101000000011001110000100100000000000001100000000000000000000011010100000000000000000000000000000000011000001100000000000001000100010000000000000000000010000000010
000000000000000000000000000000000011100000100100000000000000000000010011110000011000000010011110000111000000000000000000000000000000000000011111000000000000000000000000001100000000100010000000000011001001010010000000000000000001001000000101
000000000000000000000000000000000010010000011000000000000000000000000000001000000000000100000000000111000000000000000000000000000000000000011000000000010001000000000000000010000000100010000000000011001000100010000000000000000000000000000101
000000000000000000000000000110000001100000000000000000000000000000001010000100000110000000100000000000000000000000000000000000000000000000010000000000000001000000000000100100000000011100000000000000000100000100000000000000000001010000000010
000000000000000000000000000110000000000000000000000000001100000000000111000101000000000011000000000000000000000000000000000000000000001000001000100000000000000000000000100100000000000000000000000000000010001000000000000000000000100000000000
000000000000000000000000000000000000000000000001100000010100000000000000110000100000000000000000000000000000000000000000000000000000011000001000110000000000000000000000100100000000000000000000000110000001110000000000000000000000000000000000
000110000000000000000000000000000000000000000001100000001000000000000000011000001000000000000000100000000000000000000000000000000000100100000001000001100000000110000110101000000000000000000000000001000000000000000000000000000000000000000000
001001000000000000000000100011000000000000000000000000000000000000000000000001001000000000110000100000000000000000000000000000000000101000000000000000101000000000001000100000000000000000000000001001000000000000000000000000000000000000000000
000110000000000010000001010101000000000000000000000000000000000000000000000000000000000001110000100000000000000000000000000000000000011000000000000000011000000000110110100000000000000000000000000010000110000000000000000000000000000000000000
000000000000000010000011110100000000000000000000000000000000000000000000000000110000001111110000000000000000000000000000000000000000000000000000011000000000000000110001000000000000000000000000000000000101000000000000000000000000000000000000
000000000000000010000011011000010000000000000000000000000000000000000000000000000000000001000000000000000000000001100000000000000000000000000000011000000000000000000100000000000000000000000000010000000100100000000000000000000000000000011000
000000000000010000000011001100010000000000000000000000000000000000000000000000000000001101100000000000000000000001100000000000000000000000000000000000000000000000000100010000000000000000000000010010000000100000000000000000000000000000011000
000000000000101000000001001000010000000000000000001000000000110000000000000001000000000000000000000000000000000000000000000000000000000000000000000000000000000010100000010000000000000000000000000001000000110000000000000000000000000000000000
000000000000101000000000111000000000000000000000010100000000110000000000000001000000000000000000000000000000000000000000000000110000000000000000110000000000000011100000110000000000000000000000000110001101100000000000000000000000000000000000
000000000000010000000000010000000000000000000000010100000000000000000000000001000000000000000000000000000000000000000000000000110000000000000000110000000000000011100000000000000000000000000000000000000101000000000000000000000000000000000000
000000000000000011000000000000000010000000000000001000000000000000000000010000000000000000000000000000001000000011100000000000000000000000000000000000000000000000000000000000000000000000000000000000000000000000000000000000000000000000000000
000000000000000011000000000110000101000000000000000000000000000000000000010000000000000000000000000000010100000000000000000000000000000000000000000000000000000000000000000000000000000000000000000000000000000000000000000000000000000000000000
000000000000000000000011000101000110000000000000000000000000000000000000010000000000000000000000000000100001100000000000000000000000000000000000000000000000000000000000000000000000000000000000000000000000000000000000000000000000000000000000
000000000000000000000011000010000000000000000000000000000000000000000000000000000110110000000000000000100010000000000000000000000000000000000000000000000000000000000000000000000000000000000000000000000000000000000000000000000000000000000000
000000000000000000000000000000000000000000000000000000000000000000000000000000000100010000000000000000000010000000000000000000000000000000000000000000000000000000000000000000000000000000000000000000000000000000000000000000000000000000000001
000000000000000000000000000000000000000000000000000000000000000000000000000000000011100000000000000000000010000001110000000000000000000000000000000000000000000000000000000000000000000000000000000000000000000000000000000000000000000000000001
000000000000000000000000000000000000000000000000000000000000000000000011000000000011100000000000000000011101000010001000000000000000000000000000000000000000000000000000000000000000000000000000000000000000000000000000000000000000000000000001
000000000000000000000000000000000000000000000000000000000000000000000011000000000000000000000000000000001000110011011000000000000000000100000000000000000000000000000000000000000000001110000000000000000000000000000000000000000000000000000000
000000000000000000000000000000000000000000000000000000000000000000000000000000000000000000000100000000000000000000000000000000000000001010000000000000000000000000000000000000000000001001000000000000000000000000000000000000000000000000000000
000000000000000000000000000000000000000000000000000000000000000000000000000000000000000000000100000000000001110000000000000000000000001010000000000000000000000000000000000000000010001100100000000000000000000000000000000000000000000000000000
000000000000000000000000000000000000000000000000000000000000000000000000000000000000000000000100000000000000000000011000000000000000000100000000000000000000000000000000000000000010000011011000000000000000000001000000000011000000000000000000
000000000000000000000000000001110000100000000000000001000000000000000000000000000000000000000000000000000000000000111000000000000000000000000000000000000000000000000000000001011101000011001000000000000000000010100000001100100000000000000000
000000000000000000000000000000001110100000000000000010100000000000000000000000000000000000000000000000000000000100110000000000000011000000011000000000000000000000000000000000110011110011111000000000000000000100100000010000100000000000000000
011000000001000000000000000010000001000000000000000010100000000000000001010000000000000000000000000000000000000011100000000000000100100000100100000000000000000000000000000000110110110000000000000000000000000011100000011110000000000000000000
011000000101000000000000000010000000000000000000000001000000010000000001011000000000000000000000000000000000000001000000000000000011000000011000000000000000000000000000000000001001100110000000000000000000000000011000001011000000000000000000