000000000011000000000010000001000000000000000000000000000000100000000000100100000000000000000000000000000000000000000000000000000000000000000000000000000000000000000001000000000001010000000000000000000000000000000100000000000000000000000000
000000000000000000000010000000000000000000000000000000000000110000000000000010000000000000000000000000000000000000000000000000000000000100000000000000000000000000000010100000000000011100010000000000000000000000000000000000000000000000000000
000000000000000000000000000000000000000000000000000000000000011111000000000101010000000000000000000000000000000000000000000000000000001010000000000000000000000000000010010000000000011100010000000000000000000010000000000101000000000000000000
000000000000000000000000000000000000000000000000000000000000011101100000000000111000000000000000000000000000000000000000000000000000001010000000000000000000000000000001100000000100000000010000000000000000000000000000000010000000000000000000
000000000000000000000000000000000000000000000000000000000000000000000000000000101000000000000000000000000000000000000000000000000000000100000000000000000000000000000000000000000000000000000000000000000000000101011000000000000000000000001100
000110000000000000000000000000000000000000000000000000000000000000000000000001011000000000000000000000000000000000000000000011000000000000000000000000000000000000000000000000000000000000000000000000000011000100010000000000000000000000010100
000110000000000000000000000000000000000000000000000000000000011000000000000001000000000000000000000000000000000000000000000011000000000000000000000000000000000000000000000000000000000000000000000000000100100110010000000000001000000000011000
000000000000000000000000000000000000000000000000000000000000000000010000000001000100000000000000000000000000000000000000000000000000000000000000000000000000000000000000000000000000000000000000000000000011000011100000000000010100010000000000
000000000000000000000000000000000000000000000000000000000000000000001100000000100100000000000000000000000000000000000000000000000011000000000000000000000000000000000000000000000000000000000000000000000000000001000000000001100001111111000000
000000000000000000000000000000000000000000000000000000000000000100001111010000010010000000000000000000000000000000000000000000000011000000000000000000000000000000000000000000000000011111000000000000000000000000000000000011111011111101000000
000000000000000000000000000000000000000000001100000000000000000110001010010000010100000000000000000000000000000000000000000000000000000000000000000000000110000000000000000000000000100111100000000000000000000000000000000011000010001111000000
000000000000000000000000000000000000000000001100000000000000000111010000010000001000000000000000000000000000000000000000000000000000000000000000000000000110000000000000000000000010000000110000000000000000001000000000000010110100000000000000
000000000000000000000000000000000000000000000000000000000000000000000000000000000000000000000000000000000000011000000000000000000000000100000000000000000000000000000000001000000011101111100000000000000000010100000000000001010110000000000000
000000000001000000000010000000000000000000000000000000000000000001000000000000000000000000000000000000000000100100000000000000000000000100000000000000000000000000000000010100000000000000100000000000000000010100000000000000000001000000000000
000000000010100000000101000000000000000001000000000000010000000011000000000000000000000000000000000000000000011000000000000000000000000100000000000011000000000011100000010100000100011000100000000000000000001000000000000010101111000000000000
000000000011000000000010000000000000000001000000000000111000000011000000000000000000000000000000000000000000000000000000000000000000000000000000000011000000000000000000001000000100000000100000000000000000000001000000000000011000000000000000
000000000000000000000000000000000000000001000000000001001000000000000000000000000000000000000000000000000000000000000000000000000000000000000000000000000000001000000000000000000101010001000000000000000000000001000000000000100001000000000000
000000000000000000000000000000000000000000000000000001101100000000000000100000000100000000000000000000000000000000000000000000000000000000000000000000000000001000000000000000000000001110000000000000000000000001000000000011100101000000000000
000000000000000000000000000000000000000000000000000001110000000000111000110000001010000000000000000000000000000000000000000000000000000000000000000000000000001000000000000000000000000100000000000000000000000000000000000011010100000000000000
000000000000000010000000000000000000000000001100000000011100000010111000111000010010000000000000000000000000000000000000000000000000000000000000000000000000000000000000000000000000000000000000000000000000000000000000000001000100000000000000
000000000000000101000000000000000000000000001001000000010000001100010110000000001100000000001100000000000000000000000000000011000000000000000000000000000000000011100000000011100000000110000000000000000000000000000000000000101000000000000000
000000000000001001000000000111000000000000000000000000011000001000001101101000000000000000000110000000000000000000000000000100100000000000000000000000000000000000000000000000000000001001000000000000000100000000000000000000010000000000000000
000000000110000110000000000000000000000000000000000000011100001010000100010000000000000000001000000000000000000000000000000011000000000000000001110000000000000000000000000000000000000110000000000000000000010000000000000000000000000000000000
000000000110000000000000000000000000000011000100000000010001001010000000000000000110000000000000000000000000000000000000000000000000000000000001010000100000000000000000000000000000000000000000000000001010000000011110000000000000000000000000
000000000000000000000000000000000000000010001000010000011001000110001100100000001010000000000000110000000000000000000000110000000001100000000110010000100000000000000000000000000000000000000000000000001000101000010011000000000000000000000000
000000000000000000000000000000000000000000000100000001101010000000001000000000001001000000000001001000000000000000000000100100000000000001110100000000000000000000000000010000000000000000000000000000001111000100001001100000000000000110000000
000000000000000000000000000000000000000001000100000110100000000000001010000000001001000000000000110000000000000000000000011100000100100000100001000000110000000000000000110000000000000000000000000000000101101100001001000000000110000110000000
000000000000000000000000000000000000000000111000000110110000000100000100000000000001010000000000000000000000000000000000001000000000000000010010000101110000000000000001000000000000000000000000000000000010000100000110000000000110000000000000
000000000000000000000000000000000000000000000001001010100000100010000000000000001100010000000000000000000000000000000000000000001011000000010000001101111000000000000000110100000000000000000000000000000000000100000000000000000000000000000000
000000000000000000000000000011000000000000000000111100110001000100000000000000000000000001000000000000000000000000000000000000001001000000000000000100011100000000000000011100000000000000000000000000000000000100000000000000000000000000000000
000000000000000000000000000011000000000000000000000000001001000000000000000000001000000001110000000000000000000000000000000000000111000000000000000100000100000111000000000000000000000001000000000000000000101000000000000000000000000000000000
000000000000000000000001110000000000000000000000000000011001010000000000000000110000000000110000000010000000000000000000000000000110000000000000000010000000001101100000000000000000000001000000000000000000000000000000000000000000000000000000
000000000000000000000000000000000000000000000000000000010000110000000000000001101000011001000000000001000000000000000000001010000000000000000000000001001000001100100000000000000000000001000000000001110000000000000000000000000000000000000000
000000000000000011000000000000000000000000000000010000000000000000000000000010000000100101100000000010000000000000000000000110000000000000000000000000000000000011000000001100000000000000000000000010001000000000000000000000000000000000000000
000010000000000011000000000000000000000000000001101100000000000000000000000001110000100000100000001010000000000000000000000000000000000000001000000000000000000000000000001100000000000000000000000100000100000000000000000000000000000000000000
000010000000000000000000000000000000000000000001101100000011000000000000000000100000010001000000010100000000000000000000000001110000000000010100000000000000000000000011100000000000000000000000001000001000000000000000000000000000000000000000
000101000000000000000000011000000000000000000001101100000011001100011000000000000000001110000000010100000000000000000000000001010000000000100100000000000001000000000111100000000000000000000000001010011000000000000000000000000000000000000000
000011000000000000000000100100000000000000000000000000000000010100010100000000000000000000000000011000000000000000000100000011011000000000100000000001000010000000001111000000000000000000000000000010000000000000000000000000000000000000000000
000011000000000000000000011000000001110000000000000000000000010000000100000000000000000000000000010000000000000000000100000001010000000000000001000000100011100000000000000000000000000000000000000000000000000000000000000000000000000000000000
100000000000000000000000000000000000000000000000000000000000010001000100000000000000000000000001111000000000000000000100000000110000000000110101000010100000000000011000100000000000000000000000000000000000000000000000000000000000000000000010
110000000000000000000000000000000000000000001110100000000000001000001000000000000000000000000000111000000000000000000000000000000000000000100000100001000000000000101000100000000000000000000000000000000000000000000000000000000000000000000010
100000000000000000000000000000011000000000001110001000000000000100010000000000000000000000000000000000000000000001110001110000000000000000000000010000000000000000110111110000000000000000000000000000000000000000000000000000000000000000000110
010011100000000000000000000000100100000000001100001000000000000011100000000000000000000000000000000000000000000000000000000000000000000011010000101100000000000000000110001000000000000000000000000000000000000000000000000000000000000000000000
101011100000000000000000000010000100000000000000001000000000000000000000000000000000000000000000000000000000000000000100000000000000000001010001011100000001000000000001010100000000000000000000000000000000000000000000000000000000000000011100
111000000000000000000000000111111000000110110000000000100000000000000000000000000000000000000000000000000000000000000100000000000000000001000000100000000001000000011110010010000000000000000000000000000000000000000000000000000000000000001001
000000000000000000000000001101000000000000001001100010100000000000000000000100000000000000000000000000000000000000000100000000000000000000100001000000000001000000000100001010000000000000000010000000000000000110000000000000000000000000000100
000000000000000000000000000101000000000100000001100010001111000000000000001010000000000000000000000000000000000000000000000000000000000000010000000000000000000000000000000100000000000001000111000000000000000110000000000000000000000000000000
000000000000000000000000000011000000000000000001100110000101100000000000000110000000000000000000110000000000000000000000000000000000010000001000000000000000000000000000000000000000001010000100100000000000000000000000000000000000000000000000
000000000000000000000000000000000000000101111001100111011101000000000000000000000000000000000001010000000000000000001100000000000000010000000000000000000000000000000000000000000000010010110110001000000000000000000000001100000000000000000000
000000000000000000000000000000000000000000010000111000110011000000000000000000000000000000000011100000000000000000010010000000000000010000000000000000000000000000000000000000000000000000100000001000000000000000000000001100000000000000000000
000000000000000000000000000000011000000011100000110000001110000000000000000000000000000000000011011000000000000000001100000000000000000000000000000000000000000000000000000000000000111100011000001000000000000000000000000000000000000000000000
000000000000000000000000000000011000000001100000010001100000000000000000000000000000000000000011000100000000000000000000000000000000000000000000000000000000000000000000000000000000000110111000110000110000000000000000000000000000000000000000
000000000000000000000000000000100001000000000000010000000000000000000000000000000000000000000001000100000001100000000000000000000000000000000000000010000000000000000000000000000000000110101011000000110000000000000000000000000000000000000000
000000000000000000000100000000100001000000000001000000000000000000000000000000000000000000000000000100000010001000000000000000000000000000000000000101000000000000000000000000000000000001000000000000000000000000000000000000000000000000000000
000000000000000000000100000000110000000000000010100000000000000000000000000011000000000000000000000000000100000100000000000000000000000000000000000101000000000000000000000000000000000000000000000000000000000000000000000000000000000000000000
000000000000000000000100000000000001100000000001100000000111000000000000000011000000000000000001011000000100000100000000000000000000000000000000000010000000000000000000000000000000000000000000000000000000000000000000000000000000000000000000
000000000000000000000000000000000000000000000000000000011010100000000000000000000000000000000001000001100100000010000000000000000000000000000000000000000000000000000000000000000000000000000000000000000000000000000000000000001000000000000000
000000000000000000000000000000000000100011000000000000101000100000000000000000000000000000000000000001100000100010000000000000000000000000000000000000000000011100000000000000000000000000000000000000000000000000000000000000110110000000000000
000000000000000000000000000000000000000111000000000000100010100000000000000000000000011100000000000000000001100010000000001100000000000000000000000000000000000000000000000000000000000000000000000000000000000000000000000000110110010000000000
000000000000111000011000000000000010100000100000000000101011000000000000000000000000101100001100000000000000100100000000010010000000000000000000000000000000000000000000000000000000000000000000000000000000000000000000000001000000010000000000
000000000000000000010100000000000001100000000000000000011100000000000000000000000000100000001100000000000000011000000000010100000000000000000000000000000000000000000000000000000000000000000000000000000000110000000000000000100110100000000000
000000000000000000001000000000000000000000000000000000000000000000000000000000000000011011000000000000000000000001110000001000000000000000000000000000000000000000000000000000000000000000000000000000000000101000000000000000100000100000000000
000000000000000000000000000000000000000000000000000000000000000000000000000000000000010000100000000000000000000000000000000000000000000000000000000000000000000000000000000000000000000001100000000000000000010000000000000000000110100000000000
000000000000000000000000000011000000000000000000000000000000000000000000000000000000001000010000000000000000000000000000000000000000000000000000000000000000000000000000000000000000000010010000000000000000000000000000000000000000000110000000
000000000000000000000000000011000000000000000000000000000000000000000000000000000000000100000000000000000000000000000000000000000000000000000000000000000000000011000000000000000000000010100000000000000000000000000000000000001001111010000000
000000000000000000000000000000000000000000000000000000000000000000000000000000000000000010000000001010000000001100000000110000000000000000000000000000000000000011000000000000000000000001000000000000000000000000000000000000001110000000000000
000000000000000000000000000000000000000000000000000000000000000000000000000000001100000110110000001011011100001100000101110000000000000000000000000000000000000000000000000000000000000000000000000000000000000000000000000000000010111000000000
000000000000000000000000000000000000000000000000000000000000000000100000000000010010000010100000000011110010000000001101100000000000000000000000000000000000000000000000000000000000000000000000000000000000000000000000000000000001101000000000
000000000000000000000000000000010000000000000100000000000000000001010000000000010100000001000000000100110101000000000101001000000000000000000000000000000000000000000000000000000000000000000000000000000001000000000000000000000000001001000000
000000000000000000000000000000100000000000000100000000000000000001010000000000001000000000000000000000000000000000000111111000000000000000000000000000000000000010000000000000000000000000000000000000000010100000000000000000000000000110000000
000000001100000000000000000000111000000000000100000000000000000000100000000000000000000000000000011100000000000000001101110000000000000000000000000000000000000010000100000000000000000000000000000000000101000000000000000000000000000000000000
000000001100000000000000000000000000000000000000000000000000000000000000000000000000000000000000000000000000000000000000000000000000000000000000011100000000000010001010000000000000000000000000000000000110000000000000000000000000000000000000
000000000000000000000000000000000000000000000000000000110000010000000000000000000000000000000000000000000000000000001100000100000000000000000000000000000000000000001001000000000000000000000000000000000000000100000000000000000000000000000000
000000000000000000000000000000000000000000000000000000110000111000000000000000000000000000000000000000000000000000000000011100000000000000000000000000000000000000000110000000000000000000000000000000000000001110000000000000110000000000000000
000000000000110000000000000000000000000000000000000000000001111100000000000000000000000000000000000000000000000001000000110111000000000000000000000000000000000000000000000000000000000000000000000000000000011011000000000000110000000000000000
000000000000110000000000000000010000000000000000000000000000000000000000000000000000000000000000000000000000000011000011011111000000000000000000000000000000000000000000000000000000000000000000000000000000101100000000000000000000000000000000
000000000000000000000000000000101000000000000000000000000000000000000000000000000000000000000000000000000000000100010000001100000000000000000000000000000000000000000000000000000000000000000000000000000001001000000000000000000000000000000000
000000000000000000000000000000101000000000000000000000000000000000000010010000000000000110000000000000000000001000001110000000000000000000000000000000000001100000000000000000000000000000000000000000111000101000110000000000000000000000000000
000000000000000000000000000000010000000000000000000000000000000000000100011101000000001001000000000000000000110110001010001000000000000000000000000000000001100000000000000000000000000000000000000001001000101000101000000000000000000000000000
000000000000000000000000000000000000000000000000000000000000000000000000100100000000001001000000000000000000110010001101000100000000000000000000000000000000000000000010000000000000000000000000000010001100010100011100000000000100000000000000
000000000000000000000000000000000000000000000000000000000000000000011000010010000000000110000000000000000000110001111001000100000000000000000000000000000000000000000010000000000000000000000000000100001000110100001100000000010010000000000000
000000000000000000000000010110000001010000000110000000000000000000011011001110000000000000000000000000000000000001000011000100000000000000000000000000000000000000000010000000000000000000000000000100000011101000101000000000000001100000000000
000000000000000000000000000010000001010000000110000000000000000000011011000100000000000000000000000000000000000101000010000000000000000000000000000000000000000000000000000000000000000000000000000111110000000000110000000001000000100000000000
000000000000000000110000010100000000100000000000000000000000000000000100000000000000000000000000000000000000000111000011000100000000000000000000000000000000000000111000000000000000000000000000000000001111000000000000000001111111100000000000
000000001000000000110000000000000000000000000000000000000000000000000000000000000000000000000000000000000000000010000000111000000000000000000000000000000000000000000000000000000000000000000000000000000000000000000000000000100000000000000000
000000010100000000000000000000000000000000000000000000000000000000000000000000000000000000000000000000000000000000000000000000000000000000000000000000000000000000000000000000000000000000000000000000000000000000000000000000000000000000000000
000000100100000000000000000000000000000000000000000000000000000000000000000000000001100000001000000000000000000000000000000000000000000000000000000000000000000000000000000000000000110000000000000000000000000000000000000000000000000000000000
000000011000001100000000000000000000000000000000000000000000000000000000000000000010010000010100000000000000000000000000000000001100000000000000000000000000000000000000000000000000110000000000000001001110000000000000000000000000000000000000
000000000000001100000000000000000000000011000000000000000000000000000000000000000010010000011000000000000000000000000000000000001100000000000000000000000000000000000111000000000000000000000000000010111100000000000000000000111000000000000000
000000000000000000000000000000000000000100100000000000000000000000010000000000000001100000000000000000000000000000000000000000000000000000000000000000000000000000001001000000000000000001100000000110000010000000000000000000100100000000000000
000000000000000000000000000000000001110011000000011000000000000001010000000000000000000000000000000000001100000000000000000000000000000000001100000000000000000000001001000000000000000010010000000000110000000000000001100000010100000000000000
000000000000000000000000000000000000000011000000011000000000000000110000000100000000000000000000000000010010001000000000000000000000000000001100000000000000000000010010000000000000000001100110000001110000000000000011110000010000000000000000
000000000000000000000000000000000001100000101100000000000000000000000000000100000000000000000000000000001100001000001100000000000001010000000000000000000000000000001100000000000000000000000000110000100000000000000110010000000000000000000000
000000000000000000000000000000000001100000100100000000000000000000000000000100000000000000000000000000000000111000010010000001000010010000000000000000000000000000001100000000000000000000011010000000011010000000000010110000000000000000000000
000000000000000000000000000000000001100000100000000000000001000000000000000000000000000000000000000011100001110000111111000001100010001000000000000000000000000000000000100000000000000000011000101100001010000000111000010000000001000000000000
000000000011000000000000000000000000000000011000000000000011000000000000000000000000000000000000000000000001101000010010000000010010010000000000000000000000000000000001110000000000000000011010000000000100000000110110100000000011100000000000
000000000100100000000000000000000000000000011100000000000011000011000000000000000000000000000000000010000000011000001100000010000001110000000000000000000000000000000001110000000000000000000000110100000000000001000101111000000110010000000000
000100000011000000000000000000000000001100000000000000000010100011100000000011000000000000000000000010010000000000000000011010000000000000001100000000000000000000000100000000000000000110000100011000000000000001001000100000000100000000000000
000100000000000000000000000000000000000000000000000000000111000000110000000011100000000000000000000000100000000000000000000011000000000000011000000000000000000000001010000000000000001010000000100000000000000000101000010000000111000000000000
000100000000000000000000000000000000000000000000000000000100101000100000110110110000000000000000000000000000010000000011101000000010001100001001000000011100000000000001000000000000000010000010000000000000000000010000000010110110110000000000
000000000000000000000000000000000000000000000000000000000011001000100000111010010000000000000001000000000000100111000100001000000110001100001001000000000000000000000010000000000000000000000001100111000000000000000001000000110000101100000000
000000000000000000000000000000000000000000000011000000000011000000110000101101110000000000000010000000000000100000100100000000000100000000000000000000000000000000001100000000000000000000100001111001000000000000010000000010110001100100000000
000000000000000000000000000000000000000000000100100000000000100010011000000000000000000000000010000000000000011110000000000100000000000001000001000000000000000000000000000000000000000001000100011001000000000000101000010000000000011000000000
000000000000000000110000000000000000000000000011000000000000110110010000000000000000000000000001000000000000001100000010000001000000000000000010000000000000000000000000000000000000000011010100001010000000000001001000100000000000000000000000
000000000000000110111111000000000000000000000000000000000001000001100000000000000000000000000000000000000000000000000010000001000000000110100100000000000000000000000000000000000000000010011100000000000000000001000100011000000000000000000000
000000000000011011101100110100000000000000000000011000000001100000000000000011000000000000000000000000000100000000000000111110000000000000111000000000000000000000000000000000000000000000000000000000000000000000110110001000000000000000000000
000000000000100001101000101010000000000000000000001100000001000000000000011010000000000000000000000010001000000000000000000000000000000000010000000000000000000000011110000000000000000000000000000000000000000000111011000000000000000000001000
000000000001100010110000101010000000000000000000010000000011000000000000010010000000000000000000000111000100000000000000000000000000000000011100111000000000000000111111100000000000000000000000000000000000000000000010000000000000000000010100
000000011000100110111011000100000000000000000000000000000000000001000000110000000000000000000000000100100000000000000000000000000000000000001110100000000000000011000001100000000000000000000000000000000000000000000100011000000000000000100100
000000011000011111101100000000000000000000000000000000000000010001000000011000000000000000000000000110110000000000111110000000000000011000000011000000000000000010010000000000000000000000000000000000000000000000000010001000000000000000011000
000000000000000001100000000000000000000000000000000011000000010001000000000011000110000000001000000000010000000011111001000000000000011000000000000000000000000000010000000011000000000000000000000000000000000000000001110000000000000000000000
000000000000000000000000000000000000000000000000000100100000001000000001100010101010000000011000000000010000111100001100000000000000000000000110000000000000000000000000001100000000000000000000000000000000000000000000000000000000000000000000
000000000000000000000000000000000000000000000000000011000000000010010101000000101001000000100000010100100000110000111100000000000000000000000110000000000000000010010000001000010000000000000000000000000000000000000000000000000000000000000000
000000000000000000000000000000000000000000000000000000000000000010000101001101101001000111011000110100000000000000001000111000000000000000000000000000000000000100000000001000010000000000000000000000000000000000000000000000000000000000010000
000000000000000000000000000000000000000000000000000000000000000001000100100010000101010111001000010100000000001100001000000000000000000000100000000000000000000110000110000100001000000000000000000000000000000000000000000000000000000000101111
000011000000000000000000000000000000000000000000000000000000000000011000001110000001010101000000000111100000000000001110000000000000100001010000000000000000000010000010000001101000000000000000000000000000000000000000000000000000000001100000
000011000000000000000000000001110000000000000000000000000000000000000000000000000000110100100000000011110000000000000010000000000000100001100000000000000000000000010000100000111000000000000000110000000000000000000000000000000000000000010000
000000000000000000000000000000000000000000000000000000000000000000000000000000000000100010000000000000011000000000000010000000000000100000000000000000000000000000000010011000000000000000000001001000110000000000000000000000000000000000000000
000000000000000000000000000100000100000000000000000000000000000000000000000000000000010000000000000011010100000000000000000000000000000000000000000000000000000001011100011000000000000000000000110000110000000000000000000000000000000000000000
000000000000000000000000000100000100000000000000000000000000000100000000000000000000000000000000000011000110000000000000000000000000100000000000000000000000000100010001011000000000000000000000000000000000000000000000000000000000000000000000
000000001110000000000000000100000100000000000000000000000000001010000000000000000000000000000000000011000000000000000000000000000000100000000000000000000000000010000110110000000000000000000000000000000000000000000000000000000000001000000000
000000000000000011000000000000000000000000000000000000000000010001000000000000000000000000000000000000110110000000000000000000000000100000000000000000000000000000010110100000010000000000000000000000000000000000000000000000000000001100000000
000000000000000011000000000001110000000000000000000111000000001011010000000000000000010000000000000000110110000000000000000000000000000000000000000000000000000000001000000000001000000000000000000000000000000000000000000000000000001000000000
000000000000000000000000000000000000000000000000001000100000000101111000000000000000101000000000000000001000000000000000000000001110001110000000000000000000000000000000000000101000000000000100000000000000000000000000000000000000000000000000
000000000000000000000000000000000000000000000000001000100000000000000100000000000011000100000010000000000000000000000000000000000000000000000000000000000000000000000000000000010000000000001010000000000000000000000000000000000000000000000000
000000000000000000000000000000000000000000000000100011000000000000000100000000000010001100000101000000000000000000000000000000000000100000000000000000000000000000000000000000000000000000001001000000000000000000000000001000000000000000000000
000000000000000000000000000000000000000000000000001000000000000000000001000000000000000000001000100000000000000000000000000000000000100000000000000000000000000000000000000000000000000000000110000000000000000000000000001000000000000000000000
000000000000000000000000000000000000000000000000001000000000000000001011000000000000001101011000100001100000000000000000000000000000100000000000000000000000000000000010100010100000000000000000000000000000000000000000000000000000000000000000
000000000000000001110000000000000000000000000010110000000000000010010001000000000001000101000001000000100000000000000000000000000000000000000000000000000000000000000010010010010000000000000000000000000000000000000000000000010000000000000000
000000000000000001110000000000000000000000001000000000000000000000000000000000000000011000000011000000000000000000000001100000000000000000000000000000000000000000000000000010100000000110000000011000000000000000000000000000111000000000000000
000000000000000010000101110000000000000000000111000000000000000101000000000000000000000100000000000000000000000000000001100000000000000000000000000000000000000000000000010100000000001001000000100100001000000000000000000001010100000000000000
000000000000000011011100001000000000000000000000000000000000000101001000000000000000000000011100000000000000000000000000000000000000000000000000000000000000000000000001000100000000000110000000011000110100000000110000000011101110000000000000
000000000000000000001100001000000000000000000000000000000000000110011000000000000000001000100000000000000001100000000000000000000000000011000000000000000000000000000000011000000000000000001000000000110010000000000000000001010100000000000000
000000000000100000000010001000000000000000000000000000000000000001001000000000000000001001000000000000000001100000000000000000000000000011000000000000001100000000000000011000000000000000011100000000011100000000000000000000111000000000000000
000000000001010110000001110000000000000000000000000000000000000001110000000000000000001110000000000000000000000000000000000000000000000000000000000000010010000000000000000000000000000000110100000000000010110000000000000000010000000000000000
000000000001010101000000000000000000000000000000000000000000000000000000000000000000000000000000000000000000000000000000000000000000000000000000000000001100000000000000000000000001100001110000000000000111101100100000000000000000000000000000
000000000000101101100000000000000000000000000000000000000000000000000000000000000000000000000000000000000000000000000000000000000000000000000000000000000000000000000000000000000001100000110000000000010110100010110000001000000000000000000000
011100000000000011000010000000000000000000000001101100000000000000000000000000010000000000000000000000000000000000000000000000000000000000000000000000000000000000000000000000000000000000010000000001110001000011001000001000000000000000110000
001000000000000000000010000000000000000000000001000100000000000000000001000000101000111000000000000000000000000000000000000000000000000000000000000000000000000000000000000000000000000000000000000000110001100000001100000000000011100001111000
101000000000110000000010000000000000000000000001010100000000000000000001000001100000000000000000000000000000000000000000000000000011000000000000000000000000000000000000000000000000000000000000000000000000011000011010000000000000000011000101
110000000000111000000000000000000000000000000000010100000000000000000001000001110000000000000000000000000000000000000000000111000010100000000000000000000000000000000000000000000011000000000000000000001100110000000010000000000000000010000010
000000000000001000000000000000001000000000000000000000000000000000000000000001100000010000111000000000000000000000000000000000000001000000000001110000000000000000000000000000000100100000000000000000000101000000001010000000000000001010100100
000000000000110110000000000000010110000000000000000000000000000000000000000001100000101001000100000000010000000000000000000000000000000000000000000000000000000000000000000000000101000000001000110000000101000000011000000000000000010000001000
000000000000100100000000000000100001000000000000000000000000000000000000000000000000101000000000000000010000000000000000000000000000000000000000000000000000000000000000000000000010000000011000100110000000000000011100000000000000000100000000
000000000000011100000000000000010000000000000000000000000000000000000000000000001010010001101100000000010000000000000000000000000000000000000000000000000000000000000000000000000000000000110100000001000000000011001001000000000000000001110000
000000000000001000000000000000001111000000000000000000000000000000000000000000011010000000011000000000000000110000000000000000000000000000000000000000000000000000000000000000000000000000010100000001000000000101100110000000000000000000000000
000000000000000001100000000000000000000000000000000000000000000000000000000000010011000000000000000000000000110000000000000000000000000000000000000000000000000000000000000000000000000000001100010011000000001101000000000010000000000000000000
000000000000000010010000000000000000000000001000000000000000000000000000000000000110000000000000000000000000000000000100000000000000000000000000000000000000000000000000000000000000000000000000111011000000001110000000000101000000000000000000
000000000000000001100000000000000000000000001000000000000000100000000000000000000000000001100000000000000000000000000100000000000000000000000000000000000000000000000100000000000000000000000000000000000000010100001000000101000000000000000000
000000000000000000000000000000000000110000001000000000000001110000000000000000000000000001100000000000000000001110000100000000000000000000000000000000100000000000000100000000000000000000000000000000000000011000011000000010000000000000000000
000000000000000000000000000000000001001000000000000000000010111000000000000000000000000011100000000000000000000000000000000000000000000000000000000001010000000000000100000000000001000000000000000000000000000000000000000000000000000000000000
000000000000000001100000000001110001010011100011100000000011001100000000000000000000000000000000000000000000000000000000000000000000000000000000000001010000000000000000000000110010100000000000001010100000000000110000000000000000000000000000
000000000000000010100000000000010000100000000000000000000111000000000000000000000000000000000000000000000000000000000000000001110000000000000000000000100000000000000000000000110010100000000010110001010000000010110000000000000000000000000000
000000000000000011000000000000100000000000001000000000001110000000000000000001000000000000000000000000000000000000000000000000110000000000000000000000000000000000000001000000000001000000000001001001001010000001000000000000000000000000000000
000000000000000000000000000000000000000000001000000000000000000000011100000010100000000000000000000000000000000000000011000011100000000000000000011000000011000000000010100000000000000000000001111000110001000000000000000000000000000000000000
000000000000000000000000000000000000000000001000000010100000000000011100000001100000000000000000000000000000011000000011000000000010000000000000100100000100100000000010100000000000000000000000000000000110000000000000000000000000000000000000
000000000000000000000000000000000000000000000000000101000000000000010010000000000000000000000000000000000000011000000000000010010001000000000000011000000011000000000001000000000000000000000000000000110110000000000000000000000000000000000000
000000000001100000000000000000000000000000000000001001000000000000001100000000000000000000000000000000000000000000000000000000010001100000000000000000000000000000000000000001100000000000000000000000011000000000000000000000000000000000000000
000000000001100000000000000000000000000000000000000110000000000000011100000000000000000000000000000000000000000000000000000001110011100000000000000000010000000010000000000001100000000000000000000000000000000000000000000000000000000000001100
000000000000000000000000000000000000000000000000000000000000110000000000000000000000000000000000000000001000000000000000000000001111110000000000000000011000000010000000000000000001000000000000010000000000000000000000000000000000000000001100
000000000000000000000000000000000000000000000000000000000000111000000000000000000000000000000000000100011000000000000000000000001100111100000000000001000100000101000000000000000010100000000000101000000000000000000000000000000000000000000000
000000000000000000000000000000000000000000000000000000000000011000000000000000000001000000000000001100010000001100000000000000000011101100000000000000110110000010000000000000000001100000000001000100000000000000000000000000000000000000000000
000000000000000000000000000000000000000000000000000000000000000000000000001100000001000000000000001000000000010010000000000000000001011100000000000000000010000010000000000000000000000000000000101000000000000000000000000000000000000000000000
000000000000000000000000000000000000000000000000000000000000000000000000001100000001000000000010000000011000001100000000000000000000000000000000000000100000000000000000000000000000000000000000010000000000000000000000011100000000000000000000
000000000011000000000000000000000000000000000000000000000000000000000000000000000000000000000101000010010000000000000000000000000000000000000000000000100000000000000000000000000000000000000000000000000000000000000000010011000100000000000000
000000000011000000000000000000000000000000000000000000000000000000100000000000000000000000000101000010110100000000000000000000000000000000000000000000001010000000000000000000000000000000000000000000000000000000000000010000110100000000000000
000000000000000000000000000000000000000000000000000000011000000001110000000000000000000000000010000000100111000000000000000000000000000011100000000000000100011000000000110000000000000000000000000000000000000000000000010000000100000000000000
000000010000000000110000000000000000000000000000000000000000000010101000000000000000000000000000000001000000000000000000000000000000000000000000000000000000010110000000110000000000000000000000000000000000000000000000001000100000000000000000
000000101000000000110000000000000000000000000000000000000000000111011100000000000000000000000000000001001011000011000000000000000000000000000000000000000000010001000000000000000000000000000000000011000000000000000000000100000000000001100000
000000101000000000000000000000000000000000000000000000000000000010101000000000000000000000000000000000000000000110100000001000000000000000000000000000000000011001000000000000000000000000000000000011000000000000000000000010100000000010010000
000000010000000000000000000001110000000000000000000000000000000001110000000011000000000000000000001111000000010000110000010100000000000000000000000000000000001110000011000000000000000000000000000000000000000000000000000110001000000001100000
000000000000000000000000000000000000000000000000000000000000000000100000000010100000000000000000001001000011011110110000010100000000000000000000000000000000000100000100100000000000000000000000000000000000000000000000000010001100000000000000
000000000000000000000001000000000000000000000000000000000000000000000000000001000000000000000000010011000000000110110000001000000000000000000000000000000000000000000011000000000000000000000000000000000000000000000000000000000100000000000000
000000100000000000000100100000000000000000000000000000000000000000000000000000000000000000000000011000100000000001000000000000000000100000000000000000000000000000000000001000000000000000000000000000000000000000000000000001001000000000000000
000000100000000000000001000000000000000000000000000000000000000000000000000000000000000000000000011000100000000000100000000000110000100000000000000000000000000000000000010100000000000000000000000000000000000000000000000000111000000000000000
000000100000000000100010000000000000000000000000000000000000000000111000000000000110000000000000011000010011101000000000000001001000100000000000000000000000000000000000010100000000000000000000000000000000000000000000000000000001100000000000
000000000000000000100000000000000000000000000000000000001000000000000000000000001001000000000000001010000000101000000000000000110000000000000000000000000000000000000000001000010000000000000000000000000000000000000000000000000010010000000000
000000000000000000010000000000000000000000000000000000001000000010000010000000000110000000000000000100000000000000000000010000000000000000000000000000000000000000000000000000101000000000000000000000000000000000000000000000000001100000000000
000000000000000000000000000000000000000000000000000000001000000010000010000000000000000000000000000000000000100000000000011000000000000000000000000000000000000000000000000000010000000000000000000000000000000000000000000000000000000000000000
000000000000000000000000000000000000000000000000000000000000000010000010000000000000000000000000000000000000110000000000001100000000000000000000000000000000000000000000000000000000000000000000000000000000000000000000000000000000000000000000
000000000000000000000000000000000000000000000000000011100011100000000000000000000000000000000000000000000100010000000000001110011000000000000000000000000000000000000000000000000000000000000000000000000000000000000000100001100000000000000000
000000011011100000000000000000000000000000000000000000000000000000111000000000000000000000000000000000001101100000000000000100011000000000000000000000000001000000000000000000000000000000000000000000000000000000000010010001100000000000000000
000000011100001100000000100000000000000000000000000000001000000000000000000000000000000000000000000000000100000000000000001000000000000000000000000000000001000000000000000000000000000000000000000000000000000000000010000000000000000000000000
000000100001011100000011010000000000000000000000000000001000000000000000000000000000000000000000000000000101100000000000000000000000000000000000000000011101000000000000000000000000000000000000000000000000000000000010001000000000000000000000
000000011101000010000011000000000000000000000000000000001000000000000000000000000000000010000000000000000011000000000000000000000000000000000000000000011000000000000000000000000000000000000000000000000000000000000000101100000000000000000000
000000011000011110001111011100000100000000000000000000000000000000000000000000000000000100100000000000001000000000000000000000000000000000000000000000000000000000000000000000000000000000000000000000000000000000000000010000000000000000000000
001000000011000010011100000011001010000000000000011100000000000000000000000000000000000100100000000000001100000000000000000000000000000000000000000000111000000000000000000000000000000000000000010000000000000000000000000000000000001100000000
000110000000111111000101110011010010000000000000001110000000000000000000000000000000000001000000000000010000010000000000000000000000000000000000000001000010000000000000000000011111011000000001101100000000000000000000000000000000001100000000
101000000000010001000010001011001100000000000000000000000000000000000000000000000000100000000000000000000010010000000000000000000000000000000000000000100010000000000000000000011111101000000011000000000000000000000000000000000000000000000010
100000000000000110000110100110000000000000000000000000111000000000000000000000000001010000000000000000000000000001100000000000000000000000110000000000000010000000000000000000101111101000000100000010000000000000000000000000000000000000000010
000000000000000100000010100000000001110000000000000001000100000000000000000000000001010000000000000000001010000001010000011100000000000000110000000000000100000000000000000000110000000000000000000100000000000000000000100000000000000000000000
000000000000000000000000000000000000000000000000000001100010000000000000000000000000100000000000000000010001000001011000011010000000000000000000000000000000000000000000000000111000000000000010011100000000000000000000100000000000000000000000
000000000000000000000000000000000000000000000000000000000000000000000111000000000000000000000000000000001110000000011000100010000000000000000000000000000000000000000000000000000000110000000000011000001110000000000000100000000000000000000000
000000000000000000000000000000000000000000000000000000010010000000000000000000000000000000000000000000000100000001000100010010000000000000000000000000000000000000000000000000000111100000000000000000011111000000000000000000000000000000000000
000000000000000000000000000000000000000000000000000000010001000000000000000000000000000000000000000000000000000000111000010100000000000000000000000000000000000000000000000000000111000000000000000000011001101110000000000000011000000000000000
000000000000000000000000000000000000000000000000000000010000100000000000000000000000000000000000000000000000000000010000000000000000000000000000000000000000000000000000000000000100000000000000000000000001000000100000000000011000000000000000
000000000000000000000000000000000000000111000000000000111011010000000000000000000000000000000000000000000000000000000000000000000000000000000000000000000010000000000000000000000000000000000000000011000010100010011000000000000000000000000000
000000001100000001000011000000000000000000000000000000101000111000000000000000000000000000000000000000000000110000000000000000000000000000000010100000000010100000000000000000000000000000000000000000000111101100100000000000000000001100000000
000000001100000001000100100000000000000000000000000000011011010000000000000000000000000000000000000011000001001000000000000000000000000000000010000000000010100000000000000101011000000000000110000000000101000000000000000000000000011110000000
000000000000000001000011000000000000000000000000000000011100100000000000000000000000000000000000011011000000110000000000000001100000000000000010111110000000001000000000000011001000000000001001000000000000110000000000000000000000101000000000
000000000000000000000000000000000000000000000000000000000000000000100000000000000000000000000000010000100000000000000000000010100000000000000001010010000000110000001100000000001000000000001010000000000000100000000000000000000000110000000000
000000000000000000000000000000000000000000000000000000000000000000100000000000000000000000000000100111000000000000000000000011000000000000000000001010001000110000001010000011110000000000000100000000000000000000000000000000000000000000000000
000000000000000000000000000000000000000000000000000000000000111000100000000000000000000000000001101110000000000000000000001100000000000000000000010000010100000000000100000110000000001000000000000000100000000000000000000000000000100000000000
000000000000000000000000000000000000000000000000000000000001000100000000000000000000000000000001100000000000000000000000010100011000000000000111001100000100000000000000000000000000011100000000000010110000000000000000000000001011000000011000
000000000000000000000000001100000111000000111000000000000000100110000000000000000000000000000001100000000000000000000000011000011000000000000001010010110000000000000000000000000000101010000000000101001000000000000000000000001011100100011000
000000000000000000000000001100000101000000000000000000000000011100011000000000001000000000000001100000000000000000000000000000000000000000000001011011000000000000000000000000000000100010000000001101110000000000000000000000001111000000000000
000000000000000000000000000000001000000000000000000000000000000000000000000000011000000001010000100000000000000000000000000000000000110000001001010010000000000000000000000000000011000001100000000111100000100000000000000000000001000000000000
000000000000000000000000000000000100000000000000000000000000000000000100000000111000000010010100010000000000000000000000000000000001001000000000101000000000000000000000000000000100001000010000000000000001110000000000000000001110000000000000
000000000000000000000000000000000000100000000000000000000000000000001100000000101100000001000000010000000000000000001100000000000001001000001000101000000000000000000000000000001110010100111000000000000011111000000000000000001100000000000000
000000000000000000000000000000000010100000000000000000000000000000000001000001101100000011010000100000000000000000010010000000000000110000000000000000000000000000000000000000000100001000010000000000000100000100000000000000001000000000000000
000000000000000000000000000000000000010000011000000000000000000000011000000001100000000011100011000100100000000000001100000000000000000000010000110000000000000000000000000000000011000001100000000000001100100110000000000000000000000000000010
000000000000000000000000000000000010010000100100000000000000000000011110110000011000000111010010001000100000000000000000000000000000000000100011000000000000000000000000000100000000100010000000000011011101010111000000000000000000000000000101
000000000000000000000000000000000010010000011000000000000000000000000110111000001100000000011100000101000000000000000000000000000000000000100010000000000000000000000000001010000000101010000000000011001100100110000000000000000000100000000101
000000000000000000000000000110000001100000000000000000000000000000000011001110000000000011000000000010000000000000000000000000000000000000010000000000000000000000000000000110000000011100000000000000000100000100000000000000000000100000000010
000000000000000000000000000110000000000000000000000000001100000000000111101010000000000001000000000000000000000000000000000000000000011000011000110000000000000000000001111110000000001000000000000000000011111000000000000000000000100000000000
000000000000000000000000000000000000000000000001100000010100000000000011110000000000000000000000000000000000000000000000000000000000011100000001110000000000000000000000101100000000000000000000000010000001110000000000000000000000000000000000
000110000000000000000000000000000000000000000001100000001000000000000000111000010000000000000000000000000000000000000000000000000000100100000000100001110000000000000100100000000000000000000000000101000000100000000000000000000000000000000000
001001000000000000000000100011000000000000000000000000000000000000000000000000000000000001010001110000000000000000000000000000000000101100000000000001101000000000011000100000000000000000000000000011000000000000000000000000000000000000000000
000110000000000000000010010101000000000000000000000000000000000000000000000000110000000100001000000000000000000000000000000000000000011000000000000000011000000000100110100000000000000000000000000000000110000000000000000000000000000000000000
000000000000000111000000000110000000000000000000000000000000000000000000000000000000000100010000000000000000000000000000000000000000000000000000011000000000000000110101000000000000000000000000000000001101000000000000000000000000000000000000
000000000000000000000100000000000000000000000000000000000000000000000000000000000000000000010000000000000000000001100000000000000000000000000000011000000000000000001010000000000000000000000000000000000011100000000000000000000000000000011000
000000000000010000000000000100111000000000000000000000000000000000000000000000000000000011100000000000000000000001100000000000000000000000000000000000000000000000000000000000000000000000000000000000000001100000000000000000000000000000011000
000000000000101000000011000000000000000000000000001000000000110000000000000000000000000000000000000000000000000000000000000000000000000000000000000000000000000010100000011000000000000000000000000101000000010000000000000000000000000000000000
000000000000101000000000101000000000000000000000010100000000110000000000000011100000000000000000000000000000000000000000000000110000000000000000110000000000000100010000110000000000000000000000000010001101010000000000000000000000000000000000
000000000000010000000000111000000000000000000000010100000000000000000000000000000000000000000000000000000000000001000000000000110000000000000000110000000000000010100000000000000000000000000000000000001101100000000000000000000000000000000000
000000000000000011000000000000000010000000000000001000000000000000000000000000000000000000000000000000001000000001000000000000000000000000000000000000000000000001000000000000000000000000000000000000000000000000000000000000000000000000000000
000000000000000011000000000110000101000000000000000000000000000000000000111000000000000000000000000000011000000001000000000000000000000000000000000000000000000000000000000000000000000000000000000000000000000000000000000000000000000000000000
000000000000000000000011000101000110000000000000000000000000000000000000000000000000000000000000000000110011000000000000000000000000000000000000000000000000000000000000000000000000000000000000000000000000000000000000000000000000000000000000
000000000000000000000011000010000000000000000000000000000000000000000000000000000110110000000000000000000010000000000000000000000000000000000000000000000000000000000000000000000000000000000000000000000000000000000000000000000000000000000000
000000000000000000000000000000000000000000000000000000000000000000000000000000000100010000000000000000000111000000100000000000000000000000000000000000000000000000000000000000000000000000000000000000000000000000000000000000000000000000000000
100000000000000000000000000000000000000000000000000000000000000000000000000000000100010000000000000000001011000001110000000000000000000000000000000000000000000000000000000000000000000000000000000000000000000000000000000000000000000000000011
000000000000000000000000000000000000000000000000000000000000000000000011000000000010100000000000000000011111100010001000000000000000000000000000000000000000000000000000000000000000000100000000000000000000000000000000000000000000000000000000
000000000000000000000000000000000000000000000000000000000000000000000011000000000001000000000000000000011100100011011000000000000000000100000000000000000000000000000000000000000000001110000000000000000000000000000000000000000000000000000000
000000000000000000000000000000000000000000000000000000000000000000000000000000000000000000000000000000000001000000000000000000000000001010000000000000000000000000000000000000000000010001000000000000000000000000000000000000000000000000000000
000000000000000000000000000000000000000000000000000000000000000000000000000000000000000000001110000000000000100000000000000000000000001010000000000000000000000000000000000000000000001100110000000000000000000000000000000000000000000000000000
000000000000000000000000000000100000000000000000000000000000000000000000000000000000000000000000000000000000100000101000000000000000000100000000000000000000000000000000000000001011000000011000000000000000000001000000000111000000000000000000
000000000000000000000000000000111101000000000000000001000000000000000000000000000000000000000000000000000000000000000000000000000000000000000000000000000000000000000000000000011100000100000100000000000000000010100000001110100000000000000000
000000000000000000000000000001111110100000000000000010100000000000000000000000000000000000000000000000000000000010001000000000000011000000011000000000000000000000000000000001000000010010111000000000000000000100110000010011000000000000000000
011000000010000000000000000000000111000000000000000010100000000000000000011000000000000000000000000000000000000010010000000000000100100000100100000000000000000000000000000000100100001100110000000000000000000011100000010010000000000000000000
011000000001100000000010000010000000000000000000000001000000100000000001000100000000000000000000000000000000000011100000000000000011000000011000000000000000000000000000000000011111000110000000000000000000000000001000011000000000000000000000