000000000000010000000111000000000000000000000000000000000001100000000000000000000000000000000000000000000000000100010000000000000000000000000000000000000000000000000001000000000011000000000000000000000000000011100000010000000000000000000000
000000000001110000000000000000000000000000000000000000000001100001000000000001110000000000000000000000000000000010100000000000000000000100000000000000000000000000000010100000000000011000000000000000000000000000000000000000000000000000000000
000000000000000000000000000000000000000000000000000000000000000010100000000001110100000000000000000000000000000001000000000000000000001010000000000000000000000000000010010000000000001001011000000000000000000000010000000000000000000000000000
000000000000000000000000000000000000000000000000000000000000000001100000000010000010000000000000000000000000000000000000000000000000001010000000000000000000000000000001100000000000000110100000000000000000000000111000000000000000000000000000
000000000000000000000000000000000000000000000000000000000000000000000000000001001010000000000000000000000000000000000000000000000000000100000000000000000000000000000000000000000000000000000000000000000000000001100100000000000000000000001100
000110000000000000000000000000000000000000000000000000000000000000000000000010000000000000000000000000000000000000000000000011000000000000000000000000000000000000000000000000000000000000000000000000000011000000101000000000011100000000100100
000110000000000000000000000000000000000000000000000000000000000000000000000010110000000000000000000000000000000000000000000011000000000000000000000000000000000000000000000000000000000000000000000000000100100000001000000000010010000000000000
000000000000000000000000000000000000000000000000000000000000000000000000000010000100000000000000000000000000000000000000000000000000000000000000000000000000000000000000000000000000000000000000000000000011000001110000000000010110000010001000
000000000000000000000000000000000000000000000000000000000000000000000001100000001100000000000000000000000000000000000000000000000011000000000000000000000000000000000000000000000000001000000000000000000000000110000000000000000000000010000000
000000000000000000000000000000000000000000000000000000000000000111100010100000001010000000000000000000000000000000000000000000000011000000000000000000000000000000000000000000000000101000000000000000000000000100100000000000000000000000110000
000000000000000000000000000000000000000000001100000000000000000101000000000000110110000000000000000000000000000000000000000000000000000000000000000000000110000000000000000000000000000000000000000000000000000011100000000000000000000010110000
000000000000000000000000000000000000000000001100000000000000000001000000000000010100000000000000000000000000000000000000000000000000000000000000000000000110000000000000000000000010001000110000000000000000001000000000000010000101100011000000
000000000000000000000000000000000000000000000000000000000000000000000000000000000000000000000000000000000000011000000000000000000000000000000000000000000000000000000000001000000010000001010000000000000000010100000000000100000101100000000000
000000000001000000000010000000000000000000000000000001010000000011100000000000000000000000000000000000000000100100000000000000000000001110000000000000000000000001000000010100000110000110010000000000000000010100000000000111110100000000000000
000000000010100000000101000000000000000000000000000001011000000000000000000000000000000000000000000000000000011000000000000000000000000000000000000011000000000001000000010100001101100000000000000000000000001000000000000011001100000000000000
000000000011000000000010000000000000000011100000000011000100000000000000000000000000000000000000000000000000000000000000000000000000000000000000000011000000000001000000001000001101100100000000000000000000000000000000000001011100100000000000
000000000000000000000000000000000000000000000000000010010010000000000000000000000000000000000000000000000000000000000000000000000000000000000000000000000000000000000000000000000000000000000000000000000000000011100000000010110111000000000000
000000000000000000000000000000000000000000000000000011100100000000010000011000000100000000000000000000000000000000000000000000000000000000000000000000000000011100000000000000000000000000000000000000000000000000000000000000101110000000000000
000000000000000000000000000000000000000000000000000001000100000000011100011000001010000000000000000000000000000000000000000000000000000000000000000000000000000000000000000000000000000001000000000000000000000000000000000010110100000000000000
000000000000000010000000000000000000000000001100000000000100001100000000000000010010000000000111000000000000000000000000000000000000000000000000000000000000000001000000000001000000000011000000000000000000000000000000000001110000000000000000
000000000000000101000000000010000000000000001100000000000000000000000111000000001110000000000001000000000000000000000000000011000000000000000000100000000000000001000000000001000000000001000000000000000000000000000000000000010000000000000000
000000000000001001000000000010000000000000000000000010000110000000000010000000001110000000000010000000000000000000000000000100100000000000000001010000000000000001000000000001000000000110000000000000000000000000000000000000001000000000000000
000000000110000110000000000010000000000000000000000000011010000111000000000000000100000000000000000000000000000000000000000011000000000000000001000000000000000000000000000000000000000000000000000000000000000000000000000000110000000000000000
000000000110000000000000000000000000000000011000000010100001101011100000000000011011000000000000000000000000000000000000000000000000000001000000011000000000000000000000000000000000000000000000000000000000000000000011010000000000000000000000
000000000000000000000000000000000000000001100100000010001100000000001000000000100011000000000000110000000000000000000000111000000000000011000000000000000000000000000000000000000000000000000000000000001000000111000011001000000000000000000000
000000000000000000000000000000000000000001100010001110000110001111001000000000100000000000000001001000000000000000000001011100000000000100000000000000110000000000000000011000000000000000000000000000010110011010101000001000000000000110000000
000000000000000000000000000000000000000001000100001101111000000010000100000000000001000000000000110000000000000000000001100010000001000011000000000000110000000000000001011000000000000000000000000000000101110001001000011000000110000110000000
000000000000000000000000000000000000000001100100011010110000000000011000000000001001000000000000000000000000000000000000111010001111000001000000000000000000000000000111000100000000000000000000000000001101110000001000100000000110000000000000
000000000000000000000000000000000000000001110000000100101001000000000000000000001010000000000000000000000000000000000000011100011100100000000000000000000100000000000011000000000000000000000000000000000000000000000110000000000000000000000000
000000000000000000000000000011000000000000010001101101101000100000000000000000000000000000000000000000000000000000000000001000100011110000000000000000000100000000000001111100000000000000000000000000100000000000000000000000000000000000000000
000000000000000000000000100011000000000000000000101100101000100000000000000001110000000000010000000000000000000000000000000000011010110000000000000110000100000000111000111000000000000000000000000000110000000000000000000000000000000000000000
000000000000000000000000100000000000000000000000000100010110010000000000000011110000001000000000000000000000000000000000000100001111100000000000000110000000000000001000010000000000000011100000000000101000000000000000000000000000000000000000
000000000000000000000000100000000000000000000000000100000010010000000000000111000000110001110000000000000000000000000000001100000000000000000000000000000000000000001000000000000000000000000000000000001000000000000000000000000000000000000000
000010000000000011000000000000000000000000000000101000000001100000000000001101000001101111100000000000000000000000000000001010000000000000000000000000000000000010110000000000000000000000000000000101110000000000000000000000000000000000000000
000111000000000011000000000000000000000000000000010000000000000000000000000101100011011001100000011100000000000000000000000100000000000000001000000000000000000110000000010000000000000000000000001000000000000000000000000000000000000000000000
001111100000000000000000000000000000000000000000000000000000000000001100000011010001100100000000101000000000000000000000000001100000000000001100000000000000000000000110101000000000000000000000000101000000000000000000000000000000000000000000
010000110000000000000000011000000000000000000000000000000000001100010110000001110000100000000000100011000000000000000000000000101000000000011010000000000000000000000011011000000000000000000000000010000000000000000000000000000000000000000000
000111100000000000000000100100000000100000000000000000000000001010111001000000000000011010000001101010000000000000000000001000001000000000000000000000000000000000000000010000000000000000000000000000000000000000000000000000000000000000000000
110111000000000000000000011000000000100000000000000000000000010011100001100000000000001100000000101000000000000000001110000110110000000001110011000000000101000000000010100000000000000000000000000000000000000000000000000000000000000000000000
011110000000000000000000000000000000100000000000000000000000011111000011000000000000000100000000000000000000000000000000000001100000000000000011000000000110000000000010100000000000000000000000000000000000000000000000000000000000000000000000
000000000000000000000000000000010000000000000000000000000000010110000010000000000000000000000000000000000000000000100000100000000000000000000010100000000010000001100011000000000000000000000000000000000000000000000000000000000000000000000000
000111000000000000000000000000111000000000000000000000000000001000001000000000000000000000000000000000000000000000100000100000000000000000000011101000000000000000010110000000000000000000000000000000000000000000000000000000000000000000000000
000010100000000000000000000000100110000000000000001000000000000000000000000000000000000000000000000000000000000000100000100000000000000000000010000000000000000001100011000000000000000000000000000000000000000000000000000000000000000000000000
000010100000000000000000011100010010000001010000001000000010000011100000000000000000000000000000000000000000000000000000000000000000000000110100010110000000000000011000101100000000000000000000000000000000000000000000000000000000000000000000
000010100000000000000000100001010000000000001000000000000001000001000000000000000000000000000000000000000000000000001110000000000000000000010011101100000011100000000101000010000000000000000000000000000000000000000000000000000000000000000000
011111000000000000000000100000000100000001000100110000010000000001000000000100000000000000000000000000000000000000000000000000000000000000000000000000000000000000000101100010000000000000000000000000000000000110000000000000000000000000000000
011000000000000000000000110000011000000000011011101000010000100000000000001010000000000000000000000000000000000000000000000000000000000000000000000000000000000000000000001100000000000000000000000000000000000110000000000000000000000000000000
000000000000000000000000000000010000000000001010101100010000100000000000000110000000000000000000000000000000000000000000000000000000000000000000000000000000000000000000000000000000000001100100000000000000000000000000000000000000000000000000
000000000000000000000000001000100000000000001100011100010000000000000000000000000000000000000001110000000000000000001100000000000000111000000000000000000000000000000000000000000000000111101010000000000000000000000000001100000000000000000000
000000000000000000000000000010000000000000001100000101100010000000000000000000000000000000000000001000000000000000010010000000000000000000000000000000000000000000000000000000000000000011111010000000000000000000000000001100000000000000000000
000000000000000000000000000000011000000000101000000000100000000000000000000000000000000000000001001100000000000000001100000000000000000000000000000000000000000000000000000000000001110111111101100000000000000000000000000000000000000000000000
000000000000000000000000000000101100000000100000000000100010000000000000000000000000000000000000000100000000000000000000000000000000000000000000000000000000000000000000000000000000111111001101100000110000000000000000000000000000000000000000
000000000000000000000000000011111000000000000000000000010010000000000000000000000000000000000000000000000011000000000000000000000000000000000000000010000000000000000000000000000000011110001110000000110000000000000000000000000000000000000000
000000000000000000000000000011011000000000000000110000000000000000000000000000000000000000000000010100001101000000000000000000000000000000000000000101000000000000000000000000000000000110000100000000000000000000000000000000000000000000000000
000000000000000000001110000011010000000000000000110000000100000000000000000011000000000000000000001000011000000000000000000000000000000000000000000101000000000000000000000000000000000001000000000000000000000000000000000000001000000000000000
000000000000000000000000000001100000000000000000000000000110010000000000000011000000000000000000000000110000011000000000000000000000000000000000000010000000000000000000000000000000000000000000000000000000000000000000000000011000000000000000
000000000000000000000000000000000000000000000000000001000001001000000000000000000000000000000000000000100000110000000000000000000000000000000000000000000000001000000000000000000000000000000000000000000000000000000000000001110000000000000000
000000000000000000000000000000000000000000000000000010011000001000000000000000000000000000000000000000000000011000000000000000000000000000000000000000000000001000000000000000000000000000000000000000000000000000000000000010010000000000000000
000000000000010000000000000000000001100000000000000010000011001000000000000000000000000000000000000000000000000001000000001100000000000000000000000000000000001000000000000000000000000000000000000000000000000000000000000010110100000000000000
000000000000010000011000000000000010010000000000000010010000010000000000000000000001100000001000000000000000000000100000010010000000000000000000000000000000000000000000000000000000000000000000000000000000000000000000000100010110001000000000
000000000000010000010100000000000001100000000000000001001100000000000000000000000001100000111000000000000001000000100000010100000000000000000000000000000000000000000000000000000000000000000000000000000000110000000000000010110000000100000000
000000000000000000001000000000000000000000000000000000000100000000000000000000000000000001100000000000000000000001110000001000000000000000000000000000000000000000000000000000000000000000000000000000000000101000000000000010100110000110000000
000000000000000000000000000000000000000000000000000000000000000000000000000000000000000000110000000000000000000000000000000000000000000000000000000000000000000000000000000000000000000001100000000000000000010000000000000000000100000010000000
000000000000000000000000000011000000000000000000000000000000000000000000000000000000000000100000000000000000000000000000000000000000000000000000000000000000000000000000000000000000000010010000000000000000000000000000000000001101000011000000
000000000000000000000000000011000000000000000000000000000000000000000000000000000000000011100000000000001000000000000000000000000000000000000000000000000000000011000000000000000000000010100000000000000000000000000000000000000101000010000000
000000000000000000000000000000000000000000000000000000000000000000000000000000000000000011100000000000010010001100000100000000000000000000000000000000000000000011000000000000000000000001000000000000000000000000000000000000000000000100000000
000000000000000000000000000000000000000000000000000000000000000000000000000000001100000001010000000000001110001100000100000000000000000000000000000000000000000000000000000000000000000000000000000000000000000000000000000000000000101100000000
000000000000000000000000000000000000000000000000000000000000000000100000000000010010000000000000000000000100000000000000000000000000000000000000000000000000000000000000000000000000000000000000000000000000000000000000000000000100001100000000
000000000000000000000000000000000000000000000000000000000000000001010000000000010100000010100000000000000000000000000000011000000000000000000000000000000000000000000000000000000000000000000000000000000001000000000000000000000011000100000000
000000000000000000000000000000000000000000001110000000000000000001010000000000001000000001000000001100000000000000000000000000000000000000000000000000000000000000000000000000000000000000000000000000000010100000000000000000000000000011000000
000000001100000000000000000001010000000000000000000000000000000000100000000000000000000001000000001100000000000000000000000000000000000000000000001000000000000111000100000000000000000000000000000000000101000000000000000000000000000110000000
000000001100000000000000000001100000000000000000000000000000000000000000000000000000000000000000000000000000000000000001000000000000000000000000001000000000000000001010000000000000000000000000000000000110001110000000000000000000000000000000
000000000000000000000000000000100000000000000000000000110000111000000000000000000000000000000000000000000000000000000011000000000000000000000000001000000000000000001001000000000000000000000000000000000000001010000000000000000000000000000000
000000000000000000000000000000000000000000000000000000110000010000000000000000000000000000000000000000000000000000000010011000000000000000000000000000000000000000000110000000000000000000000000000000000000011001000000000000110000000000000000
000000000000110000000000000000000000000000000000000000000000010000000000000000000000000000000000000000000000000000000011100000000000000000000000000000000000000000000000000000000000000000000000000000010000001001000000000000110000000000000000
000000000000110000000000000000010000000000000000000000000000111000000000000000000000000000000000000000000000000001100001100000000000000000000000000000000000000000000000000000000000000000000000000000111001011100000000000000000000000000000000
000000000000000000000000000000101000000000000000000000000000000000000000011000000000000000000000000000000000011001100000000000000000000000000000000000000000000000000000000000000000000000000000000001101111100100100000000000000000000000000000
000000000000000000000000000000101000000000000000000000000000000000000000100010000000000110000000000000000000001001100000000000000000000000000000000000000001100000000000000000000000000000000000000000000111000011010000000000000000000000000000
000000000000000000000000000000010000000000000000000000000000000000011100100001000000001001000000000000000000011000000000001100000000000000000000000000000001100000000000000000000000000000000000000001100110000011010000000000000000000000000000
000000000000000000000000000000000000000000000000000000000000000000100010100001000000001001000000000000000000101000000000001000000000000000000000000000000000000000000000000000000000000000000000000011000100101100000000000000000000100000000000
000000000000000000000000000000000000000000000000000000000000000000000000000011100000000110000000000000000000101000000110010100000000000000000000000000000000000000000111000000000000000000000000001001010000001111000000000000001000000000000000
000000000000000000000000000110000000000000000110000000000000000001000001011110100000000000000000000000000000111000001101000100000000000000000000000000000000000000000000000000000000000000000000110000010010100111000000000000010001011000000000
000000000000000000000000000110000000000000000110000000000000000000000000001111000000000000000000000000000000001000000000000100000000000000000000000000000000000000010000000000000000000000000000001000001001000000110000000000011110011000000000
000000000000000000110000000000000000000000000000000000000000000000100001001110000000000000000000000000000000001100000101010000000000000000000000000000000000000000010000000000000000000000000000000000110110000000010000000000010000011000000000
000000001000000000110000000000000000000000000000000000000000000000001001001100000000000000000000000000000000001010000010000000000000000000000000000000000000000000010000000000000000000000000000000001011010000000000000000010000000100000000000
000000010100000000000000000000000000000000000000000000000000000000001110000000000000000000000000000000000000000100000000000000000000000000000000000000000000000000000010000000000000000000000000000000001000000000000000000001000100000000000000
000000100100000000000000000000000000000000000000000000000000000000000000000000000001100000001000000000000000000000000000000000000000000000000000000000000000000000000111000000000000110000000000000001110000000000000000000000000100000000000000
000000011000001100000000000000000000000000000000000000000000000000000000000000000010010000010100000000000000000000000000000000001100000000000000000000000000000000001001100000000000110000000000000000000000000000000000000001000000000000000000
000000000000001100000000000000000000011001110000000000000000000000000000000000000010010000011000000000000000000000000000000000001100000000000000000000000000000000000001010000000000000000000000000001000000000000000000000010001100000000000000
000000000000000000000000000000000000100100110000000000000000000000000000000000000001100000000000000000000000000000000000000000000000000000000000000000000000000000000001010000000000000001100000000000000000000000000000000011010010000000000000
000000000000000000000000000000000000000000000000011000000000000000010000000000000000000000000000000000001100000000000000000000000000000000001100000000000000000000000011110000000000000010010000001010000000000000000000001011110100000000000000
000000000000000000000000000000000010000101100000011000000000000000001100000000000000000000000000000000010010000000000000000000000000000000001100000000000000000000000101000000000000000010100000111100000000000000000000001110111000000000000000
000000000000000000000000000000000100010101010000000000000000000000011000001110000000000000000000000000011011000100000000000000111000000000000000000000000000000000010001100000000000000011100000010000000000000000011101000100010011100000000000
000000000000000000000000000000000010001001110000000000000000000000000000000000000000000000000000000000001010000010110011000001111100000000000000000000000000000000011000010000000000000000001100111000001100000000111010111000000100100000000000
000000000000000000000000000000000001110001010000000000000001000000000000000000000000000000000000000000000100000001111111000110000000000000000000000000000000000000000101010000000000000000011100000000000100000001110010100000000100001000000000
000000000011000000000000000000000000000001011000000000000100000001000000000000000000000000000000000000000001110100110010100110011010000000000000000000000000000000000000100000000000000001100010000000011100000001000110000000000110111000000000
000000000100100000000000000000000000000000001000000000000000010001110000000000000000000000000000000000000001101100000011100100010100000000010000000000000000000000000000000000000000000010001100001000000000000010000011000000000000010000000000
000000000011000000000000000000000000000000001000000000001000111111001000000000011000000000000000000000000001101100000011110000001110000000100000000000000000000000000001000000000000000010110000001000000000000001110111000000110000000000000000
001110000000000000000000000000000000000000000000000000000001000010001000000000000100000000000000000000000000010000000010100000000000000000010000000000001000000000011011000000000000000001100000000000000000000001111110000000101000000100000000
000000000000000000000000000000000000000000000000000000001010001100110000101100000000000000000000000000000000000011000001000011001110001100000000000000001000000000010100000000000000000000000011010000100000000000001100000001001101011110000000
000000000000000000000000000000000000000000000000000000000100000010000000100000000000000000000000000000000000000100100000001010001000000000000000000000001000000000010001000000000000000000000010001001010000000000000000000000100010000001000000
000000000000000000000000000000000000000000000011000000000000000000001100110000010100000000000011000000000001110111000000001000000110000000000000000000000000000000000011000000000000000011101000001001001000000000000000000000011111100010000000
000000000000000000000110000000000000000000000100100000000000000000001100000100110000000000000011000000000000000000000000000110000000000000000000000000000000000000000000000000000000000101011000000100110000000000000000000000000100000010000000
000000000000000000000100111000000000000000000011000000000000111010000100000011100000000000000000000000000000000000000000000110000000000011100100000000000000000000000000000000000000000100000000101000000000000000000011100000000000010100000000
000000000000110000000101011100000000000000000000001110000001011001000000000010010000000000000000000010000000000000000000111000000000000110000100000000000000000000100000000000000000000111000110000000000000000011000000011000000000000000000000
000000000001011000000000000110000000000000000000000010000010000001100000000001100000000000000000000111000000000000000000000000000000000010000000000000000000000001100000000000000000000010000110000000000000000000000000011000000000000000000000
000000000111010000000000000011000000000000000000000100000001010000000000000010000000000000000000001100010000000000000000000000000000000001010000010000000000000011010000000000000000000000000000000000000000000000001101100000000000000000001000
000000001110000000000000000100000000000000000000000000000000100000000000001011000000000000000000011011001000000100000000000000000000000000100000101000000000000001000000000000000000000000000000000000000000000000010110100000000000000000010100
000000010101100000000001110000000000000000000000000000000000000000000000100000000000000000000000011000111100001100000010000000000000000000000100001000000000000000100000000000000000000000000000000000000000000000010010011000000000000000100100
000000000010100000000001100000000000000000000000000000000000000011100000100000100000000000000000011000101100011100000010000000000000011000001101100000000000000000000000000100000000000000000000000000000000000000001110011100000000000000011000
000000000000100000000000000000000000000000000000000011000000000000000000000000110100000000011000001101001100000000000000000000000000011000001100100000000000000000000000001011000000000000000000000000000000000000000110011000000000000000011000
000000000000000000000000000000000000000000000000000100100000000000000001001010000000000000001100110011101100110000000000000000000000000000001010000000000000000000000000011011000000000000000000000000000000000000000010101000000000000000000000
000000000000000000000000000000000000000000000000000011000000000000000001000001100001000000001101110000011000000000000110000000000000000000000100000000000000000000000000110110100000000000000000000000000000000000000001110000000000000000000000
000000000000000000000000000000000000000000000000000000000000000000000000000101100000000111101101100000000000000000001001011000000000000000000000000000000000000000000011000000000000000000000000000000000000000000000000100000000000000000000011
100000000000000000000000000000000000000000000000000000000000000000000001000000000111000011101100100000000000000000010001011000000000000000100000000000000000000000000111010001101110000000000000000000000000000000000000000000000000000000000011
000011000000000000000000000000100000000000000000000000000000000000000001001011000111001110101000010100000000000000010001100000000000000001010000000000000000000000001000101000001110000000000000000000000000000000000000000000000000000011100011
000011000000000000000000000000100000000000000000000000000000000000000000101100000001001001100000011100000000000000001100000000000001110001100000000000000000000000010000000100110110000000000000110000000000000000000000000000000000000001100000
000000000000000000000000000000100000000000000000000000000000000000000000000000000011111100000000001000000000000000001110000000000000000000000000000000000000000000001000000100111000000000000001001000110000000000000000000000000000000000000000
000000000000000000000000000000000000000000000000000000000000001010000000000000000000011000000000001110000110000000000000000000000000000000000000000000000000000000000010000000111000000000000000110000110000000000000000000000000000000000000000
000000000100000000000000001110001110000000000000000000000000000000000000000000000000000000000000000111101110000000000000000000000000000000000000000000000000000000001100000000000000000000000000000000000000000000000000000000000000001000000000
000000000100000000000000000000000000000000000000000000000000100011010000000000000000000000000000000011001011000000000000000000000001110000000000000000000000000000001110011000000000000000000000000000000000000000000000000000000000010100000000
000000000100000011000000000000100000000000000000000010000001000101110000000000000000000000000000000001110011000000000000000000000000000000000000000000000000000000000000010000000000000000000000000000000000000000000000000000000000100010000000
000000000000000011000000000000100000000000000000001110000000111011010000000000000000000000000000000001100010000000000000000000000100000100000000000000000000000000000000000000000000000000000000000000000000000000000000000000000000010100000000
000000000000000000000000000000100000000000000000011000000000010101000000000000000000011100000010000000110110000000000000000000000100000100000000000000000000000000000000000000000000000000000100000000000000000000000000000000000000001000000000
000000000000000000000000000000000000000000000000100100000000000010100000000000000000001011000100000000011100000000000000000000000100000100000000000000000000000000000000000000000000000000001010000000000000000000000000000000000000000000000000
000000000000000000000000000000000000000000000000110100000000000000000000000000000000101000000010000000001000000000000000000000000000000000000000000000000000000000000000000000000000000000001001000000000000000000000000000000000000000000000000
000000000000000000000000000000000000000000000000000000000000000000000011100000000001000010010000000000000000000000000000000000000001110000000000000000000000000000000000000001100000000000000110000000000000000000000000000000000000000000000000
000000000000000000000000000000000000000000000000100010000000000000000100010000000000000100010000000001100000000000000000000000000000000000000000000000000000000000000000000001010000000000000000000000000000000000000000000000000000000000000000
000000000000000000001100010000000000000000000001101100000000000011000010100000000000000111010001000001100000000000000000000000000000000000000000000000000000000000000000000001011000000000000000000000000000000000000000000000111000000000000000
000000000000001110001000000000000000000000000011110000000000000111100001000000000000011010001001000000000000000000000001100000000000000000000000000000000000000000000000000000110000000110000000011000000000000000000000000000000000000000000000
000000000000001000000100010000000000000000000010000000000000000100001000000000000000000001000001000000000000000000000001100000000000000000000000000000000000000000000000000000100000001000001100100100001100000000000000000010000010000000000000
000000000000001001000100000000000000000000000000000000000000000101000000000000000000000011001000000000000000000000000000000000000000000000000000000000000000000000000000000000000000000100000100011000101010000000000000000010000010000000000000
000000000000000001001101001110000000000000000000000000000000000100001000000000000000000110001000000000000001100000000000000000000000000011000000000000000000000000000000010000000000000100000010000001000010000000000000000010000010000000000000
000000000000111111100001000000000000000000000000000000000000000110000000000000000000010001010000000000000001100000000000000000000000000011000000000000001100000000000000001100000000000000000110000000100000000000000000000000000000000000000000
000000000001000100110101000000000000000000000000010000000000000010111000000000000000010010000000000000000000000000000000000000000000000000000000000000010010000000000000011000000000000100100000000000000010000000000000000000111000000000000000
011100000011010110010010010000000000000000000001111000000000000000001000000000000000001001000000000000000000000000000000000000000000000000000000000000001100000000000000000000000001100100000000000000110110000110000000000000000000000000000000
100010000001010111011001000000000000000000000001000100000000000000110000000000000000000010000000000000000000000000000000000000000000000000000000000000000000000000000000000000000001100001011000000000001010001110000000000000000000000000000000
000010000000100100010000100000000000000000000011100000000000000000000000000000100000001000000000000000000000000000000000000000000000000000000000000000000000000000000000000000000000000000111000000000001010111100000000000000000001000000000000
000000000000010100100001000000000000000000000010010100000000000000000000000001100000011000000000000000000000000000000000000000000000000000000000000000000000000000000000000000000000000000000000000000000101011100101010000000000001000000000001
001000000000000110000000000000000000000000000010000100000000000000000011100001010000001000010000000000000000000000000000000010000011000000000000000000000000000000000000000000000000000000000000000001101000000001010100000000000001000000000001
100000000000100000000000000000000000000000000001000100000000000000000000000001100001010000010000000000000000000000000000000010000010100000000000100000000000000000000000000000000011000000000000000001010000000100000001000000000000000000000000
000000000001010000000000000000000000000000000000100000000000000000000000000001010000001000010000000000000000000000000000000010000001000000000000100000000000000000000000000000000100100000010000000000110010000000001110000000000000000010010000
000000000010000110000000000000101110000000000000000000000000000000000000000001001000001000000000000000000000000000000000000000000000000000000000100000000000000000000000000000000101000001110000000010000000100011001010000000000000000111111000
000000000011000110000000000011010001000000000000000000000000000000000000000001000001100000000000000000111000000000000000000000000000000000000000000000000000000000000000000000000010000010000011000011000000000101100000000000000000000100001000
000000000001000000000000000001000011000000000000000000000000000000000000000000101000000000001000000000000000000000000000000000000000000000000000000000000000000000000000000000000000000010000110000010110000001000000000000000000000000011110000
000000000000101000000000000000111101000000000000000000000000000000000000000000000000000000010100000000000000110000000000000000000000000000000000000000000000000000000000000000000000000011011100000001110000010000000000000000000000000000110000
000000000000010000000000000000000000000000000000000000000000000000000000000000000010000000100100000000000000110000000000000000000000000000000000000000000000000000000000000000000000000000100000000001100000000000000000000010000000000000000000
000000000000000000100000000000000000000000000000000000000000010000000000000000000101000000111000000000000000000000000000000000000000000000000000000000000000000000000000000000000000000000000000001001100000011000011000000101000000000000000000
000000000000000000100000000000000000000000011100000000000000100100000000000000000011000000110000000000000000000100001110000000000000000000000000000000000000000000000000000000000000000000000000001111000000101111111100000101000000000000000000
000000000000000000000000000000010000110000000000000000000000100100000000000000000000000001100000000000000000000100000000000000000000000000000000000000100000000000001110000000000000000000000000000110000000010001010110000010000000000000000000
000000000000000000000000000000011001001001000001000000000000010010000000000000000000000010000000000000000000000100000000000000000000000000000000000001010000000000000000000000000001000000000000000011000000010000001110000000000000000000000000
000000000000000001100000000000101001010001000001000000000000001100000000000000000000000001100000000000000000000000000000000000100000000000000000000001010000000000000000000000110010100000000001100001100000000000001100000000000000000000000000
000000000000000010100000000000000000100001000001000000000000000000011100000000000000000000000000000000000000000000000000000011010000000000000000000000100000000000000000000000110010100000000000001001010000000000000000000000000000000000000000
000000000000000011000000000000000000000000000000000001000000000000000010000001000000000000000000000000000000000000000000000000000000000000000000000000000000000000000001000000000001000000000010110001010000000000000000000000000000000000000000
000000000000000000000000000000000000000000011100000010100000000000000001000010100000000000000000000000000000000000000011000000110100000000000000011000000011000000000010100000000000000000000011100000100110000000000000000000000000000000000000
000000000000000000000000000000000000000000000000000100010000000000000000100001100000000000000000000000000000011000000011000000000100000000000000100100000100100000000010100000000000000000000000000001101011000000000000000000000000000000000000
000000000000000000000000000000000000000000000000000100010000000000000100100000000000000000000000000000000000011000000000000000100101100000000000011000000011000000000001000000000000000000000000000001101000000000000000000000000000000000000000
000000000001100000000000000000000000000000000000001000010000000000000000100000000000000000000000000000000000000000000000000000110000000000000000000000000000000010000000000001100000000000000000010000101010000000000000000000000000000000000000
000000000001100000000000000000000000000000000000000100100000000000001001000000000000000000000000000000010000000000000000000000011000000000000000000000000000000111000000000001100000000000000000010000011100000000000000000000000000000000001100
000000000000000000000000000000000000000000000000000110000000000000001010000000000000000000000000000111110000000000000000000000000000000000000000000001100000001010100000000000000001000000000000010000001000000000000000000000000000000000001100
000000000000000000000000000000000000000000000000000000000000000000000000000000000000000000000000001111110100000000000000000000000000000100000000000011000000011101110000000000000010100000000000000000000000000000000000000000000000000000000000
000000000000000000000000000000000000000000000000000000000000000000000000000000000000000000000000010001000111001100000000000000001111101010000000000011000000001010100000000000000001100000000111000111000000000000000000000000000000000000000000
000000000000000000000000000000000000000000000000000000000000000000000000001100000011100000000000001110000000010010000000000000001101100010000000000000001100000111000000000000000000000000000000000000000000000000000000000000000000000000000000
000000000000000000000000000000000000000000000000000000000000000000000000001100000000000000000010000000000000001100000000000000000011111100000000000000001100000110000000000000000000000000000000010000000000000000000000000000000000000000000000
000000000011000000000000000000000000000000000000000000000000000000000000000000000000000000000101000001100110000000000000000000000000000000000000000000001000001000000000000000000000000000000000010000000000000000000000000000001110000000000000
000000000011000000000000000000000000000000000000000000000000000001110000000000000000000000000101000001000110000000000000000000000000000001000000000000000000001100000000000000000000000000000000010000000000000000000000000010001000000000000000
000000000000000000000000000000000000000000000000000000000000000000000000000000000000000000000010000011101010000011000000000000000000000001000000000000000000001110000000110000000000000000000000000000000000000000000000000001101010000000000000
000000010000000000110000000000000000000000000000000000000000000100000100000000000000000000000000000010001100000100100000000000000000000001000000000000000000000010000000110000000000000000000000000000000000000000000000000101000000000000000000
000000101000000000110000000000000000000000000000000000000000000100000100000000000000000000000000001000110100001100010000000000000000000000000000000000000000000000100000000000000000000000000000000011000000000000000000001100011000000001100000
000000101000000000000000000000100000000000000000000000000000000100000100000000000000000000000000010000010000000000010000001000000000000000000000000000000000011000100000000000000000000000000000000011000000000000000000001100111100000010010000
000000010000000000000000000000100000000000000000000000000000000000000000000011000000000000000000010011000000000011110000010100000000000000000000000000000000011000000011000000000000000000000000000000000000000000000000000000001100000001100000
000000000000000000000000000000100000000000000000000000000000000001110000000010100000000000000000101001100000000010000000010100000000000000000000000000000000000001000100100000000000000000000000000000000000000000000000000000000010000000000000
000000000000000000000000000000000000000000000000000000000000000000000000000001000000000000000000100100000000000010010000001000000000000000000000000000000000010010000011000000000000000000000000000000000000000000000000000000000000000000000000
000000000000000000000000000000000000000000000000000000000000000000000000000000000000000000000001000110000000000001010000000000000000000000000000000000000000001110000000001000000000000000000000000000000000000000000000000000000000000000000000
000001110000000000000000000000000000000000000000000000000000000000010000000000000000000000000000100010000000000000100000000000110001110000000000000000000000000000000000010100000000000000000000000000000000000000000000000000000000000000000000
000000000000000000000000000000000000000000000000000000000000000000010000000000000110000000000000100000000001110000000000000001001000000000000000000000000000000000000000010100000000000000000000000000000000000000000000000001000000000000000000
000000000000000000000000000000000000000000000000000000000000000000010000000000001001000000000000010100000000010000000000001000110000000000000000000000000000000000000000001000010000000000000000000000000000000000000000000000100001010000000000
000000000000000000000000000000000000000000000000000000011100000000000000000000000110000000000000001000000000011000000000010110000000000000000000000000000000000000000000000000101000000000000000000000000000000000000000000000000000100000000000
000000000000000000000000000000000000000000000000000000000000000111000111000000000000000000000000000000000000000000000000010000000000000000000000000000000000000000000000000000010000000000000000000000000000000000000000000000000000000000000000
000000000000000000000000000000000000000000000000000001000001000000000000000000000000000000000000000000000110000000000000001100000000000000000000000000000000000000000000000000000000000000000000000000000000000000000000000000000000000000000000
000000000011000000000000000000000000000000000000000001000001000000010000000000000000000000000000000000001110111000000000000110011000000000000000000000000000000000000000000000000000000000000000000000000000000000000000000001100000000000000000
000000011001000000000000000000000000000000000000000001000001000000010000000000000000000000000000000000001100100000000000000000011000000000000000000000000010000000000000000000000000000000000000000000000000000000000000000001100000000000000000
000001011001000000000000000000000000000000000000000000000000000000010000000000000000000000000000000000000101000000000000000000000000000000000000000000110010000000000000000000000000000000000000000000000000000000000011011000000000000000000000
000001101010000000000000000000000000000000000000000000011100000000000000000000000000000000000000000000000001111000000000000000000000000000000000000000100000000000000000000000000000000000000000000000000000000000000011010100000000000000000000
000100010100000000110000000000001000000000000000000000000000000000000000000000000000000000000000000000000111000000000000000000000000000000000000000000101000000000000000000000000000000000000000000000000000000000000000110110000000000000000000
001111011100000011011000000000010100000000000000001000000000000000000000000000000000000111000000000000000110000000000000000000000000000000000000000001001010000000000000000000001100000000000000000000000000000000000000010100000000000000000000
011011000100001101010110000000001110000000000000010010000000000000000000000000000000000011100000000000110100000000000000000000000000000000000000000001010010000000000000000000011100001000000000011100000000000000000000010100000000001100000000
010111000010111100010110000000001110000000000000010010011000000000000000000000000000000000000000000000110000000000000000000000000000000000000000000000000100000000000000000000000000001000000000010000000000000000000000000000000000001100000000
101110000001000000010100100000110110000000000000000100011100000000000000000000000000100000000000000000000000000001110000001100000000000000000000000001111000000000000000000000000000000000000000011100000000000000000000000000000000000000000000
011100000000100000101111000000110010100000000000000000001100000000000000000000000001010000000000000000010000000010110000000010000000000000110000000000010000000000000000000000000001110000000000000000000000000000000000000000000000000000000000
011000000000000000000111000000000000100000000000000000000110000000000000000000000001010000000000000000010000000010001101101001000000000000110000000000000000000000000000000000000001010000000000001000000000000000000000000000000000000000000000
000000000000000000000000000000000000100000000000000011110100000000000010000000000000100000000000000000010001000011111101000000100000000000000000000000000000000000000000000000010110000000000000001010000000000000000001110000000000000000000000
000000000000000000000000000000000000000000000000000000000100000000000010000000000000000000000000000000010001000011000001010100100000000000000000000000000000000000000000000001100110011000000000001100000000000000000000000000000000000000000000
000000000000000000000000000000000000000000000000000000100000000000000010000000000000000000000000000000010001000011000000100111000000000000000000000000000000000000000000000000010000110000000000000000000000000110000000000000000000000000000000
000000000000000000000000000000000000000000000000000000100000000000000000000000000000000000000000000000001010000010010000000011000000000000000000000000000000000000000000000000001101100000000000000000000000001110010000000000011000000000000000
000000000000000000000000000000000000000010000000000000000001000000000000000000000000000000000000000000000100000001001000000000000000000000000000000000000000000000000000000000001100000000000000000000000000001101111000000000011000000000000000
000000000000000000000000000000000000000010000000000001100110110000000000000000000000000000000000000000000000000000111000000000000000000000000011000000000010000000000000000000001000000000000000000000000000000000000100000000000000000000000000
000000001100000000000011000000000000000010000000000010000000000000000000000000000000000000000000000000000000110000000000000000000000000000000111000000000111000000000000000001110000000000000000000000000000100011111000000000000000000000000000
000000001100000011100100100000000000000000000000000010100000000000000000000000000000000000000000000001100001001000000000000000000000000000000011100010000000100000000000000010000110000000000110000000000001100001110000000000000000000000000000
000000000000000000000011000000000000000000000000000001100110000000000000000000000000000000000000000110010000110000000000000001100000000000000000000011000010110000000000000011000010000000001001000000000001010000000000000000000001000000000000
000000000000000000000000000000000000000000000000000000000000000000100000000000000000000000000001111110001000000000000000000010100000000000000010011000000001110000001100000110011100000000001010000000000000110000000000000000000001000000000000
000000000000000000000000000000000000000000000000000000000101000001110000000000000000000000000110111010110000000000000000000011000000000000000111111010000000000000001010000110000000000000000100000000000000000000000000000000000000000000000000
000000000000000000000000000000000000000000000000000000000100100000000000000000000000000000000001011010000000000000000000001100000000000000000100011000001000000000000100000111110000001000000000000000011000000000000000000000000000000000000000
000000000000000000000000000000001110000000010000000000000011000001100000000000000000000000000000000011000000000000000000010100011000000000000010001000001000000000000000000000100000010100000000000000001100000000000000000000001111000000011000
000000000000000000000000001100001001100000010000000000000001011000000000000000000000000000000000000011000000000000000000011000011000000000000000000000010000000000000000000000000000010100000000011000000010000000000000000000001111000000011000
000000000000000000000000001100001101100000010000000000000000001000000000000000011000000000011011100110000000000000000000000000000000000000000000100000000000000000000000000000000000001000000000110000000100000000000000000000001001000000000000
000000000000000000000000000000000010110000000000000000000000000000000000000000011000000000011011100000000000000000000000000000000000110000000001000000000000000000000000000000000000000000000000011000011101010000000000000000001110000000000000
000000000000000000000000000000000011100000000000000000000000000000010000000000000000000000100100000000000000000000000000000000000001001000000010000010000000000000000000000000000110000000110000000001100010101000000000000000001110000000000000
000000000000000000000000000000000010000000000000000000000000000000000001100000000000000000000000000000000000000000001100000000000001001000000100001010000000000000000000000000001001000001001000000001000000000000000000000000000000000000000000
000000000000000000000000000000000000000000000000000000000000000000110001100000000000000000000000000000000000000000010010000000000000110000000110100000000000000000000000000000000110000000110000000000001000000010000000000000000000000000000000
000000000000000000000000000000000000000000011000000000000000000000110000010000001110000000000000011101000000000000001100000000000000000000000111000000000000000000000000000000000000000000000000000001010000000001000000000000000000000000000010
000000000000000000000000000000000000000000100100000000000000000000110000110000110001000011000010011100000000000000000000000000000000000000010100110000000000000000000000001000000000001000000000000011001000000010000000000000000000000000000101
000000000000000000000000000000000000000000011000000000000000000000000000000000000110000011100101011000000000000000000000000000000000000000000000110000000000000000000000100010000000010100000000000110000100000001000000000000000000000000000101
000000000000000000000000000110000000000000000000000000000000000000000000000000000000000000101010000111000000000000000000000000000000000000011100000000000000000000000011000100000000010100000000000111000100000010000000000000000001110000000010
000000000000000000000000001001000000000000000000000000001100000000000000000000000000000000001000000010000000000000000000000000000000000000001000000000000000000000000011000100000000001000000000000111000110000000000000000000000000000000000000
000000000000000000000000001000000000000000000001100000010100000000000000010000000000000000000000000010000000000000000000000000000001000011000000100000100000000000011000000100000000000000000000000111011000001000000000000000000000000000000000
000110000000000000000000001001000000000000000001100000001000000000000000001100000000000000000000100000000000000000000000000000000001100011000000000001010000000000011111100100000000000000000000000101100011010000000000000000000000000000000000
001001000000000000000000001100100000000000000000000000000000000000000000000000000000000000010000100000000000000000000000000000000000000010000001000011001100000000100000001000000000000000000000000011100010000000000000000000000000000000000000
000110000000000010000000001100110000000000000000000000000000000000000000000000000000000001101000100000000000000000000000000000000000100100000001001001101100000000110001101000000000000000000000000000100000000000000000000000000000000000000000
000000000000000010000000000000010000000000000000000000000000000000000000000000000000000110000000000000000000000000000000000000000000100100000000100001101100000000010110000000000000000000000000000000000001000000000000000000000000000000000000
000000000000000010000000000000010000000000000000000000000000000000000000000000000000000100010000000000000000000001100000000000000000011100000000010000010000000001010010000000000000000000000000000000000011110000000000000000000000000000011000
000000000000010000000000000000111000000000000000000000000000000000000000000000000000000111100000000000000000000001100000000000000000000000000000000000000000000001000100010000000000000000000000000000001101010000000000000000000000000000011000
000000000000101000000001000000000000000000000000001000000000110000000000000001000000000000000000000000000000000000000000000000000000000000000000000000000000000001101011001000000000000000000000000000000010111000000000000000000000000000000000
000000000000101000000010000000000000000000000000010100000000110000000000000001000000000000000000000000000000000000000000000000110000000000000000110000000000000111101001101000000000000000000000000000000001010000000000000000000000000000000000
000000000000010000000001100000000000000000000000010100000000000000000000000001000000000000000000000000000000000000000000000000110000000000000000110000000000000100010000010000000000000000000000000000000001110000000000000000000000000000000000
000000000000000011000000100000000010000000000000001000000000000000000000010000000000000000000000000000010000000011100000000000000000000000000000000000000000000100010000000000000000000000000000000000000000100000000000000000000000000000000000
000000000000000011000001000010000101000000000000000000000000000000000000010000000000000000000000000000000000000000000000000000000000000000000000000000000000000010100000000000000000000000000000000000000000000000000000000000000000000000000000
000000000000000000000011000010000110000000000000000000000000000000000000010000001100011000000000000000000000000001000000000000000000000000000000000000000000000001000000000000000000000000000000000000000000000000000000000000000000000000000000
000000000000000000000011000010000000000000000000000000000000000000000000000000010100010100000000000000000111000001110000000000000000000000000000000000000000000000000000000000000000000000000000000000000000000000000000000000000000000000000000
000000000000000000000000000000000000000000000000000000000000000000000000000000110000000110000000000000000000000011111000000000000000000000000000000000000000000000000000000000000000000000000000000000000000000000000000000000000000000000000001
000000000000000000000000000000000000000000000000000000000000000000000000000000011000001100000000000000000000000110001100000000000000000000000000000000000000000000000000000000000000001000000000000000000000000000000000000000000000000000000001
000000000000000000000000000000000000000000000000000000000000000000000011000000001000001000000000000000000000010000000110000000000000000000000000000000000000000000000000000000000000011000000000000000000000000000000000000000000000000000000001
000000000000000000000000000000000000000000000000000000000000000000000011000000000111110000000000000000000000110110001100000000000000000100000000000000000000000000000000000000000000110000000000000000000000000000000000000000000000000000000000
000000000000000000000000000000000000000000000000000000000000000000000000000000000011100000000100000000000001000110001000000000000000001010000000000000000000000000000000000000000000110001100000000000000000000000000000000000000000000000000000
000000000000000000000000000000000000000000000000000000000000000000000000000000000001000000000100000000000000100000000000000000000000001010000000000000000000000000000000000000000000111100100100000000000000000000000000000000000000000000000000
000000000000000000000000000000000000000000000000000000000000000000000000000000000000000000000100000000000000000000000000000000000000000100000000000000000000000000000000000000000000010000011110000000000000000000010000110000000000000000000000
000000000000000000000000000000000000000000000000000001000000000000000000000000000000000000000000000000000000000001110000000000000000000000000000000000000000000000000000000000000000001000010001000000000000000110101001001000000000000000000000
000000000000000000000000000001100001100000000000000010100000000000000000001000000000000000000000000000000000000011010000000000000011000000011000000000000000000000000000000000000000000111010110000000000000001000000001010000000000000000000000
011000000000000000000000000010010001100000000000000010100000000000000000010100000000000000000000000000000000000001001000000000000100100000100100000000000000000000000000000000000000000001011000000000000000000000001001010000000000000000000000
011000000000100000000000000001100000000000000000000001000000000000000000000000000000000000000000000000000000000100010000000000000011000000011000000000000000000000000000000000000010000110100000000000000000000100010001100000000000000000000000