000000000001010000000010000000000000000000000000000000000001100000000000000000100000000000000000000000000000000110110000000000000000000000000000000000000000000000000001000000000011001100000000000000000000000011100000100000000000000000000000
000000000000110000000010000000000000000000000000000000000001100001000000000001011000000000000000000000000000000011100000000000000000000100000000000000000000000000000010100000000000011000000000000000000000000001100000000000000000000000000000
000000000000100000000000000000000000000000000000000000000000000010100000000010011000000000000000000000000000000001000000000000000000001010000000000000000000000000000010010000000000011011110000000000000000000000111000000000000000000000000000
000000000000000000000000000000000000000000000000000000000000000001100000000010011010000000000000000000000000000000000000000000000000001010000000000000000000000000000001100000000000000111110000000000000000000001001000000000000000000000000000
000000000000000000000000000000000000000000000000000000000000000000000000000011000100000000000000000000000000000000000000000000000000000100000000000000000000000000000000000000000000000000000000000000000000000001000100000000001000000000001100
000110000000000000000000000000000000000000000000000000000000000000000000000010110000000000000000000000000000000000000000000011000000000000000000000000000000000000000000000000000000000000000000000000000011000001101100000000011100000000001100
000110000000000000000000000000000000000000000000000000000000000000000000000110000000000000000000000000000000000000000000000011000000000000000000000000000000000000000000000000000000000000000000000000000100100001001000000000110010000000000000
000000000000000000000000000000000000000000000000000000000000000000000000000001010100000000000000000000000000000000000000000000000000000000000000000000000000000000000000000000000000000000000000000000000011000011110000000000001110000000000000
000000000000000000000000000000000000000000000000000000000000000011000001100000001010000000000000000000000000000000000000000000000011000000000000000000000000000000000000000000000000010000000000000000000000000110010000000000000000000001010000
000000000000000000000000000000000000000000000000000000000000000101100000100000000010000000000000000000000000000000000000000000000011000000000000000000000000000000000000000000000000010000000000000000000000000100100000000000000000000000110000
000000000000000000000000000000000000000000001100000000000000000100000000000000110010000000000000000000000000000000000000000000000000000000000000000000000110000000000000000000000000010000000000000000000000000111100000000000000000000010010000
000000000000000000000000000000000000000000001100000000000000000010000000000000110110000000000000000000000000000000000000000000000000000000000000000000000110000000000000000000000000000000110000000000000000001111000000000000000001100011100000
000000000000000000000000000000000000000000000000000000000000000010100000000000000000000000000000000000000000011000000000000000000000000100000000000000000000000000000000001000000011000111011000000000000000010100000000000100100101100000000000
000000000001000000000010000000000000000000000000000000011000000001000000000000000000000000000000000000000000100100000000000000000000000100000000000000000000000000000000010100001000000010100000000000000000010100000000000100110100000000000000
000000000010100000000101000000000000000001000000000001011000000001000000000000000000000000000000000000000000011000000000000000000000000100000000000011000000000011100000010100000000100110000000000000000000001000000000000100000010000000000000
000000000011000000000010000000000000000001000000000011010100000000000000000000000000000000000000000000000000000000000000000000000000000000000000000011000000000000000000001000001101100000000000000000000000000001000000000000000001000000000000
000000000000000000000000000000000000000001000000000100001110000000000000000000000000000000000000000000000000000000000000000000000000000000000000000000000000001000000000000000000000000000000000000000000000000001000000000000000001000000000000
000000000000000000000000000000000000000000000000000010101110000000010000011000000100000000000000000000000000000000000000000000000000000000000000000000000000001000000000000000000000000000000000000000000000000001000000000000000001000000000000
000000000000000000000000000000000000000000000000000011101110000000011000011000001010000000000010000000000000000000000000000000000000000000000000000000000000001000000000000000000000000011000000000000000000000000000000000000000110000000000000
000000000000000010000000000000000000000000001100000000000000000000000000000000010011000000000011000000000000000000000000000000000000000000000000000000000000000000000000000000000000000011100000000000000000000000000000000001000000000000000000
000000000000000101000000000000000000000000001100000000000110000000000111000000010001000000000101000000000000000000000000000011000000000000000000100000000000000011100000000011100000000101000000000000000000000000000000000000011000000000000000
000000000000001001000000000111000000000000000000000000001110000010000111000000000000000000000000000000000000000000000000000100100000000000000001000000000000000000000000000000000000000010000000000000000000000000000000000000101000000000000000
000000000110000110000000000000000000000000000000000001011010000100100000000000010001000000000000000000000000000000000000000011000000000000000000011000000000000000000000000000000000000000000000000000000000000000000000000000010000000000000000
000000000110000000000000000000000000000000111000000001000011000000100000000000011001000000000000000000000000000000000000010000000000000011000000000000000000000000000000000000000000000000000000000000000000000010000011100000000000000000000000
000000000000000000000000000000000000000001001100000010001101011000110000000000100111000000000000110000000000000000000000100100000000000011000000000000000000000000000000000000000000000000000000000000001100001111000111111000000000000000000000
000000000000000000000000000000000000000010000110001000100010000111001100000000000011000000000001001000000000000000000001000100000000000100000000000000110000000000000000111000000000000000000000000000000111011000110100001100000000000110000000
000000000000000000000000000000000000000010000110000000001100000011010100000000000000000000000000110000000000000000000001000010000101000011000000000000110000000000000001010100000000000000000000000000000000000001001100011000000110000110000000
000000000000000000000000000000000000000010011000010010000000000000001000000000000111000000000000000000000000000000000001000010010001100011000000000000000000000000000100001000000000000000000000000000001101010000001000010000000110000000000000
000000000000000000000000000000000000000001011000100000001000000000000000000000000100000000000000000000000000000000000000100000010000010000000000000000000000000000000100010100000000000000000000000000000000100000000100000000000000000000000000
000000000000000000000000000011000000000000010001100001101101100000000000000000110000000000000000000000000000000000000000011100100010000000000000000000001110000000010010000100000000000000000000000000110000000000000000000000000000000000000000
000000000000000000000000000011000000000000000001100001101001110000000000000010010000000000000000000000000000000000000000000000011000000000000000000110000000000000011001000100000000000001000000000001100000000000000000000000000000000000000000
000000000000000000000001110000000000000000000000000110011111110000000000000100010000010000010000000000000000000000000000001100011010110000000000000110000000000000001100111000000000000001000000000000101000000000000000000000000000000000000000
000000000000000000000000000000000000000000000000001100000110010000000000001000000001100000010000000000000000000000000000001010000111000000000000000000000000000000001000000000000000000001000000000001001000000000000000000000000000000000000000
000111000000000011000000000000000000000000000000011000000001100000000000001000000010000100000000001000000000000000000000001010000000000000000000000000000000000111010000000000000000000000000000000000110000000000000000000000000000000000000000
001000100000000011000000000000000000000000000000010000000000000000000000001100000010000000100000011100000000000000000000000111000000000000001100000000000000000111000000010000000000000000000000001101000000000000000000000000000000000000000000
001000010000000000000000000000000000000000000000000000000000000000001110000000010010001000000000101010000000000000000000000001110000000000000000000000000000000000000110101000000000000000000000000110000000000000000000000000000000000000000000
000000010000000000000000011000000000000000000000000000000000001100100010000011010001101100000000100011000000000000000000000001100000000000011000000000000000000000000111001000000000000000000000000010000000000000000000000000000000000000000000
110100010000000000000000100100000000000000000000000000000000011010001101100000100000011000000001100011000000000000000100000101101000000000001111000000000000000000000010011000000000000000000000000000000000000000000000000000000000000000000000
110000100000000000000000011000000001110000000000000000000000010000000000100000000000010010000001100100000000000000000100000110110000000000100011000000000100000000000000110000000000000000000000000000000000000000000000000000000000000000000000
110001000000000000000000000000000000000000000000000000000000110000100010100000000000001100000000000000000000000000000100000011110000000000100100100000000101000000000110100000000000000000000000000000000000000000000000000000000000000000000000
000001000000000000000000000000111000000000000000000000000000010001000111000000000000000000000000000000000000000000000000000000000000000000000100110000000110000000100000000000000000000000000000000000000000000000000000000000000000000000000000
000111000000000000000000000000101100000000000000000000000000001100000000000000000000000000000000000000000000000001110001110000000000000000000110110000000000000000010100000000000000000000000000000000000000000000000000000000000000000000000000
000000100000000000000000001000100110000000000000000000000000000001000000000000000000000000000000000000000000000000000000000000000000000000000110111100000000000000100011000000000000000000000000000000000000000000000000000000000000000000000000
000110110000000000000000011000011110000000000000000000000000000011100000000000000000000000000000000000000000000000000100000000000000000000111100110110000001000000111100100100000000000000000000000000000000000000000000000000000000000000000000
001000100000000000000000101000101000000000101000010000000000000000000000000000000000000000000000000000000000000000000100000000000000000000111011111110000001000000000101010010000000000000000000000000000000000000000000000000000000000000000000
010011000000000000000001100000110000000000010110110000000000000000000000000100000000000000000000000000000000000000000100000000000000000000000001000000000001000000000001100010000000000000000000000000000000000110000000000000000000000000000000
010010000000000000000000110000011000000000011010001100111000000000000000001010000000000000000000000000000000000000000000000000000000000000000000000000000000000000000000000100000000000000000000000000000000000110000000000000000000000000000000
000000000000000000000000010000111000000000000010100000111000000000000000000110000000000000000000100000000000000000000000000000000000010000000000000000000000000000000000000000000000000000110100000000000000000000000000000000000000000000000000
000000000000000000000000000000000000000000010010010000010000000000000000000000000000000000000000110000000000000000001100000000000000010000000000000000000000000000000000000000000000000100001010000000000000000000000000001100000000000000000000
000000000000000000000000000000010000000000000000000111110000000000000000000000000000000000000001001100000000000000010010000000000000010000000000000000000000000000000000000000000000101000000010000000000000000000000000001100000000000000000000
000000000000000000000000000000011100000000001100000000110000000000000000000000000000000000000000001100000000000000001100000000000000000000000000000000000000000000000000000000000001000000000000100000000000000000000000000000000000000000000000
000000000000000000000000000000000100000000010000000000110000000000000000000000000000000000000000001100000000000000000000000000000000000000000000000000000000000000000000000000000001000000000000100000110000000000000000000000000000000000000000
000000000000000000000000000010000000000000000000000000000000000000000000000000000000000000000000001000000111000000000000000000000000000000000000000010000000000000000000000000000000100000000001000000110000000000000000000000000000000000000000
000000000000000000000100000100000000000000000000110000000000000000000000000000000000000000000000001000011101000000000000000000000000000000000000000101000000000000000000000000000000000001001110000000000000000000000000000000000000000000000000
000000000000000000000100000000011000000000000000110000000110000000000000000011000000000000000000001000100100000000000000000000000000000000000000000101000000000000000000000000000000000010000000000000000000000000000000000000011000000000000000
000000000000000000000100000011100000000000000000000000000110000000000000000011000000000000000000000000101000111000000000000000000000000000000000000010000000000000000000000000000000000000000000000000000000000000000000000000001000000000000000
000000000000000000000000000000000000000000000000000000001110011000000000000000000000000000000000000000110000100000000000000000000000000000000000000000000000000000000000000000000000000000000000000000000000000000000000000001000000000000000000
000000000000000000000000000000000000000000000000000011000011011100000000000000000000000000000000000000000000111000000000000000000000000000000000000000000000011100000000000000000000000000000000000000000000000000000000000010000000000000000000
000000000000000000000000000000000001100000000000000111011000011000000000000000000000000000000000000000000000000000000000001100000000000000000000000000000000000000000000000000000000000000000000000000000000000000000000000111110110000000000000
000000000000111000011000000000000010010000000000000011001110000000000000000000000001100000001000000000000000000001100000010010000000000000000000000000000000000000000000000000000000000000000000000000000000000000000000000110000110000000000000
000000000000000000010100000000000001100000000000000000001100000000000000000000000001100001101000000000000000000000000000010100000000000000000000000000000000000000000000000000000000000000000000000000000000110000000000000110110000001110000000
000000000000000000001000000000000000000000000000000000001100000000000000000000000000000001001000000000000000000001110000001000000000000000000000000000000000000000000000000000000000000000000000000000000000101000000000000000111110000110000000
000000000000000000000000000000000000000000000000000000000000000000000000000000000000000000010000000000000000000000100000000000000000000000000000000000000000000000000000000000000000000001100000000000000000010000000000000000000000000000000000
000000000000000000000000000011000000000000000000000000000000000000000000000000000000000000000000000000000000000000000000000000000000000000000000000000000000000000000000000000000000000010010000000000000000000000000000000000001100000111000000
000000000000000000000000000011000000000000000000000000000000000000000000000000000000000010010000000000000000000000000000000000000000000000000000000000000000000011000000000000000000000010100000000000000000000000000000000000001100000111000000
000000000000000000000000000000000000000000000000000000000000000000000000000000000000000000010000000000010010001100000000000000000000000000000000000000000000000011000000000000000000000001000000000000000000000000000000000000000000001110000000
000000000000000000000000000000000000000000000000000000000000000000000000000000001100000011000000000000001010001100000000000000000000000000000000000000000000000000000000000000000000000000000000000000000000000000000000000000000000010010000000
000000000000000000000000000000000000000000000000000000000000000000100000000000010010000001100000000000001110000000000000000000000000000000000000000000000000000000000000000000000000000000000000000000000000000000000000000000000011010010000000
000000000000000000000000000000000000000000000100000000000000000001010000000000010100000001000000000000000000000000000000000000000000000000000000000000000000000000000000000000000000000000000000000000000001000000000000000000000010001100000000
000000000000000000000000000000000000000000000100000000000000000001010000000000001000000011100000001100000000000000000000000000000000000000000000000000000000000010000000000000000000000000000000000000000010100000000000000000000000000001000000
000000001100000000000000000001000000000000000100000000000000000000100000000000000000000000000000001100000000000000000000000000000000000000000000000000000000000010000100000000000000000000000000000000000101000100000000000000000000000111000000
000000001100000000000000000001010000000000000000000000000000010000000000000000000000000000000000000000000000000000000011000000000000000000000000011100000000000010001010000000000000000000000000000000000110001010000000000000000000000000000000
000000000000000000000000000001100000000000000000000000110000111000000000000000000000000000000000000000000000000000000011100000000000000000000000000000000000000000001001000000000000000000000000000000000000000011000000000000000000000000000000
000000000000000000000000000000000000000000000000000000110000000000000000000000000000000000000000000000000000000000000100010000000000000000000000000000000000000000000110000000000000000000000000000000000000011011000000000000110000000000000000
000000000000110000000000000000000000000000000000000000000000000000000000000000000000000000000000000000000000000000000010000000000000000000000000000000000000000000000000000000000000000000000000000000111000100010000000000000110000000000000000
000000000000110000000000000000010000000000000000000000000000111000000000000000000000000000000000000000000000000001100010100000000000000000000000000000000000000000000000000000000000000000000000000001000001010110000000000000000000000000000000
000000000000000000000000000000101000000000000000000000000000010000000000010000000000000000000000000000000000011010010000000000000000000000000000000000000000000000000000000000000000000000000000000001100000010101100000000000000000000000000000
000000000000000000000000000000101000000000000000000000000000000000001000100000000000000110000000000000000000000101100000000000000000000000000000000000000001100000000000000000000000000000000000000000010000100100010000000000000000000000000000
000000000000000000000000000000010000000000000000000000000000000000011100110011000000001001000000000000000000001100000000001100000000000000000000000000000001100000000000000000000000000000000000000011101000000001000000000000000000000000000000
000000000000000000000000000000000000000000000000000000000000000000011101000000000000001001000000000000000000101100000000010000000000000000000000000000000000000000000010000000000000000000000000000010001110011000100000000000000000000000000000
000000000000000000000000000000000000000000000000000000000000000000000001111000100000000110000000000000000001101100001110000100000000000000000000000000000000000000000010000000000000000000000000010011001001000001000000000000000000110000000000
000000000000000000000000000110000000000000000110000000000000000000000000010000100000000000000000000000000000101100001100000110000000000000000000000000000000000000000010000000000000000000000000011000111001001000000000000000010010111000000000
000000000000000000000000000110000000000000000110000000000000000000000000100000000000000000000000000000000000000000001100101000000000000000000000000000000000000000000000000000000000000000000000010000101001000011110000000000110110000100000000
000000000000000000110000000000000000000000000000000000000000000000000000010001000000000000000000000000000000011000000010000000000000000000000000000000000000000000111000000000000000000000000000000000100011000000110000000000010100101000000000
000000001000000000110000000000000000000000000000000000000000000000011001001010000000000000000000000000000000001010000010000000000000000000000000000000000000000000000000000000000000000000000000000000000010000000000000000000000000010000000000
000000010100000000000000000000000000000000000000000000000000000000001110000000000000000000000000000000000000000100000000000000000000000000000000000000000000000000000111000000000000000000000000000001001100000000000000000000000000000000000000
000000100100000000000000000000000000000000000000000000000000000000000100000000000001100000001000000000000000000000000000000000000000000000000000000000000000000000000100100000000000110000000000000000110000000000000000000000000000000000000000
000000011000001100000000000000000000000000100000000000000000000000000000000000000010010000010100000000000000000000000000000000001100000000000000000000000000000000000100000000000000110000000000000001000000000000000000000000001100000000000000
000000000000001100000000000000000000011001010000000000000000000000000000000000000010010000011000000000000000000000000000000000001100000000000000000000000000000000000011010000000000000000000000000000000000000000000000000010101100000000000000
000000000000000000000000000000000000011001010000000000000000000000000000000000000001100000000000000000000000000000000000000000000000000000000000000000000000000000000000011000000000000001100000000000000000000000000000000000010010000000000000
000000000000000000000000000000000000000011010000011000000000000000001000000000000000000000000000000000001100000000000000000000000000000000001100000000000000000000000000010000000000000010010000001000000000000000000000001000000100000000000000
000000000000000000000000000000000000001001100000011000000000000000000100000100000000000000000000000000010011000000000000000000010000000000001100000000000000000000000000010000000000000110110000100100000000000000001000001000000111000000000000
000000000000000000000000000000000110000100010000000000000000000000011100000100000000000000000000000000011011000000000000000001000100000000000000000000000000000000010011100000000000000010110000000100000000000000100111100010110111100000000000
000000000000000000000000000000000011001001011000000000000000000000000000000100000000000000000000000000011011000010000001000011000100000000000000000000000000000000011011010000000000000001100100111000001100000001000010111000001100110000000000
000000000000000000000000000000000001110011000000000000000000000000000000000000000000000000000000000000000111100010000000100100000000000000000000000000000000000000001000010000000000000000110010010000010010000001000010100000001101101000000000
000000000011000000000000000000000000100000011000000000000000000001000000000000000000000000000000000000000011010111000000101000011100000000000000000000000000000000000000100000000000000001100010000000001100000011000100000000000110101000000000
000000000100100000000000000000000000000000001100000000000000110100010000000000000000000000000000000000000010000010000100001110010000000000000000000000000000000000000000000000000000000010001100000000001000000010001000000000000000111000000000
000100000011000000000000000000000000000000000000000000000000111100001000000000001000000000000000000000000001000100000100010000001110000000110000000000000000000000000011000000000000000010111000000000000000000010000000000000110000000000000000
000100000000000000000000000000000000000000000000000000000101100000101000000000001000000000000000000000000000111110000010010000000000000000000000000000000000000000011111000000000000000001110000000000000000000001000001000001101100000110000000
000100000000000000000000000000000000000000000000000000000110000111010000010000000000000000000000000000000000000011000001000111001100000000000000000000011100000000110101000000000000000000000011000000100000000000100010000001101110001110000000
000000000000000000000000000000000000000000000000000000000100000100011001101000000000000000000000000000000000101100100000000011001000000000000000000000000000000000001001000000000000000001000111011001010000000000000000000000100000011001000000
000000000000000000000000000000000000000000000011000000000000000000001100110000111000000000000011000000000000101111000000001010000100000000000000000000000000000000000011000000000000000011101100001111001000000000000000000000011001000011000000
000000000000000000000110010000000000000000000100100000000000010000000010000010011000000000000011000000000000100010000000001010000000000001000000000000000000000000000000000000000000000101011000011100110000000000000001000000000101100110000000
000000000000000000001101100100000000000000000011000100000000101100001100000110000000000000000000000000000000000000000000010010000000000111000000000000000000000000000000000000000000001101101100000000000000000000000001110000000000000000000000
000000000000111000000010000010000000000000000000000110000001001111100000000010010000000000000000000111000000000000000000011100000000000100000000000000000000000001100000000000000000000101000111000000000000000000000001001000000000000000000000
000000000001001000000000000001000000000000000000001010000011011001100000000011100000000000000000001001000000000000000000010000000000000111000000000000000000000010010000000000000000000111000110000000000000000000000000001000000000000000000000
000000001001011000000000000001000000000000000000000000000001100000000000000110100000000000000000010000100000000000000000000000000000000001100000010000000000000010000000000000000000000000000000000000000000000000001101100000000000000000001000
000000000000000000000000100010000000000000000000000000000000100000000000000111000000000000000000000011000100001100000000000000000000000000100000001000000000000011000000000000000000000000000000000000000000000000010000100000000000000000010100
000000000000100000000001010000000000000000000000000000000000000001000000010001000000000000000000100000100000010010000000000000000000000000001111100000000000000000000000000000000000000000000000000000000000000000010000100100000000000000100100
000000000010110000000001010000000000000000000000000000000000000001000000000000110000000000000000000001100010010100000000000000000000011000000001110000000000000000000000000110000000000000000000000000000000000000001001100100000000000000100100
000000000001000000000000000000000000000000000000000011000000000001000000000001110000000000011100100100000010100000000000000000000000011000010000100000000000000000000000011001000000000000000000000000000000000000001000100000000000000000011000
000000000000000000000000000000000000000000000000000100100000000000000000000000010000000000000011000111100000000000000000000000000000000000001010000000000000000000000000100000100000000000000000000000000000000000000110001000000000000000000000
000000000000000000000000000000000000000000000000000011000000000000000000000100100000000011000000000001111100000000000110000000000000000000000100000000000000000000000001110110000000000000000000000000000000000000000000000000000000000000000000
100000000000000000000000000000000000000000000000000000000000000000000000000011100001000100100000000000000000000000001101011000000000000000000000000000000000000000000100011010110100000000000000000000000000000000000001110000000000000000000010
100000000000000000000000000000000000000000000000000000000000000000000000000100100101001000000011110000000000000000011011001000000000000000100000000000000000000000000100010000011010000000000000000000000000000000000000000000000000000001000100
100011000000000000000000000000000000000000000000000000000000000000000001111010000100101000001100110100000000000000010011110000000000100001010000000000000000000000001111111001000001000000000000000000000000000000000000000000000000000010100010
000011000000000000000000000001110000000000000000000000000000000000000000011110000100000001110000010100000000000000010001000000000000100001100000000000000000000000011000001100100010000000000000110000000000000000000000000000000000000010100000
000000000000000000000000000000000000000000000000000000000000000000000000000000000011000100000000000010000000000000001010000000000000100000000000000000000000000000000000000001000000000000000001001000110000000000000000000000000000000000000000
000000000000000000000000000100000100000000000000000000000000000000000000000000000001000100000000001000001010000000000100000000000000000000000000000000000000000000001000000000101000000000000000110000110000000000000000000000000000000000000000
000000000000000000000000000100000100000000000000000000000000000111000000000000000000000000000000001000111000000000000000000000000000100000000000000000000000000000001000000000010000000000000000000000000000000000000000000000000000001000000000
000000001110000000000000000100000100000000000000000000000000000011010000000000000000000000000000000100001000000000000000000000000000100000000000000000000000000000001010011000000000000000000000000000000000000000000000000000000000011100000000
000000000000000011000000000000000000000000000000000010000001001100011000000000000000000000000000000000010000000000000000000000000000100000000000000000000000000000000100011000000000000000000000000000000000000000000000000000000000110110000000
000000000000000011000000000001110000000000000000011010000000110000010000000000000000001000000000000000001000000000000000000000000000000000000000000000000000000000000000000000000000000000000000000000000000000000000000000000000000011100000000
000000000000000000000000000000000000000000000000010010000000110100000000000000000000011110000000000001000010000000000000000000001110001110000000000000000000000000000000000000000000000000000100000000000000000000000000000000000000001000000000
000000000000000000000000000000000000000000000000100100000000000011000000000000000000000010000110000000100010000000000000000000000000000000000000000000000000000000000000000000000000000000001010000000000000000000000000000000000000000000000000
000000000000000000000000000000000000000000000000111000000000000000000001000000000000010011000000000000011100000000000000000000000000100000000000000000000000000000000000000000000000000000001001000000000000000000000000000000000000000000000000
000000000000000000000000000000000000000000000000110000000000000000000011100000000000000100000000000000000000000000000000000000000000100000000000000000000000000000000000000001100000000000000110000000000000000000000000000000000000000000000000
000000000000000000000000000000000000000000000001110100000000000000000100010000000000000101011000000001100000000000000000000000000000100000000000000000000000000000000000000011011000000000000000000000000000000000000000000000010000000000000000
000000000000000100001100000000000000000000000010001100000000000100100011100000000000000001111000000001100000000000000000000000000000000000000000000000000000000000000000000001001000000000000000000000000000000000000000000000010000000000000000
000000000000001100001000000000000000000000000010011000000000000100100001000000000000001000100011100000000000000000000001100000000000000000000000000000000000000000000000000001001000000100000000011000000000000000000000000000010000000000000000
000000000000011010001100000000000000000000000010100000000000001100100000000000000000000101000000000000000000000000000001100000000000000000000000000000000000000000000000000000110000001010001100100100011100000000000000000000000000000000000000
000000000000000000000100001100000000000000000000000000000000001100000000000000000000000101000000000000000000000000000000000000000000000000000000000000000000000000000000000000000000001100001110011000011010000000000000000111000111000000000000
000000000000000000001100000100000000000000000000000000000000001100000000000000000000000100111000000000000001100000000000000000000000000011000000000000000000000000000000001000000000000000000010000001110100000000000000000000000000000000000000
000000000000111100000101100100000000000000000000000000000000000111001000000000000000001101000000000000000001100000000000000000000000000011000000000000001100000000000000000100000000000000000110000000000000000000000000000000010000000000000000
001000000011000000011001100000000000000000000000011000000000000111011000000000000000011011100000000000000000000000000000000000000000000000000000000000010010000000000000011100000000000000000000000000110110000000000000000000010000000000000000
011100000011000000000111100000000000000000000001011000000000000001001000000000000000000111000000000000000000000000000000000000000000000000000000000000001100000000000000000000000001100010110000000000011011001010000000000000010000000000000000
011010000011010001011001100000000000000000000000001000000000000000010000000000000000000100000000000000000000000000000000000000000000000000000000000000000000000000000000000000000001100000001000000000001010000000000000000000000000000000000000
000000000000110101011001100000000000000000000010101000000000000000000000000001100000011100000000000000000000000000000000000000000000000000000000000000000000000000000000000000000000000000101000000000001010100000000000000000000000000000000000
000000000000000100000000000000000000000000000110101000000000000000000001000001010000011100000000000000000000000000000000000000000000000000000000000000000000000000000000000000000000000000010000000000011111000110111100000000000011100000000000
100000000000001110000000000000000000000000000011000110000000000000000001000010010000101000000000000000000000000000000000000000000011000000000000000000000000000000000000000000000000000000000000000001111000000110111110000000000000000000000001
000000000000100000000000000000000000000000000001000000000000000000000001000011010000011000111000000000000000000000000000000111000010100000000000000000000000000000000000000000000011000000000000000001001000000000000000000000000000000000000000
000000000001100000000000000000000100000000000000000000000000000000000000000011010000011000000000000000000000000000000000000000000001000000000001110000000000000000000000000000000100100000010000000001110000000010001011000000000000000110011000
000000000010101110000000000001111110000000000000000000000000000000000000000011000000010000000000000000010000000000000000000000000000000000000000000000000000000000000000000000000101000001110000000010100000000011111010000000000000000101101000
000000000011000110000000000011011001000000000000000000000000000000000000000001110000000000000000000000010000000000000000000000000000000000000000000000000000000000000000000000000010000010100111000110100000000101100000000000000000000100001000
000000000011100100000000000011000101100000000000000000000000000000000000000000000000000000001000000000010000000000000000000000000000000000000000000000000000000000000000000000000000000110000001000010010000001000000000000000000000000011001000
000000000000110000000000000000111101000000000000000000000000000000000000000000000000000000010100000000000000110000000000000000000000000000000000000000000000000000000000000000000000000011111110000010000000000000000000000000000000000000010000
000000000000010000000000000000011000000000000000000000000000000000000000000000000010000000100100000000000000110000000000000000000000000000000000000000000000000000000000000000000000000001111000000010000000011000000000000010000000000000000000
000000000000000000000000000000000000000000001000000000000000000000000000000000000101000001001000000000000000000000000100000000000000000000000000000000000000000000000000000000000000000000000000001000000000011011000100000101000000000000000000
000000000000000000000000000000000000000000001000000000000000111000000000000000000011000000001000000000000000000000000100000000000000000000000000000000000000000000000100000000000000000000000000001000100000100111000010000101000000000000000000
000000000000000000000000000000011000110000001000000000000000111110000000000000000000000001110000000000000000001110000100000000000000000000000000000000100000000000000100000000000000000000000000001000000000110101000000000010000000000000000000
000000000000000000000000000000101001001000000000000000000000010010000000000000000000000010000000000000000000000000000000000000000000000000000000000001010000000000000100000000000001000000000000000100100000000000010000000000000000000000000000
000000000000000001100000000000001001010011100011100000000000001100001000000000000000000001000000000000000000000000000000000001100000000000000000000001010000000000000000000000110010100000000000000000000000000000001010000000000000000000000000
000000000000000010100000000000000000100000000000000000000000000000001100000000000000000000000000000000000000000000000000000001100000000000000000000000100000000000000000000000110010100000000000000011010000000000000000000000000000000000000000
000000000000000011000000000000000000000000001000000001000000000000001110000001000000000000000000000000000000000000000000000001011000000000000000000000000000000000000001000000000001000000000010110001011000000000000000000000000000000000000000
000000000000000000000000000000000000000000001000000011100000000000000001000010100000000000000000000000000000000000000011000000001000000000000000011000000011000000000010100000000000000000000010110000001111000000000000000000000000000000000000
000000000000000000000000000000000000000000001000000110110000000000000001100001100000000000000000000000000000011000000011000000110100000000000000100100000100100000000010100000000000000000000001000000001011000000000000000000000000000000000000
000000000000000000000000000000000000000000000000001100111000000000000001110000000000000000000000000000000000011000000000000000111010000000000000011000000011000000000001000000000000000000000000000000001011000000000000000000000000000000000000
000000000001100000000000000000000000000000000000001100110000000000000001100000000000000000000000000000000000000000000000000000100000000000000000000000000000000111000000000001100000000000000000000001100000000000000000000000000000000000000000
000000000001100000000000000000000000000000000000001110000000000000000101000000000000000000000000000011010000000000000000000000111000000000000000000000000000000000000000000001100000000000000000111000000000000000000000000000000000000000001100
000000000000000000000000000000000000000000000000000110000000000000000100000000000000000000000000001000000000000000000000000000000000000000000000000011100000010000010000000000000001000000000000000000011100000000000000000000000000000000001100
000000000000000000000000000000000000000000000000000000000000000000000000000000000000000000000000001000010100000000000000000000000111000100000000000000000000010000010000000000000010100000000010000010000000000000000000000000000000000000000000
000000000000000000000000000000000000000000000000000000000000000000000000000000000001000000000000010000001110001100000000000000001000110010000000000011000000010000010000000000000001100000000010000010000000000000000000000000000000000000000000
000000000000000000000000000000000000000000000000000000000000000000000000001100000001000000000000001110000010010010000000000000001000000010000000000000001100001000000000000000000000000000000010000010000000000000000000000000000000000000000000
000000000000000000000000000000000000000000000000000000000000000000000000001100000001000000000010000111000000001100000000000000000110011100000000000000010000001001000000000000000000000000000000000000000000000000000000000000000100000000000000
000000000011000000000000000000000000000000000000000000000000000000100000000000000000000000000101000001100110000000000000000000000001111000000000000000001100001010000000000000000000000000000000111000000000000000000000000000001100000000000000
000000000011000000000000000000000000000000000000000000000000000000100000000000000000000000000101000000011001000000000000000000000000000000000000000000000000010010000000000000000000000000000000000000000000000000000000000001001010000000000000
000000000000000000000000000000000000000000000000000000000000000000100000000000000000000000000010000010111010000011000000000000000000000011100000000000000000001010000000110000000000000000000000000000000000000000000000000001110100000000000000
000000010000000000110000000000000000000000000000000000000000000000000000000000000000000000000000000110000010001101100000000000000000000000000000000000000000000011000000110000000000000000000000000000000000000000000000001101001100000000000000
000000101000000000110000000000000000000000000000000000000000001110001110000000000000000000000000000000110100001100110000000000000000000000000000000000000000000001000000000000000000000000000000000011000000000000000000000000000100000001100000
000000101000000000000000000000000000000000000000000000000000000000000000000000000000000000000000011001011000000111011000001000000000000000000000000000000000011000000000000000000000000000000000000011000000000000000000001100100000000010010000
000000010000000000000000000001110000000000000000000000000000000000100000000011000000000000000000111011000000000011110000010100000000000000000000000000000000011000000011000000000000000000000000000000000000000000000000000000000010000001100000
000000000000000000000000000000000000000000000000000000000000000000100000000010100000000000000000101101100000000110010000010100000000000000000000000000000000011000000100100000000000000000000000000000000000000000000000000000000100000000000000
000000000000000000000000000000000000000000000000000000000000000000100000000001000000000000000001111101000000000011100000001000000000000000000000000000000000001011000011000000000000000000000000000000000000000000000000000000000000000000000000
000000100000000000000000000000000000000000000000000000000000000000000000000000000000000000000001100110000000000001010000000000000000100000000000000000000000001110000000001000000000000000000000000000000000000000000000000000000000000000000000
000000100000000000000000000000000000000000000000000000000000000000000000000000000000000000000001100110000000100000100000000000110000100000000000000000000000000100000000010100000000000000000000000000000000000000000000000000000000000000000000
000000100000000000000000000000000000000000000000000000000000000000111000000000000110000000000000110000000000110000000000000001001000100000000000000000000000000000000000010100000000000000000000000000000000000000000000000000000000000000000000
000000000000000000000000000000000000000000000000000000001000000000000000000000001001000000000000011000000000000000000000001111110000000000000000000000000000000000000000001000010000000000000000000000000000000000000000000000000000100000000000
000000000000000000000000000000000000000000000000000000001000000010000010000000000110000000000000001000000000011000000000010100000000000000000000000000000000000000000000000000101000000000000000000000000000000000000000000000000000100000000000
000000000000000000000000000000000000000000000000000000001000000010000010000000000000000000000000000000000000000000000000010010000000000000000000000000000000000000000000000000010000000000000000000000000000000000000000000000000000000000000000
000000000000000000000000000000000000000000000000000000000000000010000010000000000000000000000000000000001011010000000000001110000000000000000000000000000000000000000000000000000000000000000000000000000000000000000000000000000000000000000000
000000000011000000000000000000000000000000000000000011100011100000000000000000000000000000000000000000000000110000000000001110011000000000000000000000000000000000000000000000000000000000000000000000000000000000000000000001100000000000000000
000000111101100000000000000000000000000000000000000000000000000000111000000000000000000000000000000000000000100000000000000000011000000000000000000000000000000000000000000000000000000000000000000000000000000000000000000001100000000000000000
000001000011000000000000000000000000000000000000000000001000000000000000000000000000000000000000000000001101000000000000000000000000000000000000000000110000000000000000000000000000000000000000000000000000000000000011011000000000000000000000
000011000010000000000000000000000000000000000000000000001000000000000000000000000000000000000000000000000100010000000000000000000000000000000000000001100000000000000000000000000000000000000000000000000000000000000010000110000000000000000000
001100000010000001111000000000001000000000000000000000001000000000000000000000000000000010000000000000000100010000000000000000000000000000000000000001100100000000000000000000000000000000000000000000000000000000000001010110000000000000000000
010001010110000111000100000000010010000000000000000000000000000000000000000000000000000100100000000000000001000000000000000000000000000000000000000001001000000000000000000000010100000000000000001000000000000000000000010100000000000000000000
010000000110000001010010000000010000000000000000011100000000000000000000000000000000000100100000000000110110000000000000000000000000000000000000000000101010000000000000000000010100000000000000011000000000000000000000000000000000001100000000
100000000011110110010001000000000001000000000000001110010100000000000000000000000000000001000000000000111000000000100000000000000000000000000000000001000100000000000000000000001000000000000000100000000000000000000000000000000000001100000000
100001000001001000110000000000100000000000000000000000000000000000000000000000000000100000000000000000110000000001010000000100000000000000000000000000111000000000000000000000000000110000000000011000000000000000000000000000000000000000000000
100010000000000000010000100000111110000000000000000000010000000000000000000000000001010000000000000000000000000010000000011010000000000000110000000000011000000000000000000000000001010000000000010100000000000000000000000000000000000000000000
010100000000000000001001000000000000110000000000000001110010000000000000000000000001010000000000000000111000000110000101100001000000000000110000000000000000000000000000000000000001010000000000000100000000000000000000100000000000000000000000
000000000000000000000010000000000000000000000000000001100100000000000000000000000000100000000000000000111000000100110101011001100000000000000000000000000000000000000000000000101101111000000000011000000000000000000000100000000000000000000000
000000000000000000000000000000000000000000000000000000011000000000000111000000000000000000000000000000111011100100011011001100100000000000000000000000000000000000000000000000110111111000000000001100000000000000000000100000000000000000000000
000000000000000000000000000000000000000000000000000000000000000000000000000000000000000000000000000000011011000100100000101100100000000000000000000000000000000000000000000000110000001000000000000000000000001010000000000000000000000000000000
000000000000000000000000000000000000000000000000000000000000000000000000000000000000000000000000000000001110000010100000000101000000000000000000000000000000000000000000000000010111110000000000000000000000000000011000000000011000000000000000
000000000000000000000000000000000000000000000000000001100011100000000000000000000000000000000000000000000100000001001000000000000000000000000000000000000000000000000000000000010010000000000000000000000000001001111000000000011000000000000000
000000000000000000000000000000000000000111000000000001000011100000000000000000000000000000000000000000000000000000111000000000000000000000000101000000000111000000000000000000101100000000000000000000000000000100000100000000000000000000000000
000000001100000001000011000000000000000000000000000010100000000000000000000000000000000000000000000000000000110000010000000000000000000000000100000000000111000000000000000001111100000000000000000000000001100010001000000000000000000000000000
000000001100000001000100100000000000000000000000000010100000000000000000000000000000000000000000000011100001001000000000000000000000000000000100100011000100110000000000000010000110000000000110000000000001010010001000000000000000000000000000
000000000000000001000011000000000000000000000000000001100000000000000000000000000000000000000000110000110000110000000000000001100000000000000010110111000000000000000000000001000010000000001001000000000001010000100000000000000000000000000000
000000000000000000000000000000000000000000000000000000000100000001110000000000000000000000000011000000101000000000000000000010100000000000000110001011000001010000001100000000001100000000001010000000000000110000000000000000000000000000000000
000000000000000000000000000000000000000000000000000000000010000001110000000000000000000000000010000010010000000000000000000011000000000000000101000000000000100000001010001000000000000000000100000000000000000000000000000000000000000000000000
000000000000000000000000000000000100000000000000000000000100100000010000000000000000000000000011001010100000000000000000001100000000000000000100000000000000000000000100000100110000001000000000000000011100000000000000000000000110000000000000
000000000000000000000000000000001111000000000000000000000011010000000000000000000000000000000000000000000000000000000000010100011000000000000000011000011000000000000000000010110000010100000000000000011100000000000000000000001001000000011000
000000000000000000000000001100010000100000111000000000000011111000000000000000000000000000000001000000000000000000000000011000011000000000000000000000000000000000000000000000000000010100000000111000001010000000000000000000010000100000011000
000000000000000000000000001100001100000000000000000000000000011000000000000000011000000000011010100111000000000000000000000000000000000000000000000000000000000000000000000000000000001000000000100000000100000000000000000000010001000000000000
000000000000000000000000000000000000010000000000000000000000000000000000000000011000000000100000100000000000000000000000000000000000110000000001000000000000000000000000000000000000000000000000111000111101110000000000000000010001000000000000
000000000000000000000000000000000110110000000000000000000000000000000000000000000000000000011111000000000000000000000000000000000001001000000010000100000000000000000000000000000110000000110000000001111111110000000000000000001010000000000000
000000000000000000000000000000000010000000000000000000000000000000110001100000000000000000000000000000000000000000001100000000000001001000000101000100000000000000000000000000001001000001001000000001100000000000000000000000000100000000000000
000000000000000000000000000000000000000000000000000000000000000000110001010000000100000000000000001000000000000000010010000000000000110000001000000000000000000000000000000000000110000000110000000000100000000000000000000000000000000000000000
000000000000000000000000000000000000000000011000000000000000000001001001010000011110000000000000010110000000000000001100000000000000000000000000010000000000000000000000000000000000000000000000000011111000000011000000000000000000000000000010
000000000000000000000000000000000000000000100100000000000000000000110000110000010001000010100010000010000000000000000000000000000000000000001100010000000000000000000000000000000000001000000000000101101000000011000000000000000000000000000101
000000000000000000000000000000000000000000011000000000000000000000000000000000000010000010110101110000000000000000000000000000000000000000010100110000000000000000000001000100000000010100000000000000001100000011000000000000000000100000000101
000000000000000000000000000110000000000000000000000000000000000000000000000000000000000000101010001111000000000000000000000000000000000000011100000000000000000000000010100110000000010100000000001000001100000000000000000000000000100000000010
000000000000000000000000001010000000000000000000000000001100000000000000000000000000000000010100000000000000000000000000000000000000000000011100000000000000000000000111001110000000001000000000001000000110000000000000000000000000100000000000
000000000000000000000000011100000000000000000001100000010100000000000000001000000000000000000000000000000000000000000000000000000001100011000000000000100000000000010000101110000000000000000000001000011001000000000000000000000000000000000000
000110000000000000000000011000000000000000000001100000001000000000000000001000000000000000000000000000000000000000000000000000000001100100000000000011011000000000100111001100000000000000000000000100000111000000000000000000000000000000000000
001001000000000000000000010011110000000000000000000000000000000000000000000000000000000000110001110000000000000000000000000000000001100111000000000010000100000000100100001100000000000000000000000010010011000000000000000000000000000000000000
000110000000000000000000001100110000000000000000000000000000000000000000000000000000000011110000000000000000000000000000000000000000000110000001100000000010000000111011010000000000000000000000000000100000000000000000000000000000000000000000
000000000000000111000000000000011000000000000000000000000000000000000000000000000000000111110000000000000000000000000000000000000000100110000000110001000100000000010110000000000000000000000000000000000011000000000000000000000000000000000000
000000000000000000000000000000000000000000000000000000000000000000000000000000000000001000100000000000000000000001100000000000000000011100000000000000111000000000000010000000000000000000000000000000000100010000000000000000000000000000011000
000000000000010000000000000000111000000000000000000000000000000000000000000000000000000111100000000000000000000001100000000000000000001000000000000000000000000011011101000000000000000000000000000000000100000000000000000000000000000000011000
000000000000101000000000000000010000000000000000001000000000110000000000000000000000000011000000000000000000000000000000000000000000000000000000000000000000000000001011001000000000000000000000000000000110001000000000000000000000000000000000
000000000000101000000010100000000000000000000000010100000000110000000000000011100000000000000000000000000000000000000000000000110000000000000000110000000000000100001111101000000000000000000000000000000010000000000000000000000000000000000000
000000000000010000000001100000000000000000000000010100000000000000000000000000000000000000000000000000000000000001000000000000110000000000000000110000000000001101011000110000000000000000000000000000000001010000000000000000000000000000000000
000000000000000011000000100000000010000000000000001000000000000000000000000000000000000000000000000000000000000001000000000000000000000000000000000000000000000110110000000000000000000000000000000000000001110000000000000000000000000000000000
000000000000000011000011100000000101000000000000000000000000000000000000111000000000000000000000000000000000000010100000000000000000000000000000000000000000000011100000000000000000000000000000000000000000000000000000000000000000000000000000
000000000000000000000000100111000110000000000000000000000000000000000000000000001100011000000000000000000010000001000000000000000000000000000000000000000000000001000000000000000000000000000000000000000000000000000000000000000000000000000000
000000000000000000000011000000000000000000000000000000000000000000000000000000110100010110000000000000000010000000001000000000000000000000000000000000000000000000000000000000000000000000000000000000000000000000000000000000000000000000000000
000000000000000000000000000000000000000000000000000000000000000000000000000000100000000010000000000000000010000100000100000000000000000000000000000000000000000000000000000000000000000000000000000000000000000000000000000000000000000000000000
100000000000000000000000000000000000000000000000000000000000000000000000000000101000001010000000000000000000000110100010000000000000000000000000000000000000000000000000000000000000011000000000000000000000000000000000000000000000000000000011
000000000000000000000000000000000000000000000000000000000000000000000011000000011011101100000000000000000000110000000010000000000000000000000000000000000000000000000000000000000000101000000000000000000000000000000000000000000000000000000000
000000000000000000000000000000000000000000000000000000000000000000000011000000000100010000000000000000000000110110001010000000000000000100000000000000000000000000000000000000000000000000000000000000000000000000000000000000000000000000000000
000000000000000000000000000000000000000000000000000000000000000000000000000000000100010000000000000000000001011110001100000000000000001010000000000000000000000000000000000000000001000001100000000000000000000000000000000000000000000000000000
000000000000000000000000000000000000000000000000000000000000000000000000000000000011100000001110000000000000000000000000000000000000001010000000000000000000000000000000000000000000000001100110000000000000000000000000000000000000000000000000
000000000000000000000000000000000000000000000000000000000000000000000000000000000000000000000000000000000000000000100000000000000000000100000000000000000000000000000000000000000000100100110110000000000000000000010000110000000000000000000000
000000000000000000000000000000000000000000000000000001000000000000000000000000000000000000000000000000000000000011010000000000000000000000000000000000000000000000000000000000000000001110010001000000000000000100010001001000000000000000000000
000000000000000000000000000001100001100000000000000010100000000000000000001000000000000000000000000000000000000010011000000000000011000000011000000000000000000000000000000000000000000111010110000000000000000100010011011000000000000000000000
011000000000000000000000000010010001100000000000000010100000000000000000001000000000000000000000000000000000000001011000000000000100100000100100000000000000000000000000000000000000000000011100000000000000000000000011010000000000000000000000
011000000000000000000010000001100000000000000000000001000000000000000000000000000000000000000000000000000000000010111000000000000011000000011000000000000000000000000000000000000011000011110000000000000000000011110001010000000000000000000000