000000000000100000000010000000000000000000000000000000000001100000000000000000110000000000000000000000000000001100000000000000000000000000000000000000000000000000000001000000000010011000000000000000000000000000000001100000000000000000000000
000000000000011000000010000000000000000000000000000000000001100001000000000011010000000000000000000000000000000101110000000000000000000100000000000000000000000000000010100000000000000000010000000000000000000000000000000000000000000000000000
000000000000110000000000000000000000000000000000000000000000000010100000000100010000000000000000000000000000000011100000000000000000001010000000000000000000000000000010010000000000011111010000000000000000000000001100000000000000000000000000
000000000000000000000000000000000000000000000000000000000000000001100000000000100000000000000000000000000000000001000000000000000000001010000000000000000000000000000001100000000000001111010000000000000000000011110100000000001000000000000000
000000000000000000000000000000000000000000000000000000000000000000000000000110110000000000000000000000000000000000000000000000000000000100000000000000000000000000000000000000000000000111100000000000000000000000000010000000011100000000001100
000110000000000000000000000000000000000000000000000000000000000000000000000001011000000000000000000000000000000000000000000011000000000000000000000000000000000000000000000000000000000001000000000000000011000010000010000000100110000000001100
000110000000000000000000000000000000000000000000000000000000000000000000000111011100000000000000000000000000000000000000000011000000000000000000000000000000000000000000000000000000000000000000000000000100100011000000000000100010000000000000
000000000000000000000000000000000000000000000000000000000000000001000000000110000000000000000000000000000000000000000000000000000000000000000000000000000000000000000000000000000000000000000000000000000011000000010100000000011010000000000000
000000000000000000000000000000000000000000000000000000000000000010100001100000011011000000000000000000000000000000000000000000000011000000000000000000000000000000000000000000000000010000000000000000000000001100000000000000000110000000111000
000000000000000000000000000000000000000000000000000000000000000100000001100000100000000000000000000000000000000000000000000000000011000000000000000000000000000000000000000000000000010000000000000000000000000000110000000000000000000000011000
000000000000000000000000000000000000000000001100000000000000001100000000000000000000000000000000000000000000000000000000000000000000000000000000000000000110000000000000000000000000010001110000000000000000000001100000000000000001000010011000
000000000000000000000000000000000000000000001100000000000000000101000000000000100011000000000000000000000000000000000000000000000000000000000000000000000110000000000000000000000000000111111000000000000000000000000000000000010010100010100000
000000000000000000000000000000000000000000000000000000010000000000100000000000011100000000000000000000000000011000000000000000000000000100000000000000000000000000000000001000000000000110001000000000000000001000000000000101100000000011100000
000000000001000000000010000000000000000000000000000001111000000011000000000000000000000000000000000000000000100100000000000000000000000100000000000000000000000000000000010100000011100000110000000000000000010000000000000101100101100000000000
000000000010100000000101000000000000000001000000000010000100000001000000000000000000000000000000000000000000011000000000000000000000000100000000000011000000000011100000010100000000000011100000000000000000001000000000000100011000000000000000
000000000011000000000010000000000000000001000000000100000000000000000000000000000000000000000000000000000000000000000000000000000000000000000000000011000000000000000000001000000011100010000000000000000000000001000000000000000100100000000000
000000000000000000000000000000000000000001000000000100110000000000000000000000000000000000000000000000000000000000000000000000000000000000000000000000000000001000000000000000000000000000000000000000000000000001000000000000000000100000000000
000000000000000000000000000000000000000000000000000110100000000000011000011000000110000000000000000000000000000000000000000000000000000000000000000000000000001000000000000000000000000000000000000000000000000001000000000000000000100000000000
000000000000000000000000000000000000000000000000000110100100000000000000011000010001000000000011000000000000000000000000000000000000000000000000000000000000001000000000000000000000000001000000000000000000000000000000000000000110000000000000
000000000000000010000000000000000000000000001100000001001000000000010010000000011000100000000001100000000000000000000000000000000000000000000000000000000000000000000000000000000000000110110000000000000000000000000000000000001100000000000000
000000000000000101000000000000000000000000001100000000011100000000000001000000001001000000000010000000000000000000000000000011000000000000000000000000000000000011100000000011100000000111000000000000000000000000000000000000100000000000000000
000000000000001001000000000111000000000000001000000000100100000000000101000000000000000000000000000000000000000000000000000100100000000000000000000000000000000000000000000000000000000000000000000000000000000000000000000000101000000000000000
000000000110000110000000000000000000000000110000000000001001100001100010000000100100000000000000000000000000000000000000000111000000000000000000000000000000000000000000000000000000000000000000000000000000000000000000000000010000000000000000
000000000110000000000000000000000000000001001100000010000011101000000000000000100011100000000000000000000000000000000000000111000000000011000000000000000000000000000000000000000000000000000000000000000000000110101110000000000000000000000000
000000000000000000000000000000000000000010001100000011011000100010111000000000100000100000000000110000000000000000000001110010000000000101000000000000000000000000000000111000000000000000000000000000001010011010001110001100000000000000000000
000000000000000000000000000000000000000100000000000000001111010000000100000000000100000000000001001000000000000000000010001010000001001100000000000000110000000000000000111000000000000000000000000000010010000000000110000110000000000110000000
000000000000000000000000000000000000000100000000000000000110001110110100000000001100000000000000110000000000000000000010010110000110100101000000000000110000000000000001000100000000000000000000000000001011001000101000110100000110000110000000
000000000000000000000000000000000000000100100001100000010010000000111000000000000010000000000000000000000000000000000010000010010100010011000000000000000000000000000011000110000000000000000000000000011001100000000000011000000110000000000000
000000000000000000000000000000000000000000001000110001000000000000000000000000000010000000000000000000000000000000000001000100101110100000000000000000000000000000001000000100000000000000000000000000011000000000000000000000000000000000000000
000000000000000000000000000011000000000000010000010001100010000000000000000000100000000000000000000000000000000000000000000101101001100000000000000000001110000000010000100110000000000000000000000001011000000000000000000000000000000000000000
000000000000000000000000000011000000000000010000111100001110000000000000000000101000000000000000000000000000000000000000010100101101000000000000000110000000000000000000000110000000000001000000000001010000000000000000000000000000000000000000
000000000000000000000001110000000000000000000000111111100000000000000000001100000001100000000000000000000000000000000000000100010000100000000000000110000000000000010100000000000000000001000000000001100000000000000000000000000000000000000000
000111000000000000000000000000000000000000000000010000100001110000000000010100000001100000000000001000000000000000000000010000001000100000000000000000000000000011111100111000000000000001000000000010000000000000000000000000000000000000000000
000000100000000011000000000000000000000000000000110100000001100000000000010000000100100000000000001000000000000000000000011000000010000000000000000000000000000100001000000000000000000000000000000100010000000000000000000000000000000000000000
000000010000000011000000000000000000000000000000011000000001000000000110010010000101001000000000000010000000000000000000000000000000000000000000000000000000000100100000010000000000000000000000001100010000000000000000000000000000000000000000
011100001000000000000000000000000000000000000000000000000000001000001110001111100100011100000000010000000000000000000000000000000000000000010100000000000000000011000000101100000000000000000000001001100000000000000000000000000000000000000000
101001001000000000000000011000000000000000000000000000000000011000001000000000010001110100000000101101000000000000000000000000000000000000010010000000000000000000000111001100000000000000000000000110000000000000000000000000000000000000000000
101001001000000000000000100100000000000000000000000000000000010000001100110001100000100000000001010010000000000000000100000000000000000000000001000000000000000000000110001000000000000000000000000000000000000000000000000000000000000000000000
001000000000000000000000011000000001110000000000000000000000101000001000010000000000001000000000100010000000000000000100001100000000000000011101110000000100000000000100101000000000000000000000000000000000000000000000000000000000000000000001
100000010000000000000000000000011000000000000000000000000000101000001000110000000000001000000000000000000000000000000100000111110000000000010100110000001000000000001000110000000000000000000000000000000000000000000000000000000000000000000000
000000010000000000000000000001101100000000000000000000000000100100000000000000000000000000000000000000000000000000000000000011100000000000001100000000001110000000011110100000000000000000000000000000000000000000000000000000000000000000000000
000010000000000000000000000001100100000000000000000000000000011111000111000000000000000000000000000000000000000001110001110000000000000000011100000000000000000000111000000000000000000000000000000000000000000000000000000000000000000000000000
000010000000000000000000011100110000000000000000000000000000000100100000000000000000000000000000000000000000000000000000000000000000000000010000000000000000000001000011000000000000000000000000000000000000000000000000000000000000000000000000
000001001000000000000000100101110000000000001000000000000000000000000000000000000000000000000000000000000000000000000100000000000000000000110000000110000001000000100100100000000000000000000000000000000000000000000000000000000000000000000000
010000010000000000000001111101110000000000011110010000000000000011100000000000000000000000000000000000000000000000000100000000000000000000110011001100000001000000110100011110000000000000000000000000000000000000000000000000000000000000000000
011000000000000000000011010000000000000000100010001000010000000000000000000100000000000000000000000000000000000000000100000000000000000000000011001100000001000000000011101110000000000000000000000000000000000110000000000000000000000000000000
001001000000000000000001010000010000000000101010001000010000000000000000001010000000000000000000000000000000000000000000000000000000000000000000001000000000000000000001000000000000000000001000000000000000000110000000000000000000000000000000
000000000000000000000000110000000000000000011010111100000000000000000000000110000000000000000001001000000000000000000000000000000000010000000000000000000000000000000000000000000000000000010100000000000000000000000000000000000000000000000000
000000000000000000000000000000101000000000010010000111000000000000000000000000000000000000000001001000000000000000001100000000000000010000000000000000000000000000000000000000000000000000010010000000000000000000000000001100000000000000000000
000000000000000000000000000000110000000000001100000111000000000000000000000000000000000000000001000100000000000000010010000000000000010000000000000000000000000000000000000000000000000000001101000000000000000000000000001100000000000000000000
000000000000000000000000000000000000000000011000000010101000000000000000000000000000000000000000111000000000000000001100000000000000000000000000000000000000000000000000000000000001100000000001000000000000000000000000000000000000000000000000
000000000000000000000000000000001000000000000000000000010000000000000000000000000000000000000000110000000010000000000000000000000000000000000000000000000000000000000000000000000001100000000000100000110000000000000000000000000000000000000000
000000000000000000000000000000000000000000000000000000000000000000000000000000000000000000000000100100000001000000000000000000000000000000000000000010000000000000000000000000000000000000000100100000110000000000000000000000000000000000000000
000000000000000000000100000001100000000000000000110000000000000000000000000000000000000000000000010100001101000000000000000000000000000000000000000101000000000000000000000000000000000000001001000000000000000000000000000000000000000000000000
000000000000000000000100000010010000000000000000110000000010000000000000000011000000000000000000001001101110010000000000000000000000000000000000000101000000000000000000000000000000000000000110000000000000000000000000000000011000000000000000
000000000000000000000100000000010000000000000000000000000111100000000000000011000000000000000000000001001110010000000000000000000000000000000000000010000000000000000000000000000000000000000000000000000000000000000000000000011000000000000000
000000000000000000000000000001000000000000000000000000110010101000000000000000000000000000000000000001110001000000000000000000000000000000000000000000000000000000000000000000000000000000000000000000000000000000000000000000000000000000000000
000000000000000000000000000000000000000000000000000010100110000110000000000000000000000000000000000000000000110000000000000000000000000000000000000000000000011100000000000000000000000000000000000000000000000000000000000000000100000000000000
000000000000000000000000000000000001100000000000001100001100101000000000000000000000000000000000000000000000110000000000001100000000000000000000000000000000000000000000000000000000000000000000000000000000000000000000000000001010000000000000
000000000000111000011000000000000010010000000000000010101001100000000000000000000001100000111000000000000000000000000000010010000000000000000000000000000000000000000000000000000000000000000000000000000000000000000000000101011010000100000000
000000000000000000010100000000000001100000000000000000111100000000000000000000000001100001101100000000000000000000010000010100000000000000000000000000000000000000000000000000000000000000000000000000000000110000000000000110111010001010000000
000000000000000000001000000000000000000000000000000000001000000000000000000000000000000001111100000000000000000001001000001000000000000000000000000000000000000000000000000000000000000000000000000000000000101000000000000011110100000011000000
000000000000000000000000000000000000000000000000000000000000000000000000000000000000000000000000000000000000000001010000000000000000000000000000000000000000000000000000000000000000000001100000000000000000010000000000000000010010000101000000
000000000000000000000000000011000000000000000000000000000000000000000000000000000000000000000000000000000000000000100000000000000000000000000000000000000000000000000000000000000000000010010000000000000000000000000000000000001010000010000000
000000000000000000000000000011000000000000000000000000000000000000000000000000000000000001000000000000000000000000000000000000000000000000000000000000000000000011000000000000000000000010100000000000000000000000000000000000001100000000000000
000000000000000000000000000000000000000000000000000000000000000000000000000000000000000010100000000000001110001100000000000000000000000000000000000000000000000011000000000000000000000001000000000000000000000000000000000000000000010000000000
000000000000000000000000000000000000000000000000000000000000000000000000000000001100000010000000000000011011001100000000000000000000000000000000000000000000000000000000000000000000000000000000000000000000000000000000000000000000001111000000
000000000000000000000000000000000000000000000000000000000000000000100000000000010010000001000000000000011011000000000000000000000000000000000000000000000000000000000000000000000000000000000000000000000000000000000000000000000010000000000000
000000000000000000000000000000000000000000000100000000000000000001010000000000010100000000100000000000000100000000000000000000000000000000000000000000000000000000000000000000000000000000000000000000000001000000000000000000000010001011000000
000000000000000000000000000000000000000000000100000000000000000001010000000000001000000011100000001100000000000000000000000000000000000000000000000000000000000010000000000000000000000000000000000000000010100000000000000000000000001001000000
000000001100000000000000000001000000000000000100000000000000010000100000000000000000000011100000001100000000000000000000000000000000000000000000000000000000000010000100000000000000000000000000000000000101000010000000000000000000000111000000
000000001100000000000000000010000000000000000000000000000000101000000000000000000000000000000000000000000000000000000001000000000000000000000000011100000000000010001010000000000000000000000000000000000110001110000000000000000000000011000000
000000000000000000000000000011100000000000000000000000110000000000000000000000000000000000000000000000000000000000000110110000000000000000000000000000000000000000001001000000000000000000000000000000000000011000000000000000000000000000000000
000000000000000000000000000000000000000000000000000000110000000000000000000000000000000000000000000000000000000000001100100000000000000000000000000000000000000000000110000000000000000000000000000000110000111000000000000000110000000000000000
000000000000110000000000000000000000000000000000000000000000000000000000000000000000000000000000000000000000000000000101100000000000000000000000000000000000000000000000000000000000000000000000000000110000111000000000000000110000000000000000
000000000000110000000000000000010000000000000000000000000000000000000000000000000000000000000000000000000000000111100001000000000000000000000000000000000000000000000000000000000000000000000000000001010000110010000000000000000000000000000000
000000000000000000000000000000101000000000000000000000000000101000001000000000000000000000000000000000000000001110010000000000000000000000000000000000000000000000000000000000000000000000000000000011100000010101100000000000000000000000000000
000000000000000000000000000000101000000000000000000000000000010000001110110000000000000110000000000000000000010111100000000000000000000000000000000000000001100000000000000000000000000000000000000010010000000111000000000000000000000000000000
000000000000000000000000000000010000000000000000000000000000000000010000010000000000001001000000000000000000010001000000000000000000000000000000000000000001100000000000000000000000000000000000000110101100011000100000000000000000000000000000
000000000000000000000000000000000000000000000000000000000000000000001100001000000000001001000000000000000001010000000100000010000000000000000000000000000000000000000010000000000000000000000000000000000101000001100000000000000000000000000000
000000000000000000000000000000000000000000000000000000000000000000001101011100000000000110000000000000000010000010001100000000000000000000000000000000000000000000000010000000000000000000000000100010101000010001000000000000011111100000000000
000000000000000000000000000110000000000000000110000000000000000000000011001000000000000000000000000000000001111110011000000000000000000000000000000000000000000000000010000000000000000000000000100000001000000000000000000000100000101100000000
000000000000000000000000000110000000000000000110000000000000000000000001001000000000000000000000000000000000100010000111001110000000000000000000000000000000000000000000000000000000000000000000101001100000000000100000000001000000100100000000
000000000000000000110000000000000000000000000000000000000000000000000001110000000000000000000000000000000000010100000111000000000000000000000000000000000000000000110100000000000000000000000000000000110000000000100000000000110111111000000000
000000001000000000110000000000000000000000000000000000000000000000011101000000000000000000000000000000000000010000000000000000000000000000000000000000000000000000010001000000000000000000000000000000100001000000000000000000000000011000000000
000000010100000000000000000000000000000000000000000000000000000000010011000000000000000000000000000000000000001000000000000000000000000000000000000000000000000000010001000000000000000000000000000001000110000000000000000000000000000000000000
000000100100000000000000000000000000000000000000000000000000000000001110000000000001100000001000000000000000000000000000000000000000000000000000000000000000000000001000000000000000110000000000000001000100000000000000000000001000000000000000
000000011000001100000000000000000000000000100000000000000000000000000100000000000010010000010100000000000000000000000000000000001100000000000000000000000000000000001100000000000000110000000000000001100000000000000000000000001100000000000000
000000000000001100000000000000000000010111011000000000000000000000000000000000000010010000011000000000000000000000000000000000001100000000000000000000000000000000000010001000000000000000000000000000000000000000000000000000010010000000000000
000000000000000000000000000000000000100001011000000000000000000000000000000000000001100000000000000000000100000000000000000000000000000000000000000000000000000000000001000000000000000011100000000000000000000000000000000000001011000000000000
000000000000000000000000000000000000010001010000011000000000000000000000000000000000000000000000000000001110000000000000000000000000000000001100000000000000000000000000000000000000000100110000000000000000000000000010000000001111000000000000
000000000000000000000000000000000010010001010000011000000000000000000100000100000000000000000000000000011111000000000000000001000000000000001100000000000000000000001111011000000000001001011000001100000000000000000101110100001000100000000000
000000000000000000000000000000000110010001000000000000000000000000010100000100000000000000000000000000110000000000000000000010100000000000000000000000000000000000010011011000000000000110011100100100000000000000000100111100000000000000000000
000000000000000000000000000000000101110000011000000000000000000000001100000100000000000000000000000000010000000000000000100000100000000000000000000000000000000000100001011000000000000000011010000100001100000001100000010000000000000000000000
000000000000000000000000000000000011000111000100000000000000000000000000000000000000000000000000000000000000000000000000111000001000000000000000000000000000000000010110100000000000000000110010001000010010000000000110000000000100001100000000
000000000011000000000000000000000001110000110100000000000000000000000000000000000000000000000000000000000000000010000000100010011100000000000000000000000000000000001010100000000000000001100000110000010010000100100110000000000111001100000000
000000000100100000000000000000000000100000010100000000000000000110000000000000000000000000000000000000000000101010000000010010010000000000000000000000000000000000000000000000000000000010011010000000010100000100000000000000100011100000000000
000100000011000000000000000000000000000000001000000000000001100101010000000000000000000000000000000000000000000000000111010010001110000000000000000000000000000000010001100000000000000011000100000000000000000101000000000000110001100000000000
000100000000000000000000000000000000000000000000000000001101100101110000000000000000000000000000000000000000001000000111011010000010000000000000000000000000000000110000100000000000000011001110000000000000000011000000000000101000000010000000
000100000000000000000000000000000000000000000000000000001001100100001000110000000000000000000000000000000000101001100000000110001100000000000000000000011100000000100010010000000000000000011111000000100000000000000000000000000011010111000000
000000000000000000000000000000000000000000000000000000001110000101110101001000010000000000000000000000000001100001100000000010001100000000000000000000000000000000011100000000000000000011100010000001010000000000000000000000101010000011100000
000000000000000000000111000000000000000000000011000000000000001000110000111110101000000000000011000000000000101111100000000111000000000000000000000000000000000000001111100000000000000111000001001011001000000000000000000000111000000001100000
000000000000000000001110100000000000000000000100100000000000010000000011001100001100000000000011000000000000110011000000011011000000000010000000000000000000000000000000000000000000001110000000010001110000000000000011100000011010111111000000
000000000000111000001000000000000000000000000011000110000001110000100000000100001000000000000000000111000000000000000000000011000000000010000000000000000000000000000000000000000000001110000000000000100000000000000011000000000001000010000000
000000000000111000000111100011000000000000000000000011000011110001110000000010001000000000000000001000100000000000000000110000000000001101100000000000000000000001100000000000000000001100000010000000000000000000000000001000000000000000000000
000000000001000100000010000100000000000000000000000100000110000000110000000001110000000000000000001000100000000000000000111000000000000001100000000000000000000110100000000000000000000010000010000000000000000000000010001000000000000000000000
000000000001001000000000000011000000000000000000000000000010110000000000000001100000000000000000000110010000000000000000000000000000000010000011100000000000000100000000000000000000000010000000000000000000000000000010001000000000000000001000
000000000000000000000000100000000000000000000000000000000001000000000000000001100000000000000000000010110000001100000000000000000000000001111101100000000000000111000000000000000000000000000000000000000000000000010000001000000000000000110110
000000000001001000000000100000000000000000000000000000000000000001000000000000100000000000000000000010010000000000000000000000000000000000110000010000000000000000000000000100000000000000000000000000000000000000100000001000000000000000110110
000000000000000000000000000000000000000000000000000000000000000001000000000000100000000000001010000011100001011000000000000000000000011000001110110000000000000000000000010001000000000000000000000000000000000000000000001000000000000000100110
000000000001110000000000000000000000000000000000000011000000000001000000000000011000000000010001000010000011010000000000000000000000011000000000110000000000000000000000010000000000000000000000000000000000000000011010010000000000000000011000
000000000000000000000000000000000000000000000000000100100000000000000000000011011000000000001001000000011100000000000100000000000000000000001100000000000000000000000000100000000000000000000000000000000000000000000100000000000000000000000000
000000000000000000000000000000000000000000000000000011000000000000000000000110001000000101000100100000100000000000001111110000000000000000001100000000000000000000000011000000011000000000000000000000000000000000000011110000000000000000000000
100000000000000000000000000000000000000000000000000000000000000000000000010010000001110001000001110000101000000000010111111000000000000000000000000000000000000000000011000000000110000000000000000000000000000000000000000000000000000000000011
100000000000000000000000000000000000000000000000000000000000000000000000111000101111110101110000010000010000000000010000001000000000000000100000000000000000000000000000100100000001000000000000000000000000000000000000000000000000000001000010
100011000000000000000000000000000000000000000000000000000000000000000000101011001101010000100000000100000000000000100100000000000000100001010000000000000000000000011100010000000001000000000000000000000000000000000000000000000000000001000011
000011000000000000000000000001110000000000000000000000000000000000000000000011001101100000000000010110000000000000100000000000000000100001100000000000000000000000100010111100001010000000000000110000000000000000000000000000000000000000000000
000000000000000000000000000000000000000000000000000000000000000000000000000100000100100001100000010000000000000000010010000000000000100000000000000000000000000000011101000100000000000000000001001000110000000000000000000000000000000000000000
000000000000000000000000000100000100000000000000000000000000000011000000000000000011000000000000000010001100000000001110000000000000000000000000000000000000000000000000000001001000000000000000110000110000000000000000000000000000001000000000
000000000000000000000000000100000100000000000000000000000000000101110000000000000000000000000000001100001000000000000000000000000000100000000000000000000000000000011000000000110000000000000000000000000000000000000000000000000000011100000000
000000001110000000000000000100000100000000000000000000000000000001001000000000000000000000000000000000001100000000000000000000000000100000000000000000000000000000011100011000000000000000000000000000000000000000000000000000000000101010000000
000000000000000011000000000000000000000000000000001110000000110010000100000000000000000000000000000000011000000000000000000000000000100000000000000000000000000000000000011000000000000000000000000000000000000000000000000000000001110111000000
000000000000000011000000000001110000000000000000111011000001000000011000000000000000011100000000000000001000000000000000000000000000000000000000000000000000000000000000000000000000000000000000000000000000000000000000000000000000101010000000
000000000000000000000000000000000000000000000000100011000000111010000000000000000000100100000000000000011100000000000000000000001110001110000000000000000000000000000000000000000000000000000100000000000000000000000000000000000000011100000000
000000000000000000000000000000000000000000000001101100000000010100000001000000000000010001000000000000100010000000000000000000000000000000000000000000000000000000000000000000000000000000001010000000000000000000000000000000000000001000000000
000000000000000000000000000000000000000000000000000000000000000000000010100000000000000101100000000000000000000000000000000000000000100000000000000000000000000000000000000001100000000000001001000000000000000000000000000000000000000000000000
000000000000000000000000000000000000000000000000000000000000000000000100010000000000001100100000000001000100000000000000000000000000100000000000000000000000000000000000000011111000000000000110000000000000000000000000000000000000000000000000
000000000000000000000000000000000000000000000000000000000000000000000100010000000000000100011100000000000000000000000000000000000000100000000000000000000000000000000000000010000100000000000000000000000000000000000000000000010000000000000000
000000000000001100001000000000000000000000000111000110000000000011100100010000000000000011001110000001100000000000000000000000000000000000000000000000000000000000000000000011100100000000000000000000000000000000000000000000010000000000000000
000000000000010000010000000000000000000000000111110100000000000111100010100000000000000000100001100000000000000000000001100000000000000000000000000000000000000000000000000001001100000100000000011000001000000000000000000000010000000000000000
000000000000011000001100000000000000000000000010110000000000000000100001000000000000001001100000000000000000000000000001100000000000000000000000000000000000000000000000000000110000001010000010100100001100000000000000000000000000000000000000
000000000000000000000010001110000000000000000000000000000000000000000000000000000000000000010000000000000000000000000000000000000000000000000000000000000000000000000000000000000000001100011010011000110110000000000000000111000111000000000000
000000000000001000001101001110000000000000000000000000000000000001110000000000000000000101010000000000000001100000000000000000000000000011000000000000000000000000000000000000000000000000001001100000101100000000000000000000000000000000000000
001000000001000100010110100000000000000000000000010000000000000000100100000000000000001001010000000000000001100000000000000000000000000011000000000000001100000000000000000100000000000000000110000001000001000000000000000000010000000000000000
001000000011001000011110010000000000000000000000111000000000000011000100000000000000000000000000000000000000000000000000000000000000000000000000000000010010000000000000010100000000000000000000000001111101000000000000000000010000000000000000
010000000110000100011000111000000000000000000000000100000000000000011100000000000000000000000000000000000000000000000000000000000000000000000000000000001100000000000000001100000001100000110000000000101001000000000000000000010000000000000000
000000000011011000110000010000000000000000000011100010000000000000000000000000000000000000000000000000000000000000000000000000000000000000000000000000000000000000000000000000000001100000101000000000000000000000000000000000000000000000000000
000000000001000000011000100000000000000000000110100000000000000000000000000011100000000000000000000000000000000000000000000000000000000000000000000000000000000000000000000000000000000000101000000000000111000000010000000000000000000000000000
000000000000010100000000000000000000000000001101001000000000000000000001000010011000110000000000000000000000000000000000000000000000000000000000000000000000000000000000000000000000000000000000000000000011000110100100000000000011100000000000
000000000000000110000000000000000000000000000100110000000000000000000001000111000001110000000000000000000000000000000000000000000011000000000000000000000000000000000000000000000000000000000000000000000111001000100011000000000000000000000000
000000000001110000000000000000000000000000000011000000000000000000000001000110011001110000111000000000000000000000000000000111000010100000000000000000000000000000000000000000000011000000000000000011000000000000110101000000000000000011110000
000000000000000110000000000001100110000000000000000000000000000000000000000000011000101000000000000000000000000000000000000000000001000000000001110000000000000000000000000000000100100000111000000011000000000000010000100000000000001100001100
000000000001101100000000000001100110000000000000000000000000000000000000000011100000010000000000000000010000000000000000000000000000000000000000000000000000000000000000000000000101000011001111000000110000000110010011000000000000001000000000
000000000111000010000000000011000000100000000000000000000000000000000000000001110000000000000000000000010000000000000000000000000000000000000000000000000000000000000000000000000010000111111111000000000000000000000000000000000000001100100000
000000000000100100000000000001000000010000000000000000000000000000000000000000100000000000001000000000010000000000000000000000000000000000000000000000000000000000000000000000000000001100000101000000100000001000000000000000000000000000011100
000000000000000000000000000001101101100000000000000000000000000000000000000000000000000000110100000000000000110000000000000000000000000000000000000000000000000000000000000000000000000110000010000101000000010100000000000000000000000000000000
000000000000111000000000000001100010000000000000000000000000000000000000000000000010000000100110000000000000110000000000000000000000000000000000000000000000000000000000000000000000000000000000001100000000100100000000000010000000000000000000
000000000000000000000000000000000000000000001000000000000000000000000000000000000101000000000100000000000000000000000100000000000000000000000000000000000000000000000000000000000000000000000000000110000000101000000000000101000000000000000000
000000000000000000000000000000000000000000001000000000000000000000000000000000000011000001000100000000000000000000000100000000000000000000000000000000000000000000000100000000000000000000000000010010000001101010100000000101000000000000000000
000000000000000000000000000000011100110000001000000000000000000000000000000000000000000011110000000000000000001110000100000000000000000000000000000000100000000000000100000000000000000000000000010100000000111001100000000010000000000000000000
000000000000000000000000000000000111001000000000000000000000000010000000000000000000000001100000000000000000000000000000000000000000000000000000000001010000000000000100000000000001000000000000000111000000011000000000000000000000000000000000
000000000000000001100000000000001011010011100011100000000000000100001100000000000000000000000000000000000000000000000000000001000000000000000000000001010000000000000000000000110010100000000000000010110000000000000000000000000000000000000000
000000000000000010100000000000000000100000000000000001000000000000010010000000000000000000000000000000000000000000000000000010010000000000000000000000100000000000000000000000110010100000000000000100011000000000000000000000000000000000000000
000000000000000011000000000000000000000000001000000011100000000000001010000001000000000000000000000000000000000000000000000000001000000000000000000000000000000000000001000000000001000000000000110011011000000000000000000000000000000000000000
000000000000000000000000000000000000000000001000000111110000000000000101100010100000000000000000000000000000000000000011000000110100000000000000011000000011000000000010100000000000000000000000010000111001000000000000000000000000000000000000
000000000000000000000000000000000000000000001000000000011000000000000110010001100000000000000000000000000000011000000011000000000110000000000000100100000100100000000010100000000000000000000001100000011010100000000000000000000000000000000000
000000000000000000000000000000000000000000000000000000001100000000000000111000000000000000000000000000000000011000000000000001101110000000000000011000000011000000000001000000000000000000000000100000011001000000000000000000000000000000000000
000000000001100000000000000000000000000000000000000001110000000000000001010000000000000000000000000000000000000000000000000001010100000000000000000000000000000111000000000001100000000000000000000000101000000000000000000000000000000000000000
000000000001100000000000000000000000000000000000000011100000000000000001100000000000000000000000000000000000000000000000000000110010000000000000000000000000000000000000000001100000000000000000111000011000000000000000000000000000000000001100
000000000000000000000000000000000000000000000000000000000000000000000001000000000000000000000000001000000100000000000000000000110000000000000000000001100000010000010000000000000001000000000000000000001100000000000000000000000000000000001100
000000000000000000000000000000000000000000000000000000000000000000000000000000000000000000000000011000011010000000000000000000010000100000000000000000000000101000010000000000000010100000000010000010000000000000000000000000000000000000000000
000000000000000000000000000000000000000000000000000000000000000000000000000000000001000000000000010000000011001100000000000000001000010110000000000000000000000100010000000000000001100000000010000010000000000000000000000000000000000000000000
000000000000000000000000000000000000000000000000000000000000000000000000001100000001000000000000011000000011010010000000000000001000100010000000000000000000100100000000000000000000000000000010000010000000000000000000000000000000000000000000
000000000000000000000000000000000000000000000000000000000000000000000000001100000001000000000010000000000001001100000000000000000100000110000000000000011000100000000000000000000000000000000000000000000000000000000000000000001100000000000000
000000000011000000000000000000000000000000000000000000000000000000100000000000000000000000000101000001111001000000000000000000000100011010000000000000000000100011000000000000000000000000000000111000000000000000000000000000001010000000000000
000000000011000000000000000000000000000000000000000000000000000000100000000000000000000000000101000000000001000011000000000000000000110010000000000000000000011000000000000000000000000000000000000000000000000000000000000000100011000000000000
000000000000000000000000000000000000000000000000000000000000000000100000000000000000000000000010000101000111000111100000000000000000000011100000000000000000001000000000110000000000000000000000000000000000000000000000000001001011000000000000
000000010000000000110000000000000000000000000000000000000000000000000000000000000000000000000000000000001011000111110000000000000000000000000000000000000000000100000000110000000000000000000000000000000000000000000000000011010010000000000000
000000101000000000110000000000000000000000000000000000000000001110001110000000000000000000000000010000010100000000011000000000000000000000000000000000000000001001000000000000000000000000000000000011000000000000000000000011001110000001100000
000000101000000000000000000000000000000000000000000000000000000000000000000000000000000000000000001000000000000000000000001000000000000000000000000000000000011110000000000000000000000000000000000011000000000000000000000000000000000010010000
000000010000000000000000000001110000000000000000000000000000000000100000000011000000000000000000010111011000000000000000010100000000000000000000000000000000011000000011000000000000000000000000000000000000000000000000000000000000000001100000
000000000000000000000000000000000000000000000000000000000000000000100000000010100000000000000000000001110000000000000000010100000000000000000000000000000000000010000100100000000000000000000000000000000000000000000000000000000000000000000000
000000000000000000000000000000000000000000000000000000000000000000100000000001000000000000000000000001100000000110111000001000000000000000000000000000000000000011000011000000000000000000000000000000000000000000000000000000000000000000000000
000000100000000000000000000000000000000000000000000000000000000000000000000000000000000000000000000101100000000000110000000000000000100000000000000000000000001001000000001000000000000000000000000000000000000000000000000000000000000000000000
000000100000000000000000000000000000000000000000000000000000000000000000000000000000000000000000001110000000110000000000000000010000100000000000000000000000001110000000010100000000000000000000000000000000000000000000000000000000000000000000
000000100000000000000000000000000000000000000000000000000000000000111000000000000110000000000000010010000001001000000000001111001000100000000000000000000000000100000000010100000000000000000000000000000000000000000000000000000000000000000000
000000000000000000000000000000000000000000000000000000001000000000000000000000001001000000000000101100000000100000000000001111110000000000000000000000000000000000000000001000010000000000000000000000000000000000000000000000000000000000000000
000000000000000000000000000000000000000000000000000000001000000010000010000000000110000000000000011000000000101000000000010110110000000000000000000000000000000000000000000000101000000000000000000000000000000000000000000000000000000000000000
000000000000000000000000000000000000000000000000000000001000000010000010000000000000000000000000000000000000111000000000111001000000000000000000000000000000000000000000000000010000000000000000000000000000000000000000000000000000000000000000
000000001111000000000000000000000000000000000000000000000000000010000010000000000000000000000000000000000000000000000000011111000000000000000000000000000000000000000000000000000000000000000000000000000000000000000000000000000000000000000000
000000100011100000000000000000000000000000000000000011100011100000000000000000000000000000000000000000000001011000000000001110111000000000000000000000000000000000000000000000000000000000000000000000000000000000000000000001100000000000000000
000001000000110000000000000000000000000000000000000000000000000000111000000000000000000000000000000000000111010000000000000100011000000000000000000000100000000000000000000000000000000000000000000000000000000000000000000100000000000000000000
000100000011000000000000000000000000000000000000000000001000000000000000000000000000000000000000000000001110000000000000000000000000000000000000000000100000000000000000000000000000000000000000000000000000000000000011001100100000000000000000
001000011110000001001000000000000000000000000000000000001000000000000000000000000000000000000000000000001000110000000000000000000000000000000000000001010000000000000000000000000000000000000000000000000000000000000010111011000000000000000000
001101100001000001001000000000000000000000000000000000001000000000000000000000000000000010000000000000001011000000000000000000000000000000000000000000000000000000000000000000000000000000000000000000000000000000000001110110000000000000000000
110000010111100001000100000000000000000000000000000000000000000000000000000000000000000100100000000000001001000000000000000000000000000000000000000011001000000000000000000000000000000000000000011000000000000000000000000000000000000000000000
001000001101101001111000000000000000000000000000011100000000000000000000000000000000000100100000000000000010000000000000000000000000000000000000000011011100000000000000000000001000000000000000101000000000000000000000000000000000001100000000
001000000110000001000000000000000100000000000000001110000000000000000000000000000000000001000000000001111110000001100000000000000000000000000000000001000100000000000000000000001000000000000000100000000000000000000000000000000000001100000000
001000000011000000000100000000100010000000000000000000000000000000000000000000000000100000000000000000011100000000100000000010000000000000000000000001111100000000000000000000000000111000000000101000000000000000000000000000000000000000000001
010000000000001000101000000000100000000000000000000000110000000000000000000000000001010000000000000000001100000100000000110000000000000000110000000000010000000000000000000000000001011000000000000100000000000000000000000000000000000000000001
000000000000000000010000000000100100000000000000000000011000000000000000000000000001010000000000000000010000000000011000000000100000000000110000000000000000000000000000000000000010100000000000110000000000000000000000100000000000000000000000
000000000000000000000000000000001000000000000000000001000100000000000000000000000000100000000000000000000001010000110001101000000000000000000000000000000000000000000000000000001110000000000000110100000000000000000000100000000000000000000000
000000000000000000000000000000000000000000000000000000111000000000000111000000000000000000000000000000000000100000001101010000010000000000000000000000000000000000000000000000001100000000000000011000000000000000000000100000000000000000000000
000000000000000000000000000000000000000000000000000000010000000000000000000000000000000000000000000000000000111000101101101000110000000000000000000000000000000000000000000000001101111000000000001000000000000000000000000000000000000000000000
000000000000000000000000000000000000000000000000000000000001000000000000000000000000000000000000000000011111000100010000001111000000000000000000000000000000000000000000000000111011110000000000000000000000000000000000000000011000000000000000
000000000000000000000000000000000000000000000000000001000010100000000000000000000000000000000000000000001110000001001000000100000000000000000000000000000010000000000000000000111100110000000000000000000000000100111100000000011000000000000000
000000000000000000000000000000000000000111000000000010100010100000000000000000000000000000000000000000000100000001101100000000000000000000000100000000000110000000000000000001010000000000000000000000000000000100110110000000000000000000000000
000000001100000001000011000000000000000000000000000110110001000000000000000000000000000000000000000001000000110000101000000000000000000000001000100000001101100000000000000011100000000000000000000000000011101100011100000000000000000000000000
000000001100000001000100100000000000000000000000000010010000000000000000000000000000000000000000000001100001001000010000000000000000000000001000000000000000100000000000000001110100000000000110000000000010010110001000000000000000000000000000
000000000000000001000011000000000000000000000000000001110000000000100000000000000000000000000010100000000000110000000000000001100000000000000000000111100001010000000000000000001010000000001001000000000011001000000000000000000000000000000000
000000000000000000000000000000000000000000000000000000000000000001010000000000000000000000000010100001100000000000000000000010100000000000001111101000000000110000001100000000010100000000001010000000000000111000000000000000000000000000000000
000000000000000000000000000000000000000000000000000000000110000000011000000000000000000000000100100000010000000000000000000011000000000000001110010000000000000000001010000000011000000000000100000000001000000000000000000000000000000000000000
000000000000000000000000000000001000000000000000000000001100000000000000000000000000000000000101000010100000000000000000001100000000000000000100000000000000000000000100000011000000001000000000000000001100000000000000000000001001000000000000
000000000000000000000000000000010001000000000000000000000110000000000000000000000000000000000000100010000000000000000000010100011000000000000000000000000000000000000000000011010000010100000000110000001110000000000000000000010000100000011000
000000000000000000000000001100010001000000111000000000000010000000000000000000000000000000000011100000000000000000000000011000011000000000000000000000000000000000000000000000100000010100000000110000000010000000000000000000100000000000011000
000000000000000000000000001100011101100000000000000000000000000000000000000000011000000000000001100111000000000000000000000000000000000000000000000000000000000000000000000000000000001000000001000000000001100000000000000000100000000000000000
000000000000000000000000000000001010010000000000000000000000000000000000000000011000000000100110100000000000000000000000000000000000110000000000000000000000000000000000000000000000000000000000110000000000010000000000000000100000100000000000
000000000000000000000000000000001000010000000000000000000000000000000000000000000000000000010001000000000000000000000000000000000001001000000111000000000000000000000000000000000110000000110000110000000111010000000000000000010001000000000000
000000000000000000000000000000000100000000000000000000000000000000110011100000000000000000010001000000000000000000001100000000000001001000000111000000000000000000000000000000001001000001001000000000000111100000000000000000001110000000000000
000000000000000000000000000000000010000000000000000000000000000001001110011000001110000000000100001010000000000000010010000000000000110000001010000000000000000000000000000000000110000000110000000000001011000000000000000000000000000000000000
000000000000000000000000000000000000000000011000000000000000000001001111001000000101000000000000000000000000000000001100000000000000000000001100000000000000000000000000000000000000000000000000000000000000000011000000000000000000000000000010
000000000000000000000000000000000000000000100100000000000000000000110000111000001010000000111111000001000000000000000000000000000000000000010010111000000000000000000000000000000000001000000000000000000000000100100000000000000000000000000101
000000000000000000000000000000000000000000011000000000000000000000000000000000000000000000001100000001000000000000000000000000000000000000011011111000000000000000000000000000000000010100000000000000000000000011000000000000000000100000000101
000000000000000000000000000110000000000000000000000000000000000000000000000000000000000001100000000001000000000000000000000000000000000000101111000000000000000000000100100010000000010100000000001000000000000000000000000000000000100000000010
000000000000000000000000000110000000000000000000000000001100000000000000000000000000000000111111110010000000000000000000000000000000000001111100000000100000000000001110110000000000001000000000010100000000000000000000000000000000100000000000
000000000000000000000000000010000000000000000001100000010100000000000000000000000000000000001000000000000000000000000000000000000001100000011000000010001000000000000000100000000000000000000000010010011111000000000000000000000000000000000000
000110000000000000000000000010100000000000000001100000001000000000000000000000000000000000000000000000000000000000000000000000000010011110000000000000000100000001101111010000000000000000000000001100000101100000000000000000000000000000000000
001001000000000000000000011000000000000000000000000000000000000000000000000000000000000000000001110000000000000000000000000000000010001100000000100010000010000001001100111000000000000000000000000000001010000000000000000000000000000000000000
000110000000000000000000001110001000000000000000000000000000000000000000000000000000000000000000000000000000000000000000000000000001001000000001010001100010000000000000111000000000000000000000000000000010000000000000000000000000000000000000
000000000000000111000000000101110000000000000000000000000000000000000000000000000000001100000000000000000000000000000000000000000000011000000001010000100010000001000000000000000000000000000000000000000000000000000000000000000000000000000000
000000000000000000000000000001000000000000000000000000000000000000000000000000000000001100000000000000000000000001100000000000000000110100000000100000000100000000000000000000000000000000000000000000001110000000000000000000000000000000011000
000000000000010000000000000001001000000000000000000000000000000000000000000000000000001100000000000000000000000001100000000000000000011100000000000000111000000000111000100000000000000000000000000000001000000000000000000000000000000000011000
000000000000101000000000000000101000000000000000001000000000110000000000000000000000000000000000000000000000000000000000000000000000001000000000000000000000000010000000000000000000000000000000000000000001000000000000000000000000000000000000
000000000000101000000000110000010000000000000000010100000000110000000000000011100000000000000000000000000000000000000000000000110000000000000000110000000000001011000000101000000000000000000000000000000000100000000000000000000000000000000000
000000000000010000000001110000000000000000000000010100000000000000000000000000000000000000000000000000000000000001000000000000110000000000000000110000000000011010000000010000000000000000000000000000000100000000000000000000000000000000000000
000000000000000011000001001000000010000000000000001000000000000000000000000000000000000000000000000000000000000010100000000000000000000000000000000000000000001100000000000000000000000000000000000000000011010000000000000000000000000000000000
000000000000000011000001110000000101000000000000000000000000000000000000111000001000001000000000000000000000000010100000000000000000000000000000000000000000000111110000000000000000000000000000000000000000100000000000000000000000000000000000
000000000000000000000001110111000110000000000000000000000000000000000000000000110100010110000000000000000010000001000000000000000000000000000000000000000000000011100000000000000000000000000000000000000000000000000000000000000000000000000000
000000000000000000000000000000000000000000000000000000000000000000000000000001000100010001000000000000000010000010000000000000000000000000000000000000000000000001000000000000000000000000000000000000000000000000000000000000000000000000000000
000000000000000000000000000000000000000000000000000000000000000000000000000001000010100001000000000000000010001010000110000000000000000000000000000000000000000000000000000000000000000000000000000000000000000000000000000000000000000000000000
100000000000000000000000000000000000000000000000000000000000000000000000000001100001000011000000000000000000011001000101000000000000000000000000000000000000000000000000000000000000011000000000000000000000000000000000000000000000000000000011
000000000000000000000000000000000000000000000000000000000000000000000011000000010000000100000000000000000000111001000001000000000000000000000000000000000000000000000000000000000000011000000000000000000000000000000000000000000000000000000000
000000000000000000000000000000000000000000000000000000000000000000000011000000000100010000000000000000000000010011001011000000000000000100000000000000000000000000000000000000000000000000000000000000000000000000000000000000000000000000000000
000000000000000000000000000000000000000000000000000000000000000000000000000000000100010000000000000000000000001010001100000000000000001010000000000000000000000000000000000000000000000001000100000000000000000000000000000000000000000000000000
000000000000000000000000000000000000000000000000000000000000000000000000000000000000000000001110000000000000001111000000000000000000001010000000000000000000000000000000000000000000000111111110000000000000000000000000000000000000000000000000
000000000000000000000000000000000000000000000000000000000000000000000000000000000011100000000000000000000000000101110000000000000000000100000000000000000000000000000000000000000000001100010101000000000000000000010001110000000000000000000000
000000000000000000000000000000000000000000000000000001000000000000000000000000000000000000000000000000000000000010010000000000000000000000000000000000000000000000000000000000000000011000010101000000000000000000010001001000000000000000000000
000000000000000000000000000001100001100000000000000010100000000000000000000000000000000000000000000000000000000100101000000000000011000000011000000000000000000000000000000000000000001100100101000000000000000001001000111000000000000000000000
011000000000000000000000000010010001100000000000000010100000000000000000000000000000000000000000000000000000000001000000000000000100100000100100000000000000000000000000000000000000001100010110000000000000000011100000010000000000000000000000
011000000000000000000010000001100000000000000000000001000000000000000000000000000000000000000000000000000000000101000000000000000011000000011000000000000000000000000000000000000010010000010000000000000000000011100001010000000000000000000000