000000000000000000000010000000000000000000000000000000000001100000000000000000001000000000000000000000000000010000110000000000000000000000000000000000000000000000000001000000000000110001100000000000000000000100011100000000000000000000000000
000000000000010000000010000000000000000000000000000000000001100001000000000000000100000000000000000000000000011000110000000000000000000100000000000000000000000000000010100000000000001101100000000000000000000100000001100000001000000000000000
000000000000001100000000000000000000000000000000000000000000000010100000000000101100000000000000000000000000000000000000000000000000001010000000000000000000000000000010010000000000000001011000000000000000000100111000000000011100000000000000
000000000000011000000000000000000000000000000000000000000000000001100000000100101000000000000000000000000000000000100000000000000000001010000000000000000000000000000001100000000000000001100000000000000000000000000000000000100110000000000000
000000000000000000000000000000000000000000000000000000000000000000000000001000000000000000000000000000000000000000000000000000000000000100000000000000000000000000000000000000000000000000000000000000000000000101010100000000110110000000001000
000110000000000000000000000000000000000000000000000000000000000000000000000000011110000000000000000000000000000000000000000011000000000000000000000000000000000000000000000000000000000000000000000000000011000000000100000001110000000000010000
000110000000000000000000000000000000000000000000000000000000000000000000000100010010000000000000000000000000000000000000000011000000000000000000000000000000000000000000000000000000000000000000000000000100100100000000000000111000000000110000
000000000000000000000000000000000000000000000000000000000000000011100000000000000000000000000000000000000000000000000000000000000000000000000000000000000000000000000000000000000000000000000000000000000011001000011000000000000000000000010100
000000000000000000000000000000000000000000000000000000000000000011100001100000101000000000000000000000000000000000000000000000000011000000000000000000000000000000000000000000000000011000000000000000000000000101000000000000000110000000001000
000000000000000000000000000000000000000000000000000000000000001000000001100000001100000000000000000000000000000000000000000000000011000000000000000000000000000000000000000000000000100100000000000000000000000011100000000000000110000000001100
000000000000000000000000000000000000000000001100000000000000001000000000000000011000000000000000000000000000000000000000000000000000000000000000000000000110000000000000000000000000010010001000000000000000000000000000000000000101000000000000
000000000000000000000000000000000000000000001100000000000000000100000000000000000010000000000000000000000000000000000000000000000000000000000000000000000110000000000000000000000000001110111000000000000000000000000000000011100000000000000000
000000000000000000000000000000000000000000000000000000000000000000000000000000010010000000000000000000000000011000000000000000000000000100000000000000000000000000000000001000000000001001101000000000000000000000000000000011100000000011000000
000000000001000000000010000000000000000000000000000000001100000000000000000000001000000000000000000000000000100100000000000000000000000100000000000000000000000000000000010100000000000000100000000000000000000000000000000100100010100011000000
000000000010100000000101000000000000000001000000001100000000000000000000000000000000000000000000000000000000011000000000000000000000000100000000000011000000000011100000010100000000000110010000000000000000000000000000000101100010100000000000
000000000011000000000010000000000000000001000000010111101100000000000000000000000000000000000000000000000000000000000000000000000000000000000000000011000000000000000000001000000000000011100000000000000000000001000000000011100010000000000000
000000000000000000000000000000000000000001000000010011001000000000000000000000000011000000000000000000000000000000000000000000000000000000000000000000000000001000000000000000000000000000000000000000000000000001000000000000000010100000000000
000000000000000000000000000000000000000000000000011010010000000000000000011000001001000000000001100000000000000000000000000000000000000000000000000000000000001000000000000000000000000010100000000000000000000001000000000000000100100000000000
000000000000000000000000000000000000000000000000000000000000000000000000011000011000100000000000110000000000000000000000000000000000000000000000000000000000001000000000000000000000000100010000000000000000000000000000000000001110000000000000
000000000000000010000000000000000000000000000000000100100000000000000000000000011001100000000001000000000000000000000000000010000000000000000000000000000000000000000000000000000000000100010000000000000000000000000000000000010110000000000000
000000000000000101000000000000000000000000001100000011010000000000000000000000110000000000000000000000000000000000000000000010000000000000000000000000000000000011100000000011100000000100010000000000000000000000000000000000100110000000000000
000000000000001001000000000111000000000000110100000000001001000000000000000000000000000000000000000000000000000000000000000010000000000000000000000000000000000000000000000000000000000010100000000000000000000000000000000000011100000000000000
000000000110000110000000000000000000000000000000000001100001000000000000000000111111100000000000000000000000000000000000100000000000000111000000000000000000000000000000010000000000000001000000000000000000000110100000000100001000000000000000
000000000110000000000000000000000000000000011100000011001001000000110000000001101010110000000000000000000000000000000010000000000000000101000000000000000000000000000000111000000000000000000000000000001100001101000001100010000000000000000000
000000000000000000000000000000000000000111000100000010001010000001111000000001101000110000000000110000000000000000000010100100000000000101000000000000000000000000000001000100000000000000000000000000001110010000001000100001000000000000000000
000000000000000000000000000000000000001001000100000001110101010001010100000000010000100000000001001000000000000000000010101000001000000011000000000000110000000000000001010000000000000000000000000000000000000111111101000001000000000110000000
000000000000000000000000000000000000001010000000100001010010000000001110000000000001000000000000110000000000000000000111011000010100000001000000000000110000000000000001000010000000000000000000000000000010000011111100100001000110000110000000
000000000000000000000000000000000000000100000000100001101101000000101000000000000010000000000000000000000000000000000100011000100100000011000000000000000000000000000001000010000000000000000000000000001000110000000000000010000110000000000000
000000000000000000000000000000000000000000011000000010110000000000100000000000000000000000000000000000000000000000000000001100010100000000000000000000000000000000000001000000000000000000000000000000000111100000000000010000000000000000000000
000000000000000000000000000011000000000000011000000110110001000000000000000000000000000000000000000000000000000000000000001100100000000000000000000000001110000000000000100010000000000000000000000000000010000000000000000000000000000000000000
000000000000000000000000000011000000000000000000000000110010000000000000001000000000000000000000000000000000000000000000000101100100110000000000000110000000000000001101000010000000000001000000000000000000000000000000000000000000000000000000
000011000000000000000001110000000000000000000000000000010001000000000000011100000000000000000000000000000000000000000000000000100100000000000000000110000000000000001110010001000000000001000000000000000000000000000000000000000000000000000000
000010100000000000000000000000000000000000000000000000111110111000000000010100000011110000000000000000000000000000000000011000000010100000000000000000000000000110000110100010000000000001000000000000100000000000000000000000000000000000000000
000000100000000011000000000000000000000000000000110000000100001000000000000000100010011000000000000000000000000000000000011000000011100000000000000000000000001100000001001010000000000000000000000001010000000000000000000000000000000000000000
000000111000000011000000000000000000000000000001001000000000000000001100000001010000001010000000000000000000000000000000000000000000000000000000000000000000000101100000000100000000000000000000011000001000000000000000000000000000000000000000
110000100100000000000000000000000000000000000000110000000001100000111100110000001000000011000000000010000000000000000000000000000000000000001110000000000000000011100000001100000000000000000000010000000000000000000000000000000000000000000000
110000010100000000000000011000000000000000000000000000000000000000000100100001110000000110000000100010000000000000000000000000000000000000000001100000000000000000001100011100000000000000000000000000110000000000000000000000000000000000000000
010000001000000000000000100100000000000000000000000000000001101100000000000000010000000100000001001010000000000000000100001000000000000000111000100000000000000000001111011000000000000000000000000111000000000000000000000000000000000000000000
110000000000000000000000011000000000110000000000000000000001110000111001001000000000000000000000100000000000000000000100011000100000000000010000000000000000000000001111011000000000000000000000000000000000000000000000000000000000000000000000
000000000000000000000000000001100011100000000000000000000001110000000000001000000000000000000000000000000000000000000100010000100000000000011101000000001000000000000001010000000000000000000000000000000000000000000000000000000000000000000000
000000000000000000000000000000000001000000000000000000000000000000000001110000000000000000000000000000000000000000000000110000100000000000000000000000010000000000101111110000000000000000000000000000000000000000000000000000000000000000000000
000000000000000000000000000011100000000000000000000000000000000001000000000000000000000000000000000000000000000001110000110000000000000000000000000000011100000001000110100000000000000000000000000000000000000000000000000000000000000000000000
000000000000000000000000001100100000000000011000000000000000000010100000000000000000000000000000000000000000000000000000110000000000000000001100000000000000000000010100100000000000000000000000000000000000000000000000000000000000000000000000
000000000000000000000010001110110000000000011110000000000000000110110000000000000000000000000000000000000000000000000100000000000000000000000111001110000001000010100001100000000000000000000000000000000000000000000000000000000000000000000000
011000000000000000000111110100100000000000101110000000000000000010100000000000000000000000000000000000000000000000000100000000000000000000000000101010000001000000100011000110000000000000000000000000000000000000000000000000000000000000000000
100100000000000000001101111111110000000000110001010000000000000001000000000100000000000000000000000000000000000000000100000000000000000000001111101100000001000000000001000110000000000000000000000000000000000110000000000000000000000000000000
011000000000000000000101100100000000000000000101110000000000000000000000001010000000000000000001000000000000000000000000000000000000000000000000110000000000000000000001100000000000000000001000000000000000000110000000000000000000000000000000
000000000000000000000011111000000000000000000010110000000000000000000000000110000000000000000010001000000000000000000000000000000000010000000000000000000000000000000000000000000000000000010100000000000000000000000000000000000000000000000000
000000000000000000000001110000100000000001100110000000000000000000000000000000000000000000000010000100000000000000001100000000000000010000000000000000000000000000000000000000000000000000010010000000000000000000000000001100000000000000000000
000000000000000000000000000001000000000000111011000000000000000000000000000000000000000000000010000100000000000000010010000000000000010000000000000000000000000000000000000000000000000000010010000000000000000000000000001100000000000000000000
000000000000000000000000000000100000000000010110000000111000000000000000000000000000000000000000110000000000000000001100000000000000000000000000000000000000000000000000000000000001100000001010000000000000000000000000000000000000000000000000
000000000000000000000000000000000000000000001100000000000000000000000000000000000000000000000010010000000010000000000000000000000000000000000000000000000000000000000000000000000001100000000111000000110000000000000000000000000000000000000000
000000000000000000000000000000000000000000000000000000000000000000000000000000000000000000000001100110011101100000000000000000000000000000000000000010000000000000000000000000000000000000000011100000110000000000000000000000000000000000000000
000000000000000000000100000001100000000000000000110000000000000000000000000000000000000000000000000111101011000000000000000000000000000000000000000101000000000000000000000000000000000000000100000000000000000000000000000000000000000000000000
000000000000000000000100000001010000000000000000110000111000111000000000000011000000000000000000010000110100100000000000000000000000000000000000000101000000000000000000000000000000000000000101000000000000000000000000000000000000000000000000
000000000000000000000100000000100000000000000000000011111000111100000000000011000000000000000000000000000000111000000000000000000000000000000000000010000000000000000000000000000000000000000010000000000000000000000000000000000110000000000000
000000000000000000000000000000000000000000000000000110010000100010000000000000000000000000000000000010000111100000000000000000000000000000000000000000000000000000000000000000000000000000000000000000000000000000000000000000000110000000000000
000000000000000000000000000000000000000000000000001000110001111001000000000000000000000000010000000000000000101000000000000000000000000000000000000000000000011100000000000000000000000000000000000000000000000000000000000000010110000000000000
000000000000000000000000000000000001100000000000010011110001100010000000000000000000000000010000000000000000011000000000001100000000000000000000000000000000000000000000000000000000000000000000000000000000000000000000000000001101000000000000
000000000000111000011000000000000010010000000000001000100001001100000000000000000001100000000000000000000000010000000000010010000000000000000000000000000000000000000000000000000000000000000000000000000000000000000000000000001101000011000000
000000000000000000010100000000000001100000000000000111100011111000000000000000000001100000000000000000000000000000010000010100000000000000000000000000000000000000000000000000000000000000000000000000000000110000000000001010001101000010100000
000000000000000000001000000000000000000000000000000011100011100000000000000000000000000000000000000000000000000000001000001000000000000000000000000000000000000000000000000000000000000000000000000000000000101000000000001011110110000010110000
000000000000000000000000000000000000000000000000000000000000000000000000000000000000000000000000000000000000000000001000000000000000000000000000000000000000000000000000000000000000000001100000000000000000010000000000000100111101000010100000
000000000000000000000000000011000000000000000000000000000000000000000000000000000000000000110000000000000100000000000000000000000000000000000000000000000000000000000000000000000000000010010000000000000000000000000000000011000010000100000000
000000000000000000000000000011000000000000000000000000000000000000000000000000000000000010110000000000000100000000000000000000000000000000000000000000000000000011000000000000000000000010100000000000000000000000000000000000111110000100100000
000000000000000000000000000000000000000000000000000000000000000000000000000000000000000010000000000000000000001100000000000000000000000000000000000000000000000011000000000000000000000001000000000000000000000000000000000000001100000000100000
000000000000000000000000000000000000000000000000000000000000000000000000000000001100000100100000000000000000001100000000000000000000000000000000000000000000000000000000000000000000000000000000000000000000000000000000000000000000011000100000
000000000000000000000000000000000000000000000000000000000000000000100000000000010010000001100000000000000000000000000000000000000000000000000000000000000000000000000000000000000000000000000000000000000000000000000000000000000000100000000000
000000000000000000000000000000000000000000000100000000000000000001010000000000010100000110000000000000000100000000000000000000000000000000000000000000000000000000000000000000000000000000000000000000000000000000000000000000000000100110100000
000000000000000000000000000000000000000000000100000000000000000001010000000000001000000110001000001100000100000000000000000000000000000000000000000000000000000010000000000000000000000000000000000000000010000000000000000000000000010010110000
000000001100000000000000000000000000000000000100000000000000000000100000000000000000000100010000001100000100000000000011100000000000000000000000000000000000000010000100000000000000000000000000000000000110000000000000000000000000000100000000
000000001100000000000000000010000000000000000000000000000000000000000000000000000000000011100000000000000000000000000111110000000000000000000000011100000000000010001010000000000000000000000000000000000100001110000000000000000000000101000000
000000000000000000000000000100000000000000000000000000110000000000000000000000000000000000000000000000000000000000000100111000000000000000000000000000000000000000001001000000000000000000000000000000000010100110000000000000000000000000000000
000000000000000000000000000111000000000000000000000000110000000000000000000000000000000000000000000000000000000000000001011000000000000000000000000000000000000000000110000000000000000000000000000000010000110010000000000000110000000000000000
000000000000110000000000000000000000000000000000000000000000000000000000000000000000000000000000000000000000000000000010010000000000000000000000000000000000000000000000000000000000000000000000000001001000011110000000000000110000000000000000
000000000000110000000000000000010000000000000000000000000000000000001100000000000000000000000000000000000000000000000000010000000000000000000000000000000000000000000000000000000000000000000000000000011100000000000000000000000000000000000000
000000000000000000000000000000101000000000000000000000000000000000000110000000000000000000000000000000000000000000000111000000000000000000000000000000000000000000000000000000000000000000000000000000000000000010000000000000000000000000000000
000000000000000000000000000000101000000000000000000000000000000000110100110000000000000110000000000000000000000000000110000000000000000000000000000000000001100000000000000000000000000000000000000000000000000001100000000000000000000000000000
000000000000000000000000000000010000000000000000000000000000000000110100010100000000001001000000000000000000000000000000000000000000000000000000000000000001100000000000000000000000000000000000000010100000000000110000000000000000000000000000
000000000000000000000000000000000000000000000000000000000000000000100111000110000000001001000000000000000000000000000000000000000000000000000000000000000000000000000010000000000000000000000000000110001011111010010000000000000000001000000000
000000000000000000000000000000000000000000000000000000000000000000011000010100000000000110000000000000000010100000000110000000000000000000000000000000000000000000000010000000000000000000000000000011000100111011100000000000000000001100000000
000000000000000000000000000110000000000000000110000000000000000000001000001000000000000000000000000000000010111010001100000000000000000000000000000000000000000000011110000000000000000000000000000011001000000011000000000000000000010010000000
000000000000000000000000000110000000000000000110000000000000000000001010110000000000000000000000000000000010111010000110001110000000000000000000000000000000000000101000000000000000000000000000000011100000000000000000000000000000001011000000
000000000000000000110000000000000000000000000000000000000000000000111001100000000000000000000000000000000001000010000000000000000000000000000000000000000000000001000100000000000000000000000000000000001110000000000000000000000000001110000000
000000001000000000110000000000000000000000000000000000000000000000001000000000000000000000000000000000000000101100000000000000000000000000000000000000000000000000101000000000000000000000000000000000101110000000000000000000000101000100000000
000000010100000000000000000000000000000000100000000000000000000000001000000000000000000000000000000000000000010000000000000000000000000000000000000000000000000000000000000000000000000000000000000001100001000000000000000000001101000000000000
000000100100000000000000000000000000000001110000000000000000000000011000000000000001100000001000000000000000000000000000000000000000000000000000000000000000000000000000000000000000110000000000000010001110000000000000000000000010000000000000
000000011000001100000000000000000000000110001000000000000000000000010011000000000010010000010100000000000100000000000000000000001100000000000000000000000000000000001010000000000000110000000000000010011100000000000000000000101010000000000000
000000000000001100000000000000000000010011110000000000000000000000001110000000000010010000011000000000001100000000000000000000001100000000000000000000000000000000001010000000000000000000000000000011000000000000000001000000101000000000000000
000000000000000000000000000000000000110001000000000000000000000000000100000000000001100000000000000000011110000000000000000000000000000000000000000000000000000000001001100000000000000101111000000000000000000000000010100000111001100000000000
000000000000000000000000000000000011000000110000011000000000000000000000000000000000000000000000000000100010000000000000000000000000000000001100000000000000000000001001000000000000001001111000000110000000000000000100000000001101100000000000
000000000000000000000000000000001001000001110000011000000000000000000000000100000000000000000000000001100010000000000000000000000000000000001100000000000000000000110100001000000000001000001100010001000000000000000010100000011011000000000000
000000000000000000000000000000001010000100000000000000000000000000000010000100000000000000000000000011000000000000000000000000000000000000000000000000000000000001000000100000000000001001000110100000101000000000000000000000000100000000000000
000000000000000000000000000000000000000111110000000000000000000000001010000100000000000000000000000001100000000000000001110001100100000000000000000000000000000001000000000000000000000001001101000000011100000000000000000000000000000000000000
000000000000000000000000000000000000001000110000000000000000000000000110000000000000000000000000000000100000000000000010001000001010000000000000000000000000000000000001000000000000000010001101000001111010000000000000000000000000000000000000
000000000011000000000000000000000000100100110000000000000000000110000000000000000000000000000000000000000000000000000110001000101110000000000000000000000000000000111100000000000000000110000111111001010011000100000000000001010000000000000000
000000000100100000000000000000000011001000001110000000000001101001010000000000000000000000000000000000000000000000000101010000111100000000000000000000000000000000000001100000000000000111000110010000011110001010000000000001010000000010000000
000100000011000000000000000000000001100000001100000000000001100100111000000000000000000000000000000000000000000000001101001000101000000000000000000000000000000000111011000000000000001101000000000000011100001001000000000010001000000111000000
000100000000000000000000000000000000100000000000000000011000000001010100000000000000000000000000000000000000001100000101011001101000000000000000000000000000000001001011011000000000000101000000000000000000000111000000000001111100001001100000
000100000000000000000000000000000000000000000000000000011001100011001100100000000000000000000000000000000011101100000011110001011010000000000000000000011100000001100010011000000000000100000000000000000000000010000000000000010110011001000000
000000000000000000000000000000000000000000000000000000011001110110001110100000000000000000000000000000000010101110000000011000001110000000000000000000000000000001110111010000000000000000011000000110000000000000000000000000110100001011000000
000000000000010000000000000000000000000000000011000000000000101001011111011010000000000000000011000000000010000010000000001000000000000000000000000000000000000000000100100000000000000000100000001100000000000000000011000000101000000000000000
000000000000111000000010000000000000000000000100100011000000000000111001111101000000000000000011000011000000111000000000000011000000000000000000000000000000000000000111000000000000000000000000000110000000000000000111000000110000000100000000
000000000001000100000011100000000000000000000011000001100100010001011001111100100000000000000000000110000000111000000000010000000000000011000000000000000000000011000110000000000000000000000000000001010000000000001001000000000001100011000000
000000000001101100000100100000000000000000000000000010001110000010000000000010000000000000000000000100000000000000000001101010000000000011100000000000000000000110100000000000000000000000000000000001110000000000000110000000000001100000001000
000000000000000000000001000000000000000000000000000000011011000011100000000001010000000000000000000000000000000000000001001110000000000000011000000000000000001101100000000000000000000000000000000000100000000000000011001110000000000000011100
000000000000000000000000000000000000000000000000000000001010100000000000000001000000000000000000000000000000000000000000111000000000000000010100010000000000011101100000000000000000000000000000000000000000000000000001011110000000000000111110
000000000000000000000000000000000000000000000000000000000110100000000000000000100000000000000000000000000000000000000000000000000000000001001100011000000000001001000000000000000000000000000000000000000000000000000000001000000000000001100011
100000000000100000000000000000000000000000000000000000000011000001000000000000100000000000000100000000100000000000000000000000000000000001100010011100000000000110000000000000000000000000000000000000000000000000000000001000000000000011100011
000000000001010000000000000000000000000000000000000000000000000001000000000000000000000000001110000001100000010000000000000000000000011001000110011000000000000000000000110000000000000000000000000000000000000000001000000000000000000001100011
000000000000000000000000000000000000000000000000000011000000000001000000000010110000000000010011000010010000000000000000000000000000011000100000111000000000000000000000110000000000000000000000000000000000000000010101001000000000000000111110
000000000001110000000000000000000000000000000000000100100000000000000000000110101000000000110011010010000001000000000000000000000000000000010000100000000000000000000001000000000000000000000000000000000000000000001001101000000000000000011100
100000000000000000000000000000000000000000000000000011000000000000000000000000100010000001001001010010000000000000011000011000000000000000010000000000000000000000000000100000000000000000000000000000000000000000001000010000000000000000000011
010000000000000000000000000000000000000000000000000000000000000000000001110110000010000011000000000001010000000000101000011100000000000000000000000000000000000000000001000000000011000000000000000000000000000000000101000000000000000000000101
111000000000000000000000000000000000000000000000000000000000000000000001110110000100010011011000100010000000000000111000011000000000000000100000000000000000000000000000101000000100100000000000000000000000000000000010000000000000000000001110
010011000000000000000000000000000000000000000000000000000000000000000000000000001000001100011000100010000000000000000000000000000000100001010000000000000000000000110001000000000100100000000000000000000000000000000000000000000000000000000101
100011000000000000000000000001110000000000000000000000000000000000000000000110110001000000010000001100000000000000000000000000000000100001100000000000000000000001001000000000100011000000000000110000000000000000000000000000000000000000000011
000000000000000000000000000000000000000000000000000000000000000000000000000110000101110000000000000000000000000000000000000000000000100000000000000000000000000000100010010000110000000000000001001000110000000000000000000000000000001000000001
000000000000000000000000000100000100000000000000000000000000000000010000000000000100000000000000000000000000000000011011000000000000000000000000000000000000000000110000001100001000000000000000110000110000000000000000000000000000001000000000
000000000000000000000000000100000100000000000000000100000000000000110000000000000111000000000000000000000000000000010001000000000000100000000000000000000000000000000000001011000000000000000000000000000000000000000000000000000000001000000000
000000001110000000000000000100000100000000000000001100000000000001001000000000000000011100000000000000000000000000001110000000000000100000000000000000000000000000001000000000000000000000000000000000000000000000000000000000000000000000000000
000000000000000011000000000000000000000000000000110110000000000000111000000000000000010110000000000000000000000000000000000000000000100000000000000000000000000000000100011000000000000000000000000000000000000000000000000000000011100011100000
000000000000000011000000000001110000000000000000000000000000000000111000000000000000010001000000000000010000000000000000000000000000000000000000000000000000000000000000000000000000000000000000000000000000000000000000000000000000000000000000
000000000000000000000000000000000000000000000000001000000000000000000011100000000000001000100000000000110000000000000000000000001110001110000000000000000000000000000000000000000000000000000100000000000000000000000000000000000000001000000000
000000000000000000000000000000000000000000000001001000000000000000000100010000000000000101000000000000110000000000000000000000000000000000000000000000000000000000000000000000000000000000001010000000000000000000000000000000000000001000000000
000000000000000000000000000000000000000000000000100000000000000000001000001000000000000010000000000000001000000000000000000000000000100000000000000000000000000000000000000000000000000000001001000000000000000000000000000000000000001000000000
000000000000000000000000000000000000000000000000000000000000000000001001000100000000000000000110000000000000000000000000000000000000100000000000000000000000000000000000000000011010000000000110000000000000000000000000000000000000000000000000
000000000000000000000000000000000000000000000000000100000000000000001100100100000000000000000111000000000000000000000000000000000000100000000000000000000000000000000000001110011001000000000000000000000000000000000000000000010000000000000000
000000000000001000000100000000000000000000000000001010000000000110000001000100000000000000001001000000000000000000000000000000000000000000000000000000000000000000000000000110000001000000000000111000000000000000000000000000010000000000000000
000000000000010100001010000000000000000000000000010010000000000110000010001000000000000000001001000000000000000000000001100000000000000000000000000000000000000000000000000011000011000100001010101000000000000000000000000000010000000000000000
000000000000100110011000001100000000000000000000110100000000000000000000010000000000000010000010000000000000000000000001100000000000000000000000000000000000000000000000000000000100001010001000100001110010000000000000000000000000000000000000
000000000001000110000000110010000000000000000000110000000000000100000011100000000000000101001000000000000000000000000000000000000000000000000000000000000000000000000000000000110000001100010010100001110001000000000000000111000111000000000000
000000000000000000000000101100000000000000000000110000000000000101100000000000000000000101011000000000000001100000000000000000000000000011000000000000000000000000000000000000000000000000010000010000000001000000000000000000000000000000000000
000000000110000010000010011000000000000000000000101000000000000100100000000000000000000010100000000000000001100000000000000000000000000011000000000000001100000000000000000000000000000000100000000100001001000000000000000000010000000000000000
000000001001111010000001001000000000000000000001001100000000000010000110000000000000000000000000000000000000000000000000000000000000000000000000000000010010000000000000000010000000000000100001000010011001100000000000000000010000000000000000
000000010000001111100001001000000000000000000000000010000000000001011010000001000000000000000000000000000000000000000000000000000000000000000000000000001100000000000000001010000001100001000000000001111011100000000000000000010000000000000000
000000001000011011110000001000000000000000001110010100000000000000100000000011000000000000000000000000000000000000000000000000000000000000000000000000000000000000000000000110000001100000000000000001110011100000000000000000000000000000000000
000000000111000010011000000000000000000000011011110000000000000000000000000101110000000000000000000000000000000000000000000000000000000000000000000000000000000000000000000000000000000000000000000000000000000001100000000000000000000000000000
000000000011010000100000000000000000000000110111011000000000000000000001000101001000000000000000000000000000000000000000000000000000000000000000000000000000000000000000000000000000000000000000000000000001000000100011000000000011100000000000
000000000000001111000000000000000000000000010101011000000000000000000001000011100100001000000000000000000000000000000000000000000011000000000000000000000000000000000000000000000000000000000000000000000010000010000001100000000000000000000000
000000000000000010000000000000000000000000001010000000000000000000000001000000001100110110111000000000000000000000000000000111000010100000000000000000000000000000000000000000000011000000010000000011000011000001100111110000000000000000000000
000000000000000000000000000000000000000000000010100000000000000000000000000010000000001000000000000000000000000000000000000000000001000000000001110000000000000000000000000000000100100001101100000110000000000001000110000000000000011000000000
000000000011000000000000000000000001100000000000000000000000000000000000001101000000000000011000000000010000000000000000000000000000000000000000000000000000000000000000000000000101111111011000100110100000000000110100000000000000011000011000
000000000111000110000000000000000000000000000000000000000000000000000000000110000000000000010100000000010000000000000000000000000000000000000000000000000000000000000000000000000010111100111110000000100000000000000000000000000000000000011100
000000000111000110000000000000000010100000000000000000000000000000000000000001010000000000100000000000010000000000000000000000000000000000000000000000000000000000000000000000000000110000110010101000100000001110000000000000000000000000001100
000000000011001100000000000000100010000000000000000000000000000000000000000001110000000001100100000000000000110000000000000000000000000000000000000000000000000000000000000000000000010000100000001010000000110000000000000000000000000000000000
000000000000001000000000000011000011000000000000000000000000000000000000000000100010000001100000000000000000110000000000000000000000000000000000000000000000000000000000000000000000001110000000011011000000110001000000000010000000000000000000
000000000000000000000000000001100011000000001000000000000000000000000000000000000101000011001100000000000000000000000100000000000000000000000000000000000000000000000000000000000000000000000000000111100001001000000000000101000000000000000000
000000000000000000000000000000100010010000001000000000000000000000000000000000000011000101000110000000000000000000000100000000000000000000000000000000000000000000000100000000000000000000000000000001100000001000100000000101000000000000000000
000000000000000000000000000000110001001000001000000000000000000000000000000000000000000110001000000000000000001110000100000000000000000000000000000000100000000000000100000000000000000000000000000001110001100010100000000010000000000000000000
000000000000000000000000000000011000001000000000000001000000000000000000000000000000000000000000000000000000000000000000000000000000000000000000000001010000000000000100000000000001000000000000000000010000100000000000000000000000000000000000
000000000000000001100000000000001000101011100011100001100000000000001100000000000000000000000000000000000000000000000000000000000000000000000000000001010000000000000000000000110010100000000000000000011000000000000000000000000000000000000000
000000000000000010100000000000000000110000000000000011010000000000010011000000000000000000000000000000000000000000000000000000000000000000000000000000100000000000000000000000110010100000000000000000011000000000000000000000000000000000000000
000000000000000011000000000000000000000000001000000010010000000000100000100001000000000000000000000000000000000000000000000000000000000000000000000000000000000000000001000000000001000000000001100000000000000000000000000000000000000000000000
000000000000000000000000000000000000000000001000001101100100000000000000000010100000000000000000000000000000000000000011000001000000000000000000011000000011000000000010100000000000000000000000000000000011000000000000000000000000000000000000
000000000000000000000000000000000000000000001000000100000010000000011000001100100000000000000000000000000000011000000011000000000000000000000000100100000100100000000010100000000000000000000000100000000100100000000000000000000000000000000000
000000000000000000000000000000000000000000000000000101100110000000000000000111000000000000000000000000000000011000000000000000000000000000000000011000000011000000000001000000000000000000000000000000000111000000000000000000000000000000000000
000000000001100000000000000000000000000000000000000010010100000000000100011100000000000000000000000000000000000000000000000011000000000000000000000000000000000011000000000001100000000000000011011000000111000000000000000000000000000000000000
000000000001100000000000000000000000000000000000000001001000000000000100000000000000000000000000000000000110000000000000000011100000000000000000000000000000011010000000000001100000000000000000000000011000000000000000000000000000000000001100
000000000000000000000000000000000000000000000000000001010000000000000010100000000000000000000000011000001010000000000000000001000000000000000000000000000000010010010000000000000001000000000000000000011100000000000000000000000000000000001100
000000000000000000000000000000000000000000000000000000100000000000000011000000000000000000000000101000000011011100000000000000100000010010000000000000000000010110010000000000000010100000000010000010001000000000000000000000000000000000000000
000000000000000000000000000000000000000000000000000000000000000000000000000000000001000000000000010000000100011100000000000000000000000001000000000000000000001110010000000000000001100000000010000010000000000000000000000000000000000000000000
000000000000000000000000000000000000000000000000000000000000000000000000001100000001000000000000000000000110000000000000000000000000000001000000000000000000111100000000000000000000000000000010000010000000000000000000000000010010000000000000
000000000000000000000000000000000000000000000000000000000000000000000000001100000001000000000010000000000111001100000000000000000000011110000000000000000001001000000000000000000000000000000000000000000000000000000000000000100010000000000000
000000000011000000000000000000000000000000000000000000000000000000100000000000000000000000000101000000001100000010000000000000000000010100000000000000000001011000000000000000000000000000000000111000000000000000000000000000000010000000000000
000000000011000000000000000000000000000000000000000000000000000000100000000000000000000000000101000000100000100000000000000000000000100010000000000000000000000010000000000000000000000000000000000000000000000000000000000001001000000000000000
000000000000000000000000000000000000000000000000000000000000000000100000000000000000000000000010000000110100100000010000000000000000010001000000000000000000000001000000110000000000000000000000000000000000000000000000000000110000000000000000
000000010000000000110000000000000000000000000000000000000000000000000000000000000000000000000000000000000001000000001000000000000000000100000000000000000000000000000000110000000000000000000000000000000000000000000000000000100000000000000000
000000101000000000110000000000000000000000000000000000000000001110001110000000000000000000000000000000100110000001011000000000000000000000000000000000000000001010000000000000000000000000000000000011000000000000000000000000000000000001100000
000000101000000000000000000000000000000000000000000000000000000000000000000000000000000000000000011101000000000000000000001000000000000000000000000000000000000000000000000000000000000000000000000011000000000000000000000000000000000010010000
000000010000000000000000000001110000000000000000000000000000000000100000000011000000000000000000000111100100000000000000010100000000000000000000000000000000000000000011000000000000000000000000000000000000000000000000000000000000000001100000
000000000000000000000000000000000000000000000000000000000000000000100000000010100000000000000000000010111000000000100000010110000000000000000000000000000000001000000100100000000000000000000000000000000000000000000000000000000000000000000000
000000000000000000000000000000000000000000000000000000000000000000100000000001000000000000000000011010000000000001010000010010000000000000000000000000000000011111000011000000000000000000000000000000000000000000000000000000000000000000000000
000000100000000000000000000000000000000000000000000000000000000000000000000000000000000000000000011100000000000001100000000000000000100000000000000000000000000000100000001000000000000000000000000000000000000000000000000000000000000000000000
000000100000000000000000000000000000000000000000000000000000000000000000000000000000000000000000011100000000100000000000000010000000100000000000000000000000000000000000010100000000000000000000000000000000000000000000000000000000000000000000
000000100000000000000000000000000000000000000000000000000000000000111000000000000110000000000000000000000001010000000000011110000000100000000000000000000000010001000000010100000000000000000000000000000000000000000000000000000000000000000000
000000000000000000000000000000000000000000000000000000001000000000000000000000001001000000000000110111000000010000000000110100000000000000000000000000000000001110000000001000010000000000000000000000000000000000000000000000000000000000000000
000000000000000000000000000000000000000000000000000000001000000010000010000000000110000000000000110010000000000000000001001000000000000000000000000000000000000000000000000000101000000000000000000000000000000000000000000000000000000000000000
000000000101000000000000000000000000000000000000000000001000000010000010000000000000000000000000011100000010000000000011100000000000000000000000000000000000000000000000000000010000000000000000000000000000000000000000000000000000000000000000
000000000000000000000000000000000000000000000000000000000000000010000010000000000000000000000000001000000001001000000001100001010000000000000000000000000000000000000000000000000000000000000000000000000000000000000000000000000000000000000000
000000000000010000000000000000000000000000000000000011100011100000000000000000000000000000000000000000000000111000000000100010000000000000000000000000100000000000000000000000000000000000000000000000000000000000000000000101000000000000000000
000000000110011000000000000000000000000000000000000000000000000000111000000000000000000000000000000000000000101000000000010000010000000000000000000001010000000000000000000000000000000000000000000000000000000000000011001100000000000000000000
000000111100110000000000000000000000000000000000000000001000000000000000000000000000000000000000000000000000000000000000001111000000000000000000000010001000000000000000000000000000000000000000000000000000000000000110110001100000000000000000
000010110000000011000000000000000000000000000000000000001000000000000000000000000000000000000000000000001000110000000000000100000000000000000000000100010000000000000000000000000000000000000000000000000000000000000010100011100000000000000000
001111000101100011101110000000000000000000000000000000001000000000000000000000000000000010000000000000110000000000000000000000000000000000000000000100000000000000000000000000000000000000000000010000000000000000000001000010100000000000000000
011001100001110110010010000000000000000000000000000000000000000000000000000000000000000100100000000000000000110000000000000000000000000000000000000100000000000000000000000000000000000000000000111000000000000000000000000011000000000000000000
000000101000001001000110000000000000000000000000011100000000000000000000000000000000000100100000000000000010100000000000000000000000000000000000000000000110000000000000000000000000000000000001101000000000000000000000000000000000001100000000
110000011000100010001000000000000000000000000000001110000000000000000000000000000000000001000000000000000011000011100000000000000000000000000000000010000000000000000000000000000000010000000011100000000000000000000000000000000000001100000000
100000000011100001001000000000110000000000000000000000010000000000000000000000000000100000000000000000000000000010011000000000000000000000000000000001110000000000000000000000000001101000000011100000000000000000000000000000000000000000000000
100000000011000001101000000001001000000000000000000001101100000000000000000000000001010000000000000000000000000011000110000000000000000000110000000000000000000000000000000000000011001000000011011000000000000000000000000000000000000000000000
000000000010000000011000000000110000000000000000000000000010000000000000000000000001010000000000000000000000000000101101010000000000000000110000000000000000000000000000000000000011110000000000000000000000000000000000100000000000000000000000
000000000000000000000000000000000000000000000000000010000010000000000000000000000000100000000000000000000000000001111101011100000000000000000000000000000000000000000000000000000110110000000000000000000000000000000000100000000000000000000000
000000000000000000000000000000000000000000000000000010000010000000000111000000000000000000000000000000000011000000000101000100000000000000000000000000000000000000000000000000000000000000000000000000000000000000000000100000000000000000000000
000000000000000000000000000000000000000000000000000001101100000000000000000000000000000000000000000000000000001101000000111100000000000000000000000000000000000000000000000000000000000000000000000000000000000000000000000000000000000000000000
000000000000000000000000000000000000000000000000000010100001000000000000000000000000000000000000000000000000110000000000100010000000000000000000000000000000000000000000000000000000000000000000000000000000000000111000000000011000000000000000
000000000000000000000000000000000000000000000000000111000110100000000000000000000000000000000000000000000000010001100000010001000000000000000000000000000000000000000000000010000000000000000000000000000001000000110011000000011000000000000000
000000000000000000000000000000000000000111000000001001000000100000000000000000000000000000000000000000000000110110000001010010000000000000000000000000000001100000000000000101100000000000000000000000000011100001010001100000000000000000000000
000000001100000001000011000000000000000000000000001000010001000000000000000000000000000000000000000000000000000000100010000100000000000000000000000000011101100000000000000100000110000000000000000000000101000000000011000000000000000000000000
000000001100000001000100100000000000000000000000001010001010000000000000000000000000000000000001000001000000101000000100000000000000000000000011000001010101111000000000000010000111000000000110000000001100010010100110000000000000000000000000
000000000000000001000011000000000000000000000000000011001100000000000000000000000000000000000100100010100000010000111000000001100000000000000111000010100001000100000000000000000011000000001001000000001110001100011000000000000000000000000000
000000000000000000000000000000000000000000000000000000000110000000000000000000000000000000000100100001100000000000000000000010100000000000011000000100100001111000001100000001110110000000001010000000001110110100001000000000000000000000000000
000000000000000000000000000000000000000000000000000000000110000000011000000000000000000000001000010001010000000000000000000011000000000000011010000011000000010000001010000010000110000000000100000000011100111000000000000000000000000000000000
000000000000000000000000000000110000000000000000000000000010000000000000000000000000000000000110000001110000000000000000001100000000000000001010000000000000000000000100000100001000001000000000000000000001110000000000000000000000000000000000
000000000000000000000000000000111010000000000000000000001001000000000000000000000000000000000110000001110000000000000000010100011000000000000100000000000000000000000000000010110000010100000001110000000001100000000000000000110000000000011000
000000000000000000000000001111001011100000111000000000001111000000000000000000000000000000000000000000100000000000000000011000011000000000000000000000000000000000000000000000000000010100000010010000000000100000000000000010001000000000011000
000000000000000000000000001110000011100000000000000000000000000000000000000000001000000000000000000101000000000000000000000000000000000000000000000000000000000000000000000000000000001000000100000000000010110000000000000010001000000000000000
000000000000000000000000000000010001100000000000000000000000000000000001000000001000000000000000001101000000000000000000000000000000110000000110000000000000000000000000000000000000000000000010010000000000100000000000000010000110000000000000
000000000000000000000000000000000000000000000000000000000000000000110111110000000000000000010111100000000000000000000000000000000001001000001010000000000000000000000000000000000110000000110001110000000000000000000000000001100001000000000000
000000000000000000000000000000000000000000000000000000000000000000011111011000000000000000001111100000000000000000001100000000000001001000000000000000000000000000000000000000001001000001001000000000000000000000000000000000010001000000000000
000000000000000000000000000000000000000000000000000000000000000000101000110100011011000000001110000000000000000000010010000000000000110000000000000000000000000000000000000000000110000000110000000000000000000000000000000000010000000000000000
000000000000000000000000000000000000000000011000000000000000000000000000100110000000000000000000000000000000000000001100000000000000000000000000000000000000000000000000000000000000000000000000000000000000000011000000000000001110000000000010
000000000000000000000000000000000000000000100100000000000000000000000000010100000000000000000000000001000000000000000000000000000000000000010100001000000000000000000100100000000000001000000000000000000000000100100000000000000000000000000101
000000000000000000000000000000000000000000011000000000000000000000000110111000000000000001110000000001000000000000000000000000000000000000011100011000000000000000001000000000000000010100000000000000000000000011000000000000000000100000000101
000000000000000000000000000010000000000000000000000000000000000000000110000000000000000010011000110000000000000000000000000000000000111100001100010000000000000000001000011000000000010100000000001000001000000000000000000000000000100000000010
000000000000000000000000000101100000000000000000000000001100000000000100000000000000000001000100101000000000000000000000000000000001000101100000000000000000000000000111001000000000001000000000010100001000100000000000000000000000100000000000
000000000000000000000000010001100000000000000001100000010100000000000000000000000000000001111000001000000000000000000000000000000000001010000000000000000000000000000100100000000000000000000000010010010000110000000000000000000000000000000000
000110000000000000000000010101100000000000000001100000001000000000000000000000000000000000010000001000000000000000000000000000000010100000000000000000001110000000010010010000000000000000000000001100011110100000000000000000000000000000000000
001001000000000000000000110100000000000000000000000000000000000000000000000000000000000000000001010000000000000000000000000000000010100000000000100000011000100000000011101000000000000000000000000000001001000000000000000000000000000000000000
000110000000000000000000010100000000000000000000000000000000000000000000000000000000000000000000100000000000000000000000000000000011000000000001010011011100100000100000010000000000000000000000000000001000000000000000000000000000000000000000
000000000000000111000000001000010100000000000000000000000000000000000000000000000000001100000000000000000000000000000000000000000000000100000001010011000100100000001000000000000000000000000000000000011011000000000000000000000000000000000000
000000000000000000000000000000100000000000000000000000000000000000000000000000000000010010000000000000000000000001100000000000000000000100000000100010010011000011110000000000000000000000000000000000011010000000000000000000000000000000011000
000000000000010000000000000000000000000000000000000000000000000000000000000000000000001100000000000000000000000001100000000000000000000100000000000001001100000000001000000000000000000000000000000000001000000000000000000000000000000000011000
000000000000101000000000000000100100000000000000001000000000110000000000000000000000000000000000000000000000000000000000000000000000010100000000000000111100011000001000000000000000000000000000000000000000000000000000000000000000000000000000
000000000000101000000000000000010000000000000000010100000000110000000000000011100000000000000000000000000000000000000000000000110000011100000000110000000000100000000000111000000000000000000000000000000001100000000000000000000000000000000000
000000000000010000000000011100000000000000000000010100000000000000000000000000100000000000000000000000000000000011000000000000110000001000000000110000000001110110110000000000000000000000000000000000000001010000000000000000000000000000000000
000000000000000011000000001110000010000000000000001000000000000000000000000000010000000110000000000000000000000100110000000000000000000000000000000000000000101011000000000000000000000000000000000000000001110000000000000000000000000000000000
000000000000000011000000000001000101000000000000000000000000000000000000111000111000001110000000000000000000001000000000000000000000000000000000000000000000011100000000000000000000000000000000000000000000000000000000000000000000000000000000
000000000000000000000000000000000110000000000000000000000000000000000000000000001000001000000000000000000000001100001000000000000000000000000000000000000000000100000000000000000000000000000000000000000000000000000000000000000000000000000000
000000000000000000000000000111000000000000000000000000000000000000000000000110011000001100110000000000000110001011000110000000000000000000000000000000000000000101100000000000000000000000000000000000000000000000000000000000000000000000000000
000000000000000000000000000000000000000000000000000000000000000000000000000100001000001000010000000000000010001110011111100000000000000000000000000000000000000011000000000000000000000000000000000000000000000000000000000000000000000000000000
100000000000000000000000000000000000000000000000000000000000000000000000000110001011101000110000000000000010001100011000010000000000000000000000000000000000000001000000000000000000011000000000000000000000000000000000000000000000000000000011
000000000000000000000000000000000000000000000000000000000000000000000011000000000000000000000000000000000011000001110110010000000000000000000000000000000000000000000000000000000000011000000000000000000000000000000000000000000000000000000000
000000000000000000000000000000000000000000000000000000000000000000000011000001110010100111000000000000000000000001100010110000000000000100000000000000000000000000000000000000000000000000000000000000000000000000000000000000000000000000000000
000000000000000000000000000000000000000000000000000000000000000000000000000000000010100000000000000000000000000001110101000000000000001010000000000000000000000000000000000000000000000000000100000000000000000000000000100000000000000000000000
000000000000000000000000000000000000000000000000000000000000000000000000000000000000000000001110000000000000000000011000000000000000001010000000000000000000000000000000000000000000000001101011000000000000000000000011011000000000000000000000
000000000000000000000000000000000000000000000000000000000000000000000000000000000011100000000000000000000000001010011000000000000000000100000000000000000000000000000000000000000000000000000011000000000000000000111111000000000000000000000000
000000000000000000000000000000000000000000000000000001000000000000000000000000000000000000000000000000000000010010100100000000000000000000000000000000000000000000000000000000000000000001010011110000000000000011000000000100000000000000000000
000000000000000000000000000001100001100000000000000010100000000000000000000000000000000000000000000000000000000000100000000000000011000000011000000000000000000000000000000000000000000001000110100000000000000011111000000000000000000000000000
011000000000000000000000000010010001100000000000000010100000000000000000000000100000000000000000000000000000000000111000000000000100100000100100000000000000000000000000000000000000111000100001000000000000000100100000000000000000000000000000
011000000000000000000010000001100000000000000000000001000000000000000000000001001000000000000000000000000000001111110000000000000011000000011000000000000000000000000000000000000000110110111110000000000000000100100001010000000000000000000000