001011000000000011000100011001100101000011000000000000000000000000000011011000110000000101000000001101000011110001110011000000001000001001010000000000011100000100011000000000000000000100000000000000000000000001000001001000000000010000000010
000011000000000111000101000000100010000000000000000000000000001000100010000001000000000010100000001000100000110001100100100000000000000001100000000000101010000111010000000000000000000101000000000000000000000000000000000100000000000000000001
010000000000000111100000000001110111101000000000000000000000001000100000001001000000000011000000000110110000000000000011100000000110000001100000000010101010000010000010100000000000000100011100000000000010000000000001001000000000000000000000
000000000000000100000100000000111100010000000000000000000000000001001000000001000000000011000000000110110000000000000011000000000000011000000000000000000000000011001110100000000001000001110111100000010001000000000000011000011000000000000100
010000000000000000100011000000101000000000000000011011000000000001010000000001000000000010000000001111100000000011100000000000000000000000000000000010010000000000001000110000000001100000010010000000100010000000000010000000111001000001011111
010000000000000011000000000010010000000000000000011111000000000000100000000000011000000110100000001101000000000110110111100000110000000000000000000001100000000000000110001000000000010000001000000000100001000000000101000000001110100000100101
100000000000000000010000000100000000000000110000000011000000000000000000000000000000000010010001000111000100000001011111100000111000000000000010000000001000000000000001110000000001001000001000000000010000000000000011000000111111000001000000
001000001000000000011001000101000000000000001000011100000000000000011000000000000000000101001011100011000101110000001111100000000000000000000010000000000110000000000001001000000001001000000100000000010000000000011110000000001110000000110110
000000000000000000010101000011001000000010100100010000001110111111110100000000000000011001101100010100100001000000000000000000000000001100000000000000001100000000000001000001000001100000000110110000101000000000111000000000000000000000011000
000001011000000011000000000001001000000010000010000000011111111111000100000000000000010000001111000100111000000000000000000000000000001101011000000000000100000000111011100001000001100000000000001000101100000000111000000000000000000000011000
001000110000000100000000010000110000000010001100000100011000100000001000000010000000010001001100010000001110000011011000000000100000000000001101000000000001000001000101011111100000110000000010111000001100000000000000000000000000000000000001
110000111000000011000000101000000000001100000000001010000000101000000000000111111000001110011101100110001110000110011000000000100000100001100111000000000111000000100010000000000000000000010100000000011000000000000000000000110000000000001000
000000111000000000000000100100000000110110000000000000000001100001000000000000000000001110001000100100000001000001010000000000000001100000010001000000000110000000000000010000111110000000100000000000000000000000000001110000100000000000000110
000000111111101000000001101000000000100101000000000000000010101001000000000001110000000000000101010000000011000111000001100000000010000000001100000000000100000000010111001000110110000000010110000110011100000011000001000000011100001100010110
000000010111100100000000001000000000000000100000000001001000000111001101000110110001100000000000000000000010000111000001100000100111000011001101000000000000000000100001000000111000000000001110000110011100000011111000011100000110011001000100
000100000000001000001011001000101001000000100000000010110001001000001101000001000100010000000000000000000000000000011111000001010010100100100011000000000000010000110000100010000000000000000000000000000110000111000000011100000011000100000000
001101000010100000010100001001001001111100110000110010100101001011110000000000110000110000000000000010000000000000100010000001000100100000000000000000000000101000110000100010000000110000000000000000000111000011000010110100000011000000101000
001001000000001000010100110000000000000011010000110000100011000011000000000000010000010000000000000001000000000000110110000000111010010011111000000000000000100100000000111000000000001000000000000000010000100001000111100000000000000000010000
001100010001001000001000000000111000000000011100010000000000100000011100000000001010011000000100000010000000000000110000000000010000110000011000000000000000011000000000110000111000110001110000000000110001000000111100000001100000000000000000
000100100000001000000000000000000000000000001100011100100001100000000100000000001101010000100010000000000000000000001110000000000001100100000001100000000000110000000000000000100001110001000000000001100011000001000001111101101000000100000000
100100100000110000000000000000000000000000000000010010100000000000000000000000000111000000100001100000000000000000000110000000000000110110000001100000000001101011000000000000010100000000000000000110000000000011100000111110000000000100000011
000000000001000000000000011000000000000000000000010000100000000001001100110000000000100000000000111000000000000000000000000000000000110100000010001000001010101000010000000000000101100000100000000111000100000100100000000010101000001010000000
000000000000000000000000000000000000000001110000001001000000011001011000110000000011000000001011001000011000100000000000000000000000000000000110111000001000000000000000000000000011000001010000001001000000000111000000001110100000001100000000
000000000000000000000000000000000000011001101000000111000000011000100000000000000001000000010011100100101111111000000011000000000000001000000110001000110000100000001000000100000000000000100000001001001110000010000000010000110000011011000000
000000011000000000000000000000000000000101111000000100000000000000000001000010000000011011111011111000010000000000000100100000000000001001000000011010000010100000010000001010000000000000100000000001000011000000000000100000000000010001100000
000000011000000000000000000000000000000011000000000000000000000000000110100101000000110001001000011000000000000000000011100000000000001001000000000110000000010011000000001010000000000000000010000001000011110000000000011000000000000010100000
000000000000000000000000000000000000110001000100010001100000000000000110100100010000100000010000000000000000000000000000100000000000001010000000000110000000000000000000000000000000000000000111000101100000110000000000011110001000000010100000
000100000000000000000000000000000000001110001110100000100000000000000100100011010000011100010000000000000000000000100000000000000000000100000001001001000000000000000000000010000000100000001000110111000000000000000000001000100100000101000000
011000000000000011000000000000000000000000000000000000100000000000000001000001111000000000010000001000000000000001100000011100000000000000000000000001100000000000000000000111000001110000000111000110011100000000000000110100011000000001100000
001100000000000100100000000000000000000000001101010001000000011000000011100000010100000110100000010100000000001100000100000001010000000000000010010010010000000000001110000011000010000000000010000000010000000000000000100100000000000001100000
000000000000000011000000000000000000000110110100000000000000111000000001110000011100000001000000010100000000001001010110010001010000000000000001100001100000000001110000000100000001001100000000000000011000000000011100100000000000000001110100
000000000000000010000000000001000000000111101011000000000001101100000001110000000000000000000000001000000000001110000010011000010000000011100000000001000000000011000000000110000001001000000000000000000100000000010100101000000001110000101010
000000000011000000000000001111100010000010001110111000000010101110000000000000000000000000000000000000000000000000000000000010010000011101100000000001011101000000000010001001000000001000000000000000000000000000011100000000000001110001100001
000000000000000000000000011100100100100001101010011000000100010000100000000000000000011000000000000000000000000010001010000000010001000001000000000000111111000001101100000000100000101111000000000000000000000000000000000000000001110010000000
000000000000000111000000100010000100110101000010000100001000100010010001001111100000100000001101100000000000000000000100000010010010010000000000000001111100000011000000001000100000101111000000000000000000100000000000000000001011000011000100
000000000000000100000000011100000010110100011100000000001000100100010010000101110000110000000001100000000000000001100100000110101000000000000000000110000111110000000000001000100000100000000000000000000011011000000000000000000001010111000000
000001100000000111100000001100000000000000001000000000000000000111101110000111010000000000001100010000000000000000110100001100011100000010000000000100000110001000000000000111000000010000000000000000000110010000000000000000001000111100000000
000010010000000001101000000111000000000000000000000000001101111100011101010000110000000001000111110000000000000000110100001000000011101100000000110111111100010100000000000010011100000001000000000000000010000000000000000000000000000011100000
000001101000000000001101100001000000000000000000000000000100000000011000000000000000000000000010000100011000000000011100001000010000000000000000110010010000010100000000000000001100000100100000000000000000000000000000000000000100000011110110
000000000100000000000000000000010010110000000000000000000000100000110000000000000000000011000000110010100000000000010100000110110000000000000000000000010000110000110000000001000111000001000000000000010000000000000000000000000001000011111001
100000001100000000000000000111100011100000000000000000000001010000100000000000000011011101000010010001100000100000011100000000000000000000000000000000000000110000110000000010010011000000000000001110111101000000000000000000000000000000001000
000000001110000111000000000001110001000000001110000000000000100000000000000000000000000001001101011010100001100000010000000010000000000000000001000000111000011001100001000010100110000000000000100110100011010000000000000000000000000000000100
001000000001100000000000000000100000000000001111000000000000011000000000000000000011000110011011111101100000000000000000000111000000000000000010000000000000110000100001000001000011011000000000000000000000111000000000000000000000000100000100
000100000111100100000000001100000000000000010000110000000000110000100000000001010000111000001000010010000000000000000010001000100000000000000000001111000001000000100000000000000000000000000000000111000000111000000000000000000110110110000000
011000100000010001100000010010000000000000001111001000000000111000100000000000100000000100000000000100001100000000000010000010100000000000011100001111000000100000010000000000000000000000000000100001000000110000001000001100001100100100001001
101100000011110000100000001100001000000000001110100011000000001000010000000100000000001011001000100010110010000000000000010000010000000000100110000100000000011001110000000000000000000000000000000000000111110000111000001000000010000000001000
000100000000100000000000000000001000010000000000101010100000110000000000001010000000001001000101100001000010000000000000010100000011000000001001100100000000000010110000000000000000000000000000000001111100110001111110110100000001001000010011
001000011111100000000000000000100101101000000000000001000000000000000000000110000000000110000001000101100010000000000000000000010000000000110000101100000000000010110000000000000000000000000000010100010010110001001100000110000010001000111010
000110001000011000000111000000111001000011001100000000000000000000000000000000000000000001000011100001011100000000000010100010100110000000000000111011000000001000110000000000000000011011000000110010001110110000110000000110000000000000010011
000010000000111100000001000000110100000100001100000000000000000000000000010000000000000000000000000110000000000000000010100000000100000000000000001100000000011000011000000000000000010001000000010110000111010000011000000010000010010000011011
000000000000110110000000000000100101011000000100000001100000000000000000000100000000001100000000000000000000000000000010011111000000100000000001001000000001101001011000000000011111110000000000011010111010111000011000011000000000001100010000
000000000000001100000110000000010101011000000010000001100000011100000001000100000000001100000000000000000000000000000001011000000110010000000001010000000001101011011000000001100000000010000000011011000000010001110001001100000001101001011000
100000000000000010000010000000100100110110000010000011100000110111110010000010000000000000000000011000000000000000000001101100000110010000000000000000000000001001100000000011000000000000000000000000000000010111001000000000000000011111011000
110000000000011011000000000000110000110101000101111010000000100111110001010011000000000000000000011100000000000000000000011100011000001110000000000000000000101000000000000110100000000000011100000000000000011110011100001010000000000111111000
010000000101001001000001100000010100111000100111100001000000011000000001011010000000000000000000011000000100000000000000000110001100000011000000011011000000010000000000000011001100000100011100000000000000000000000110100010001000000000111000
000100000100001111000100010000001100000000010001100110000000000000000000000100000000000000001100110000001111000000000011100010000011100000100000100011000000000001110000000000000000000000000000000000000000000000000010000001010010000000101101
010010001101010110000110000000000000000010000010011100000000000000000000000000000000000000011100111000010011000000000010110000001100011000000001000001000000000000010000000000000010100000000011100100000000000001100010000100100010000000111001
000101110110000100000000010000000000000010100010000000000000000000000000000000100000000000110101000110001101000000000001101000011000000000000011101000000001110001010000111000000000000000000001111010000000000011110000110000100000000000000010
000100011110111000000001100011100000000000100100000000000000000000000000000001000000000000011000011110000110000000000000001000000000010000000010001110000000000000100001000000000000000000110111011010000000000010001000000000000011000000000010
000110101100010000000010100100011110000010001000000000000000000110000000000000001000000000001000100011000010000000000000010000000000111100000110010000000001100000011010000000001100000000111000000100000000000010001000000000000000000000000000
000110100011000000000001100100000000000000000000000000000000000000000000000001001000000000000100011111000000000011000000000000000001000001000110000010000000000000100100000100010010000000010011100000000000000010010000000011000000000001001011
111111100001000000000001101000011000010000100000000000011000000001110000000000001000000000000110010110010000001010000000000000000001110000100010100000000010000001110010001000001100000000000011110000000000000000000001011010000000010001000001
111111010000000000000000000101100000011000111000000000011001100000110000000000000000000000000010100001100000000100000001110000000000100111000001110001101001111101110111001100000000000000000001001000000011110110010000111111000000100000000000
000101100000000000000000000010000000000000111100000000000010000000000000000000000000000000000010100001100000000000000010110000000000000000000000111111001000001100000011000110000000000000000000011000000010010011101000000000000000000010011001
111000000000000000000000000000000010000000000010000000000001000000000000000000000000000000000010100000000000000000000000100111000000000000000000000000001000101000000001001011000000000000000000000000000001000000001000100000000000100000100011
001000000010000000000000000000000001101000000000000000000011000000000000000000000000000000000011000000000100000110000000010000000000000000000000000000000001111000000000110010000000000000000011000111000001001000011001011000000001100111010000
000100000000000011000000000000000000000000000000000110000000100000000000000000000000000000000000000000001100000100000000010000000000000000000000001100000000110000010000011010000000000000000111011001100000110000010001011111000010000001010000
011100001011000011000000000000000000000000000000001101100000000100000001100000000000000000000000000000001010001010011000000000000000000000000000001100001000011000010100000000000000000000001010000001100000000000000000111011000001010010010100
010101100110000000001000000000000000000000000000011011100011011100000001000000000000000000000000000000000000001010000100000001100000000000000000000000010100000000000010000000000000000000001000011000000000000011100000000001000001100110010101
000001101010000000011111100000000000000000000000011000001101010000000000000000000000000000000000000000000000111010000100000000100000000000000000000000011000000100010010000000000000000000000000000000000000000100100000000100010000000010011000
000001001100100000101010110000000000000000000000011111101110001110000000000000000000000000000011000000000000000000001100000000000000000000010011000000110000000011001001000000000000000000000000000000000000001000110000000110011100000000000000
000000111101000001100010000000000000000000000000011010111000000100000000000000000000000000000100100000000001010011111110001110000000011001101000000001100001000001001110000000111000001000000010000000000000000101011001100000001010000001000000
000000000010100000000100110000000000000001100000011001110000000110001110000000000001010000000011000000000101100011100101010010010000100100001100000000010010111110001000000000000000010100000110000101000000000011001001001100000100000000000000
110000000011100000001010100000000000000001100000000001110000001100001001000000000001000000000010100000000111100000001000010110011000000001001000000000011011100010000001000000000110010010000010000101000000000001000000111000000100000000000000
110000000010000000001000000000000000000000000001100000011010111001101000100000000001100000000000000000000010001000001001000100000000000100010000100000010000010000100000100101110001001100000000000111000000000010001000010000001100000000000000
000000000011100000001010000000000000000001000011000000101001010001101001000000000000000110010110100000011000001000000111011000000000001011000001010000010110011100110101101001001110000000000000000000000000000000000010000000000000000000000000
000000000000010100000110000000010000000000000110100000000011001011001000000000001111100000000111000000110000010100000000111000000000001001000001010000010100001000011000001110000010000000000001100000000011000000011010000000001000000000000000
000000000000010100000000000001101000000111000001000000000000000111001100000000000011100000000000000000010010000000000000000000000010000100000000000000110000000000001010000000000001000000000001100000000100100001000011000000011000000000000000
000000000000011100000000000001101100001000000000000000000000000000010000000000000011000000000100100000001110110110000000000000000101111100000000000000000000100000010010000000000010100000000000000000000011000000000000110000000100000000000000
100000000000000000000000000001011100001110000000000000000000000000000000000011000000000000000101101000000101110000000001111000000000011100000000000000000001111110010000100000000001000000000000000000000000001000010001110000101000000000000011
011000000000000000000001100001010000000100000000000000000000000000000000000011000000000000000110110110000000110011100001100101111001000001010000000000000000001001011011010000000000010000000000000000000000011000010000000000111000000000001101
100000000010000000000010010010000000110100000000000000000000000000000000000100000000010000001001010110000000000011010010000100000110011111000110000000000001100011001000011000000000010000001110000000000000001001100101100000001000000000001100
000000000100000000000010100001000000111000100000000000000000000000000001001100001100101000000111111010000000001000010001000000100000001011000010000000001111100011010001111100000001100001110100000000000000000011100101100000101000000000000000
000011000100000000000001000000000000000001010000000000000000000000000001000011110011100100000011100000000000001100100001000111110000000000110000000000000100100000000001011100000010010001010110000000101000000001100000000011001000000000000010
000011000000111000000000000000000000000011011001000000000000000000000000000010000010011000000000000000100000000000000001000011110111000000000001000000100011000010000110001100000011100000010100000001101100000100100000000000010000001000001110
000000100001101000000000000000000100110001000110100000010000000000000001010011010110000000000000011100111000000110000001110001100100000000000001000001010000000000110001010000110010110000111000000000001000000011000000000010001000111000000000
000011000010110000000000000000011100000000111000100001100100000000000111010000011000000000000000100000001001101110000011100001100111001100100010000000100000000011110001010001001111000011010000000000110000000000000000000001110000100111001100
000011000010110010000010000000011001000010010111000001001100000000010110000000000000000000000000101000100001101010000100100001110000001100100010100000000000000001000000110001000010000010000000000001110000000000000000000000100000100000001100
000000000001110110000101101101100001000001000000000000111100000000010100000000000000000000000000010000101000001101101101100101110000000000100000000000000000000011100000000110000001000001001000000000000000000110000000000000000000000000001010
000000000000000100000100001100000000000001000000000000010000000000010000000000000000000000000000000001001000001111011010001101100000000000000000000000000000000000000000000110110110000000100100000000000011101110000000000011100000000000011100
110000000000000000000100110011000000000011000000000011010000000000011100110000010000000000000000000000100000100111001000000100100001110000000000000000000000000000010000000110001000111100001100000000000100100001000000000100100000000000000101
101100000000000000000001100011001100000001100000000001000000000000011101100100101000000000000000000000000001100001101000000110100000000000010111111000000000000000000000000011110000100110000000000000000111000110000000001000000000100010001001
100010000000000001001010000001000010000001100000000000110010100000000001100101000100000010110010000000001010100001001100000000101000000000010000001110100000000000000000000001001101010111000000000000000110000110000000001000101000000000010000
001001000000000001101010000000111010000011100011100000000010110000000000000101000100000010000110000000001111101000011000000001100100000000000000001011000000000001000000000000001111011011000000000000001100000000000000001000000000100000000000
000110000000000000000100000000000011101100000000100000100010011000000000101001000000000000000110000000000001100000110000000000000010000000000000000001000000000011100000000000000011010001000000000000001110000000001000000111010000000100100000
000000000000000000010100000000000100000000000000100000101110111000000001100000001000000001000000000000011011000011000010000000010010000000000000000000000000000110100000000000000000110000000000000010001000000000010110000010110000110001100000
101100000000000000011000000011000011001000011010000000011011110000000010000101000000011000000000000000011011000001000011000000011011000001100000000000000000000000000000000000000000110110000000000111011000000000010110000010100000000000000001
100000000000000000000000000000000000110000011100110000000010010010000010111000010000010000000000000000000000001000000010000000000110000001100001100010000000000000010000000000000000001000000000000011001011100000000000000000100000000000000001
001000000010000000000000000000011000000000011000100000000001110100000001000111000000001000000000000000000000001100000111001100000000000000000011100010000000010000010000011100000000000000010000101100000000100000001010000111000000000000000000
100000000111000000000011000000101100000000100000101000000000000110000000000000100000000010000000000001000000010010000111000110000000000000000001110101000000101000000000000000000000000000111000100100000000100000001010011000000000000000000011
000000001100000000000111000001101000000000000000010000010001111110000000000111000000000111011000011110101000001010000111100010000000000000001000101110000000101000000000000000000000000000001000111000000000000110000000000000000001100010000100
100000011000000000001110000010101100000000000000010000000101000010000001000100000000000110000000111010110000001101000000100100000000000000001000001111000000000000000000000000000000000100010000000000000001100000000110010000000001010010000100
000000001101010000010100000000001100000000000000000000100000010011000010101000000011000000000001100101100000000100100000100100000000000000010000000110011100000000000000000000000000000100000000000000000001100000001010111110100001100011100100
100000001101001010000100000000000010000000000111000001000000001010000010011000000000000000000011000000000000000100100000010011101110000000010110011000000010000110000000000000000000010000010000000000000010100000001001010111000000101000110000
110111000010000011001000000000010000000000000000000011000000000010000001001000000000001000000011000000010000001101000000000010000000000000000000000000011010000110000011000000000000011110110000101000000000000000000000000100000000111000010110
110111000011101000001000000000001001000010000000000000000101010100000000111010101010000101100010000000000000111100001100000011111010000000000000000000001000100000000000000000000000000011000000100100000000000000000000000011000000011000010001
000011000100000001110000000000001000100100000000000000000000000000000000000101010011110111000000001110100000011000000010100000001110000000000000000000000100010000001000001110000000010010000000100010000000000000000000000100100011011000000000
000011001000010000100000000000000100101100000000000000000001100000000000110000011000111111000000001001101101110000000101000000000001000000000001000000000000010000110000011000000000011001000001100010000000000000000000000010110111011000000010
000000000100010001110000000000000111011100000000000000000000100000000100001110110000010000000010010100011100000000011000100000001101100000000001000000000000101000110000100000000000011111000001111110000000000000000000000001100011001100011100
000000001010000001100000000000000000011000111000000000000000100000001100000000000000000111010101000010000000100000011110100011101100000000000000011000000110001100010100000000000000001100000000100000000000000000000000000000000000000000011001
000000000000000011000000000000000000000000110000000000000001110000010010000000000010001111111101100100100000101100011111100001100101000000000000000000000000011000010000000000000000000000000000000000000000000000000000000000000000000100011001
000000000000000100001000000000001100000000100000000000000000001010001100000000000100110000011001100010100000000000000000001010110011000000000000000000000000000100010000000000000000000000000000000000000000000000000111110000000000000110000110
000000000000000000001010100010001100000000000000000000000001000111000000000001100101101110000000100100000000000000001111110001110000000000000000000000000000000100010000000000000001000000000000000000000000000000011000001000000000000011000100
000000000000001001100110100000011000000000000000000000000010000000000000000000110001000110001001101000000000011010000001100000111011000001000000000000000010100010100000000001000000110000000000000000000000000000010000011000000000100011000000
000000000000000000001011000000110000000000100000000000000011011001000000000001100000000000010000110000000000000111110011000000110111000011100000000000000111011001110011000011100000011000000000000000100000000000010011100000000001111110000000
000000000000010010000000111010000000000011110000000000000100000000000000000001101110111000000000000000000000000011111011000000010011001000100000000000011010010000010011100010100111100100000000000000110000000000000000000000000010000110000000
000000000000010011000000001010100000000100101000000000000011000000000100000001100000001000100000000000000000000011001010000000011100010000000000000000011000000001100100000100001010101000000000000001001000000000000111011000000100010000000000
000000000000001110000000000100000000001000010000000000000011000000001100000101101000000011100000000000000000001100000100011000000000001010000000001100011000110000000010000000001010100000000000000000001000000000000011001000000011010000000000
000000110110000000000000000000000000000000110000000000000001100000001000000001111110100001000000000010000000001001001100011000000000000110110000001100001001100000110010000000111000000000000000000000011100000000010000000000000001111000000000
000000100011000000000000000000000000000100100000000000000000001000000000000011101100000000000110000100000000001000000100000000000000000001100000000000000110000001111100000100010000000000000000000000001100000000100010000100000000001001000000
000000000000100000000000000000000000000001000000110000000000001000000000001111100000000010001001100000010111110000000000000000110000000000000000000000000100000001000000000100010000000000000000000000000000000000011010000100000000000111000000
100111100001101000000000001000000000000000000000110000000000000000000111001100000000000001111001100100010100100010001000000000100110000000000000000000000000000001000000000100100000000000000000000000000110000000000101000000000000000000000010
001100010000100110000000110100000000000000011000000000000001000000000000000000000000000101111011110000000000100001011000000000010000000000000001100000000000000000000000000001000000000000000000000000000110000000000000110000000000000000000000
000011010001111010000001100100000000001000011000000000000001000000000000000000000010000101001000010000110000000100011000000100010010000000000111010000000000000000000000000000000000000000000000000000000101000000001000011000000000000000000010
000101001000011111000001100000000000100000010000110000000001000000000000000000000101100101000110100000010001000000011000001010000100000000000000000000000011000000111000000000000000000001101000000000000011000000100001001000000000000000000000
100001001010110111000000011111100011101101100001001000000100000000000000000000000100000000000111100001101000000000011000001010000000000000010001000100000100000000111000000000000000000010000000000000000000000001000001110000000000000000000001
100000000101010110000000010000100000000001010000110000000100000000000000000000000011100000000001100001000111011000100100000100011110000000001111000110000111000000000010000000000111111011000100000000000000000000000010010000000000000001100001
011000100111011100000000001000000010000001100000011100000100000000000000000000000000000110011100000001000100010011011000000000011101111000011100110001100010000000001001000000110000011101000010000000000000000000010000000000000010000010010000
001100111001111000000000001101100010000001000000001010011100000000000000000000000000000000010001000010000001111001000000000000010100111000011011000101100000000000000011000001000001001010011100000000000000010100010000000000011111100010010000
000010101100000000111101000000100010000111000000011001011010000000001000111000000000000010001000000100010000000001011000000111010111110000000011000000111010011000000000000000000110000110000100000000000000110001100001100000001000100010000000
000000101000000001101000000100100001000001000001000001000000110100001001101000000010000000000110000010100000000000000000001001011011100000010000001100001011001000000000000000001000001100000000000110001100101100000001100000001100100000000000
000000000000000000000100001111010001010110000010000001000010101000001100100000000100000000000000010010011000000011001000001101111101100000001110001001001001001100000000000001110000001000000000000111001000000000000001100010000000010011100000
100000001000000000000001110001100000000000000110000000111000010000110100110000001011101100000000001010000000000001111000001101000011000000000000001001000110010001110000000000000000000000000000010000001000000000000000000000000100100001000000
110001010000000100000000000100100011000000001101100000000000001000110001000000011000000000000000000100000000000000000000000000010000000110000000001010000000100000100100000000110000000000000000000110100011000000000000000000000101000011001111
000000101000000110000000101110101000000000000100011000000000000100000110000000001100000011000000000000000000000001000011001000001000000101000000000000000100001110000100000000100000101100001100111000000001000000000000000000000110001010001110
110000011100000000000000000001100001000010001101000110001100000000100000000000000010000011111000000000000000000011000010111100000100000000000000000000000000000110000100000000000000000000001000010000010000000000000000000001010010111110010100
110000100000000011000100000000000010100001100111000010000001000001010100101101110111000000000100000000000000000000111011100000011000000000000000000000000011000000010000000000000000100100000100010000101100000000000000000010010010000000111000
100000001100000000000100000000011000010001100010000001000001100000000101001000010011110000100010000001100000000011100000010000000000000000000000000001000001011011100000000000000000100111010010000000011000000000000000000010010000001011100101
100000000000010110000000000000011000010010000000000000111100000000001100100010010110000000101100000001101100000001110000000000000000000000000000000011000001100000100000100000000000010011010000100000010000000000000000000000001110101010101101
000000000000010100000000000000011010000010010000000000000001100000000000100101101110000100000010000010000110000000110000000000011000010100000000000011100000000000111001010000000000010010010000000000000000000000110000000000001110001111001100
000000000000010100000010000011010000000000010001100010000000110100100000100011100000000000110010000011100101100000000000100000011000001000000000000000000010100000001010010000000000110101100000000000000000010000110000000000010000111011110000
000000000000001000000011000000011000001001000000010111100000010101111110000100010000001000001101000000000111100000000011000000000000011000000000000000000000010000111001100000001100011111100000000110000001000000000000000000011110001001110000
000000000000000000000000000100001010010000001011101000110000001100000000000100000000001000011101000000100001100000000000001110000000110000000000000000000100000000100000000000001100000000000000001001000000001100000000000000011100000000000011
000000000000000000110001000100000000110111100111011110001000001110000000000011101111010000011110000000100011110000000000000000000001010000000000000000000100100000000000000110000000000000000100000110000000100100000000000000000000010110110000
100000000000001101001010000000000000011000100000011011110000010010000000000000000001111100010000000000100010000111000000000000000001001000000000000000000000000000000000001100000000000000001110000000000000110000000000000000100000000010000010
110000000000110100001110000010000010000000010000001000100000010010000000000010000000001010000000011000110101101011100000000000000000101000001110000000000000000000000000000010000000000000011111000000011000000000000000000001100000000000001000
000000000000100001100000111000000000000110000000000000000000011000000000000010000111001010000000011000111000001111100000000000000000100100000000000000000000000000000000000000000000000000110000000000100100000101000000000011000000000001001000
000000000001101111000001000100011000000011000100000000000000000000000000000010000101000100000000000001100001110000001000000000000000101100000000000010000000000000000000000000000000000000110000000000011000110010000000011011000000000001000000
000000000000001010000111000010011000100000000011000010000000001110000110000000001101101000000000000001110001100000001000000000000000100010000000000001000000000000000000000000000000000000011000000000000000110000000000000011000000011000001000
001100000000001100000000000010001110000000000000110010100000010001000101100000000100111100000000000001110001000000001000000000000000100100000000000000000000000000000000000000000000000000000000000000000000000000000000010011000110000010000100
001100011000001101100000110100001101011000100000000000110000000001000001100000000011000100000000000001100000000000000000000100000000011100000001110110000000000000000000000001000111100000000000000000000000000000000000001101000110000000000100
000000100100000111100100100000000001011000100000000000000000000000000101100000000000000111000011000000000000000000000000000010000000000000000010000101000000000000000000000001000110000011100000000110000000000000000000000001100000000000000000
000000011000000000000101000100000011011000100000000000000000000000000110000000000000001110101000100000001100000010110000010001101000000000000010000101000000000000000000000001011010101100010000110110000000000000000000000011100000000011010000
000000000000000000001101101111111110010000000000000000000011000100000000000000000000000111011000010000011100000010001000010010010000000000000010001001110000000011000011100000001000101100110000000110000000000001110000000011100001000000011100
001100000000000000000100100000001100111000000000000000110100100000000000000000000000000000000010100010100001000010110110100000000000000000000001110001001000000100000101111000011000101000011000111000000000000010010000000011101011000000001100
001110000000000000000000011000000010100011000000000000010011001110000000000000000000000001000111010110101111000000000101110010000001000000000000000001001000000000001000111000110000111000000000000000000000000010000000000011001110000000000000
010110000000000000001010000011111111100001000001100001001100000101000000000000000000000000110100000110000000100000000001000110000010000000000000000000110000000000000110010000110011010000001000000000000000011001101000000011001100000000011000
001101000000000000000101111000001011010011100000100000110000000110000000000000000000000000001100110001001001000000001111011000000111100000000000000000000000000000000110011100000010010000000000000000000000001000100100000000000000000000011100
001110000000000000001110001000000010000011110001010001100000000000000000000000000000000000000011110110000000100000110100100000000011100000000000000000000000000000000110000000110010010000010000000000000000011000010100000000000100001000110100
000010000000000000000000110000000001010001111000100000000000000000000000101000000000000000000000010001110011100000110000000100000000000000000000000000000000001000000000000000100011100001110000000000000000000000001100000000011110001011100000
000000000001100000000001110000000000100000110000000011000000000000000000100010000000000000000011000000111101000000000000000000000100000000000000000001101100110110100000001011100011000001100000000000000000000000011000000000011111000010010000
011000000110100000000011100000000000000000110000001001000000000000100001000110000000000000000010000000001000000000000000011100000100000000000000000011100110111100110000000001000001111000000000000110000000000011111000000000000001000001100000
011000001000000000000010000000000000000001110000001001000000000001010000111010000000000000110011001011100100000000000000000000000110000000110000000010101000000100010000100100000000100000000001100001000000000110011000000000000000000000000000
000000001000010000000101000000000001100000000001011010000000001011001000011000011000000000111011000100001000000000000000000000001000000000000000000010000000000100100000000000000000000000000001100001000001000100000001000000000000000000000000
000000000011011000000010000000000100011011010011100100000000010000011000000000110100000000000100010100000000011000000110000000001000000000000000011011000000111000100000000000000000000110000000000111000011001100001101000000000000000001100000
000000000001000010000010000000000000000000100000001000000000110111001000000000111100100100001001000100000001100111100110000000000000000000000000010100000001000100000000000000000000000110000000000001000110100000001100000000000000000101000000
000001000000100000011000000110000100011000000011000101100000010101001000000000000111001100000100101000000001000010110000000000000011100000000000001000000001000100000000000000000000000000000001100100100110010000000000000000000000000010000000
000010100000100000011000000110000011100000001000001011010000011101101000000100000000001100001100010000000110000100000000000000000000000000000000000000000000000001000000000000000000000000000000001000100011010000100000000000000000000000000000
000110110000010000000100000000000000000000010001110001011000000000010000001000000100101101000000000000000110000000000000000000000010000000000111000000000000111000000000000000000001110000000000000000100100011110100000000000000000000000000000
000110000000000110111000000000000100000000010001000001101000000000000000011100000100100001110010000000000100000000000000000000000000010000001001100000000000000100001110000000000011101000000011000011110000000100100000100000000000000000000000
000111000000000001100100110000010000000000000000000000001100000100100000101000000011000000111100000000000001110000000000000000000000000000001000110000000001000100001110010000010101000100000000000110000000001101000000100000000000000110001110
000000000000010011100001001000010010000000000000000000010000000100100000110000000000000000000000000000000000000001110000000000000000100000000001011000000001000000000000101001110110111000000000000100000000001101000000000000000000000101100000
000000000000100001110000000010000000000000000000000000110000000110000011011000000000000000000000000000000000000001000000000000000100100000011111011100000100000000000000101000110000000000000000000100000000101000000000000000000000001100000000
000001000001000001110100000000000110000000000001000001000000010000000011000000000000000000000000000000000000000001100000000000100000100000000011111100000011101100000000011100000000000000000000000000000000110000000011100000000000001100010000
000110000000000111011011000000000100000000000011100000100100101000000101000000010000000000000000001000000000000000000010000000100011000010101001111100001111001000000000000000000000000000000001000001000000000000000010010000000000000000110000
000010000011100000000111110110111000000110000010100000001100010000000011100000100100000000110000010000000000001000001010000100000000000100101110000100000001101010000001000000000001000000000010100000000000000000000011100000000000001110110000
010010100011000000000000000010000000001101000111000000010000000000011001100001000100000001110000011010000000010000000000011100000000001000000010000110001101100010000111100000000001000000000000010000000000000000000000000000000000001100100000
011001100001010000000000000101100000000100100010100010010010000000000111100001000100000001111000001011000000000000001110001000000001011000001100011111001101000110001111110000000011000000000000100000010100000001000000000000001100000101000001
010000000011010010000000100100000000000111000011100101000000000000000000100000111100000000010100000110111000001011110011000111000001000000100000011101001100000101010000011000000000000000001000100001111100000101000000000000001100000010000100
100000000000110000000000010100001000000011000000001000101011000000000011000000110110100000100110100001001110000110101001001110110000000000000100000011011001011110111111110000000000000000011001000011000001000010001100000000000000000000001000
000000000000001010000000011111010000000000000000000101000110101100000010000100000110100000010001010001100000000001111011011001110000000000010010000000001010000100100000010000000000000000000011000101011000000001001110001100000000000000001001
000001000001100001000000000000000100000000000000000011100010001010000000000111000000111100001110010000110010000000000100010000110000000000010001000000000110000000000000010000000000000000000011111010010000000001100110000110111011000000001001
000110000001100001000000000000111100000000000000000100010001000010000000010000000000001100000000000000111100000000101000011000110000000000000111100000000000000101000000010000000000000000000000111010110100000000000110000000100001000000000110
000011000001000000100000000001011100000000000000001000010000111011000001110011000000000000000000000000000100000000000000111100100000000100010001100000000000000110000010010000000100000000000101101000011000000010100010000101111110000000000000
000000000000100010110000000000000000000001000000010000011000010001000000000000000000000000000000000000110100000001011000000100000000001000001011100000000000000100000001010000011100000000000110001000000000000001010011000010010001100000000000
000000000000111000110000000010100000000010100000001001101000000101000000000000000000000000000000000000010000000000110000011000010000001111111011100000000000000000000000100000010010000000000000000111000000000001011011000100011001010000000000
000000000000100010001000000000000000000010111100000111100100010010000000110000000000000000010100000011000000100000000000111110001000000100011110100011000011000000000000000000001101000000000000000100000000000000000110000010110110001000000000
000000000000111100001000011011100000000001111000000011011000111000000000001000000000000000010010000011000010100000000001101100111000000000011101000010011110000001100000000000000011000000000000011100000110000000000000000110100010010000011000
000000000000100000000000100101000000000000010000000001110001000000000001000000000000000000100010001110000001100000000010010100000000100000000000000001111110000010010000110000000010000010000000010010000110000000000000001110000100011000000100
000000000101001011010001000100000000000000000000000000100001101000110010001100000000101000010010000100000000000000000110100010000001010000000000000000101010000001100001001000000011000101000000010010001110000000111000001100000011001100000000
000000001000111101000000110100000000000001000000000000000000100000111000000110000000000100010001011100000000001000000110000100000001010000000000000000111001100000000000110000000011000010000000000000010000000000101000100100000000010010000000
000000001100000101100100010010000000000010110000000000000011111010100000010101100000101000001010000000000000011000000010000100000000100000000000000000110100000000000000000000000011000000000000000100010100001100110011011000000000001100000000
000000000101101110000000001010000000000110110000110000100101111001011110001100000000100000000000001100000000010000000010010110000000000000011000000000010000000000000000000000000010110000000110000000000001000010000001110000000000000100000100
000000000000100000000001001100000011100101100000001000100000000000111101000100000000000000000000011100001100000000011001110010000000000000010100000000010100000000010000000000000000001000001000001010001111000010000001100000000010000000000110
000000000000000000001001000000000000101010000000000000110100000101001001110100010000100000000000100111100010000000000000010010000000000000001100000000110100000000001000000000001110101000000110001010000011000110000011100000000011001001001011
000000100000000000000100000000000001111010000000010001001110000000000000010100000011000000000000010001000100000000000000011100000000000000000100000000100011000001101000011000001101101000000000001100000000000100000011100000000000101001000011
000001010000000000000000000000000000010010000010111110100110001000000111101011111110000101000000000001000000000000000000000100000000000000000000000000001001000001101100000100000000000000000000000010100010010000000001010000000000001011011010
000011001000000100000010000000000000001100001111010000011000001110001010001101101110001110010000000000000000000000000001100000000000000000000000000000001111000001101000001100000000001100000000000000100000000000000000000000000011010000001100
000100010000001111000110000000000000000000011000011000100000000010000000011000110000101011011000000000000000000000000000001000000000000000000000000000000000000000101010010101110000001000001110111010001000010010000000000000000000001000000000
000100000000010001101110000000000011000000101011111000100000000001100000011001010011011010001000000000000010000000000001010000101000000000000000000000000000000000011000110001110000000000001110111110000100100001100000000000000001110110000000
000000000000001100011110000000000011100000010101000110100000000000000010100000010000011111000000000000000111000000000000100000100100000000000000000000000000000000001100100011000000000000011111111101010100000000011000000000000001110010000000
000111000000000111011010100000000000001111000101000010100000000000000001110000000000000111000110000000000111000000000000000000101000000000000000000000011000000000000011000000000000000000111011000001010000000011110000000000000000001101000000
000100000000000011000100000000000101000110010100100000000000000000000000100000001110000001110010000000001000000001000000000000000000000001100000000000011000000000000000000100000011000000010100000000000000000000000000000000000000000000110000
000000000000000000011101000010001001111011111001100000000000000111010101000000001100000001000010000110001100000110100001110000000001100001100000000000000000000000000000001110000011100011110101111000000000000000100000000000000000001100011011
000000000000000000000000000100111000000000101000000000000000000010010001000001000100100001000100001001011001001000010010010000000010010000000000000000000000000111110000010010001011100000000000111100000000000000100000001000000000000000000000
000000000000000000001000000100101000000000000000000000000000000001101011000011000000000000110000000101011110000000100110100001000111100000000000000000000000001111100000010100010110111000000100010100000000001010000000011000000000000110000010
000000000000000000001000000000000000000000001100000000000000000000010110000111000000000000100000000111111000001000000000110001000101000000000000000000000000010010000100010000001000001000010100110000000000000000110000111000011100000010000110
001000000000000000000000000001010000000011010000000000000000010000000010000000000000000010001011100010000100000011010000000010100000000000000000000000000000010000000001010000111000000000010110110001100001100000101001101110010010000000000010
010100010000001100000000000000010000000001110000000000100000010101110110000000000000000010000000010001110100001010010000000000000000000000000000000000000000000001110000101100110000101101010000000011110111000001011100110111000111000000001100
000000101000000000000000000000000000000000100000000000010000000101001001000100000101010000011000000011111111100011100000010000000000000001110100000000000000000101100011011010011000001001000000001101001010010000000000011100000000100000001000
000101000000000000100000000000000000000000000000000001010000000101110010000100011100100000000101011110000101000101111101000011000000100000001100000000000000000010100000000000001110000001011000001000011001000000000000000000000001000000000001
000001000100000000000001000000000000000000000000000010000000000110111100000000000000010000000000100010000100010000101010000011100011100101011000001000001110000000110010100000000010001001100000000000001000000000100000000001000000000000000010
100011000010000111110001000000000000000000000011011100010000000100110000000000000011100000000001111100000100000001110000000011000101001100011000001100010001000000001110110111111100000000000000000000100011010101110000000000000000000000000010
000000010010000010000000100000000011000000000010010100000000000000000000000000000100001011100010001000000000010000010000000000000000000000010000000110011011000000001001011111111101000100000000000000101000000001101000000000000000000000000001
000011000110011011000000100000000000000000000001111011010000000000000000000010100100011101100000110000000110111110000001000000000000010100100000001010000000000000001110001000010111000011001100000000100011100001001000000000010100000000000000
000000000000000000100000110000000000000000000000000001011000000000000000000100010011111110000011000000001100111100000100100000000000000000000000001010000000000010000000000110101110000010101110000000001110000000000100000000000100000000000100
000000000000011011010000001000110000000000110000001011110000000000000000011010010000000000000100000001000010010000000000000010000000110000001110111100000000000110001110000000111000000000000100010111001010000000100110000000000000000000001010
000000001000010000110000000000110000001100101100000111000000000000000000011001101000000000001010000000100111110000000000100111000000110110011111010000000000000000010100000111000000001111000000011101100001000000000001100000001000000000001100
110000011100001010000000000000000000001100011000000100000000000000000000011100000000000000001110000000110001101000111000100110100000111000000001001000000000010000100100001011000000111110000001111110101010100000010000010000010100000000000000
110000111110001110000000000000000000001100000000000000000000000000000000000100000000000000001001000000000000001111000000000001100000000000100000001011101000001111000100000000000001000001000011100110100100100000000111100000100100000000000000
010000110000000000100000000000010000000000000001100000001000000000000100000000000000010000001001011001110000100001010010000000000000000000010101001010101001101101011100000100100010000000000100110000010011000011000010000000110000000000000000
000000000000000001111001000000010000000000000001100000100010000000001110000000000000101000000010000000001111110000100010000000000000000000001011101010101000101101010000000001100001100000000001110100100000000000000010000000110000000010001100
010100000000000010001000000000010000000000000000001110000001000000011010000000000000110000000001101000000001000001001100000000000000000000000001011110001000100001100000000001100000000000000000000011000000000100000010000000010100000001001100
000010000000000010100000000100000000000000000000000000100011000000110000000000110000000000000001000000011000000010100001110000000000000011000000011110001010000000000000000010100000000000000101000000000000000100000000000000001110000001000000
001010000000000010000001001000000000000000100100000000000010000000100100000011001000000000000000000111010010110011011000000100000000000011000001100010010111000000000000000010000000000000000101110100000000000010010100000000000000000110000000
000000000000000010000010000000010111011011111101000000001101010000011110000011011111100000110000010000111111101110101000000100000000000000001000110000000110111100000000100000001100110100000001010100000000000001100010000000000011001110000000
001000100000000001010000000011000100000111000010000000000011010000000000000000001011000001001000011100000111110001001000000010000000000000111000000010000001111100000011011000100000000100000011100100000000000000000100000000000001000111000000
010000010000000000000000000001010110000000000000100000000001100000001100000001010011000100110000001100101000000100001010100110000000000000011000000010010000100000000011000000111000000000000011000000000000000000100000000101001001001001100000
001101100000000000000110000000000001100100100001110000000000000000010110000001100010100100000000000110001000000100000000011010000010000000000000000001100000000000000110000011011000010110000001101000000000000000101000000101100100010000010000
000000000000000000000111100000000000001000000000101000000000000000110100000000010010000100000000000010011001000000010000110100000101000000000000000001011110000000010100100100111011110010111000100000000000000001001000000001101100000000110000
000000001010000010011000011011000000000100010000001100100110000000011000000000011000010000000000000010011110100000000101111010001000100000000011100000110010000000010100100100111011110000011100000000000000000010100000000001110000000000110000
000000000010000011100111011011000000000100010000000010101111100000000001100000000000010000000001100010000000000000000010010001001000100000000010100000011110000000001000110000011111110110011000000000000000000110011010010000010000000000000000
000000010000000110000100001010000000000000000000010010111010000000000101110000100010000000000010000001100000010000000000100000101000100000011011000000001000000000000000001000000010001110001011000000000001100010011000010000000001100000000000
000001100000001010011101101000000000000000000000010010000001010001100000010000010100001010000001100001100000011011000000100000100101000000001010000000000010000000000000110000000000000000001010001100000001100011011010010000000001100000000000
000111100000001000110100101100000000000000000111100100000001100010000001100000010110001010000000000000001111111100000000000000100010000000111010000000001110001101000000010100000000000000000100010010000000000001011001011000000010000000000000
000110000000001000100011011111111000000000001001110000000010010001000001000110010010000111000000000000000100011100000001001011000000001001110100100000000001111101000000011000000000101100000000010010000000000100010000001110010010010000000000
001000000000001000001000000111110100000000000000010000000110000001100101100000100100000001000000000000000000011100000001110000000000011110000100000000001101110000000000000000000000011001000000001100000000010000010000000111010010010000000000
000101000000001000000010000001010100000000001110000000000000000000001101010100110100000110000000000000000000001010100000000000000001000000100011000000011101011011001000000000000000001111000000000000000000000000000011000001000010001000000000
000001000000000101000101100100000101000000000000000000000000000000001111011101001000001011000000000000000000000111100000000000000010000101000000000000110000001111001000000000000000000100000000000000000001000100000011000000000000110100000010
001000000000000011000011111001100001000011000000000000000000000000000100100000110000001110100000000010000011000000010000000000001110000001010000000000110000000000000100000000000000000011000000000000000000010010100010100000000000111000000010