000010000000000001000001000111010001000011000000000000000000000000001110110010100000000001010000001101100000000000100111000000000000000011000000000000000000010001000000000000000000000010000000000000000000000011000001100000000000111000000000
000011000000000000001000000011100000000000000000000000000000000000101000011000000000010000010000011101100000000000110000110000000000000010000000000011100000000001000000000000000000000000010100000000000000000000000000000000000000000000000000
000010000000000000001000000000000000100000000000000000000000000011010000001100000000001011100000001000000000000000100000000000000000000001100000000000000000000011000000100000000000000000001000000000000000000000000000000000000000000000000000
000000000000000111000101000001100001100000000000000000000000000011011000000000000000001000000000000000000000000100001010001000000000000000000000000100000000000000011000010000000001100000001001000000000011000000000000000000000000000000000000
100000000000000010000010000000110001100000000000000000000000000011000000000000000000000000000000000000000000000100000100001000000000000000000000000010100000000000001010101000000010010000110111000000110111000000000000000000000000000000100010
000000000000000000000000000001000000000000000000000001100000000100000000000000000000000111100011000000000000000100100001001000000000000000000000000001100000000000001011001000000011011000001110000001010000000000000011100000000000000011001001
010000000000000000000000000000100000000001001000010000100000001001001000000000000000011100101100110000000000000000000000000000010000000000000000000000100000000000000101001100000010000000000000000011100000000000000000100000000000000001000101
100000000000000001011000000001100000000000000100110001000000010000010000000000000000011100010110101111100000110000000010010000010000000100000000000000000100000000001001001000000100100000000000000001101100000000000011100000000000000001111111
000000101000000001100000000000100000000000000000010110000000001010001000000000000000101000000001101100000110000001111000100000000000001000000000000000001010000000111100000000000000000000000010000000001100000000000000000000000000000000100100
000000101000000011100000000000010000000100000010000000000000000100000000000000000000110000000000011000000110000100001111000000000000000011001100000000000011000001101101110000000010010000000010011000011100000000111000000000000000000000111000
000000000000000000000000011111100000001011000100000000000000000000000000000000000000110000100000100000000100000100000100000000000000000000010111100000001001100000010010010001000000010000000000000100001100000000000000000000000000000000010000
000001100000000000000000101000100000011000000000000000000001100000000000001110011000010000100000000001100000000100100000000000000001100000001000010000001101100000000011110010100110100000011100011000010010000000000001100000110000000000001110
000000100001100000000001100100000000100111000000000000000011100000000000000101101000001110100000111110000010100010000000000000000010010000000010100000001001100000001101010011011000000000101111001100000110000000000010010000100110001100001110
000000000000001000000000110000000000001011000000000000000011000011110000000111100000001110000000001100000010100010000101000000000011100011100010100000000110000000000000000000010010000000100001000110001100000000010001010000010000111100000010
000100000001001000000001000000000000000111100000000000010111000010001100000100011000000000000000001000000001000010001101000000011000010011011001000000000000000000000000000000000100000000011011000110000100000000101000111100010000000000001110
001010000000101000000000100000010000000000000000000000011011110010000100000010000111001000000000000000000000000110000100000001111011111100101001000000000000010000000000111010000100000000000100000000011010000000000100000100000000100000001100
011010000000111000010111110000101011100000111000000000000111110000011100000000000011101000000000000000000000000010101110000011000110010110100001000000000000001100000011110110001000000000000000000000011010100011001100010000000001100000000000
011010000000010000010110110001000100101101011000110000000111010101110100000000000001000000000000000000000000000001110110000001100101110100001000000000000000000000000000111001000000101001100000000000001000110011111100111111100000000000000000
011010110000001000001100000000101000001110000000001101000010011010001110000000000001001000000001000000000000000001000100000000100010001000110000100000000000000010000000001001000000100110010000000001001110110000001001110101000000000000000000
010000110001100000000000000000010000001110010000110000110001100000000010000000000011000000000001100000000000000000101100000000000000010000100011010000000000000000000000000000100111000001100000000110000100100110001110000000100000000100000001
000000000001000000000000000000000000000000110000110100110000000000000110000000001101011000000100101000000000000000011000000000000000110000000100000000000100010010000000000000010010010001100000001001010111000111011100000001110000001011000001
000000000001110000000000000000000000000000110000000100010000000000000110100000000000110000000111010100000000000000000000000000000001000110000101000100001011110110000000000000010000010000100000001000010100000000110000000011110000001011000001
000000000000000000000000000000000000000000101000000010100000011001011100000000001110000000000001010000010000000000000000000000000000100110000100010010010001011000000000000000001111100001010000000000100001001101100000000010000000000000100000
000000000000000000000000000000000000001100100100000100100000011000101100010000000000000001000011000010100100110000000011100000000000100000000010000010011101000000000000000000000011000001010000000000001100101101100000011111110000010011000000
000000011000000000000000000000000000010010000100000111000000000000001000000000000000010010000011001110011011100000000010010000000000001101000010000000110001010000000000001110000000000000100000000000000101000010000000011001110000010000110000
000000011000000000000000000000000000010110001100000111100000000000001000000110000000001000000100000000011111100000000000001000000000010000000001011100000001100000000000001110000000000000000101110000000000000000000000011000000000000010110000
000000000000000000000000000000000000110110000000000000110000000000001100000000000000101100000000000000000111000000000001001000000000001001000000000101100000000000000000000110000000100000001100110011110000000000000000110000000000000110110000
000000000000000000000000000000000000001011000000000000001000000000000001000100100000010010000000000000000000000000100000100000000000001110000000000010000000000000000000001100000001100000011100000011011000000000000000011000000000000000000000
010000000000000011000000000000000000000110010010000000110000000000000000000011000000001110000000001000000000001100000100000100000000000000000000001110000000000000000000001110000011000000001100110001101100000000000000001100000000000000000000
010100000000000100100000000000000000000000100010000000100000000000000000000000000000000101010000010100000000001101011111110110000000000010000001101110011000000000001110001100000110000000000101110000100110000000011000001100000000000000000000
011000000000001101100000000000000000000000100010000000000000000000000000000000001100000000000000010100000000010000010001100100001000000101000001100000011000000000000110001100000011101000000000000000110100000000100000000000000001110000000100
000000000000000101100000000001110001000000110000000000000001000000000001110000000000000000000000001000000000001111000000111000000100000000100000000011110000000110000000011000000001010100000000000000010100000000100001000000000001001001100010
000000000000000001000000010000010010100011000100001100000111000010000000010010000000000000000000000000000000000010000000000000001110010000100000000010100000001110000000000000000000110100000000000000000000000000100001000000000001000001001100
000000000000000000000000101001001100100000011010001100001000001000010000011011000000010000000011100000000000000000001000000000001100001111100000000100100000000111110000000000110000000001000000000000000000110000011100000000000011000110000000
000000000000001000000001001000000100000010001111000000001001001000010000001010010000101000000000000000000000000001010000000100000100001101000000000100000000100011100000000000011001000001000000000000000000110000000000000000000101011000100000
000000000000000000010000000010000011100001111111000000001000011100010011001001111000110000001000000000000000000001010000001000000000000000000000000110000010110001000000000000011001101010000000000000000000101000000000000000000000000000000000
000001000000000010001000110110000000100000110100000000000000000100010011000100001000000000001000010000000000000001100011001000000001000000000000001100111001001000000000000000000000001100000000000000001010010000000000000000000100010000000000
000010100000000001100100001000100000000000001000000000011001000000100000000100010000000000001000100000000000000000000011000000000001100000000000010001010000011000000000000100010000000010000000000000000100010000000000000000000001111100000010
000000000000000000010100000100000000100000000000000000001000000000110000000000010000000000000110001100000000000000001111000000000000000000000000100001110000000000000000000000010000000011100000000000111100000000000000000000000000001110000111
000000001100000000001000000011100011110000000000000000000000110000100000000000000000011000001000101000110000000000101100000000000000000000000000011101100000000000000000000000111000000000000000000111110000100000000000000000000000000111111001
000000001110000000000000000000100100010000000001000000000001001000110000000000000000111000001111000010110001100001000000011000000000000000000000001100000000000000000000000000000000000000000000000110101001010000000000000000000000000100000000
000000001001000000000000000000011100100000011111100000000000101000000000000000000000110000001000011010010001100000101000001100000000000000000000000111111000010001110000000001110101000000000000000011000000010000000000000000000011111101010100
010000000110110000000000000100010011100000100000010000000000111000000000000000000001100000010010100011101000000000010000000000110000000000000000000101000000010001010000000001110001000000000000000111000011100000000000000000001000111000101000
001000000110101000000000001110110000000000100101001000000000111000000000000000000000000000011000000110011000000000000000000001010000000000000000000100000000101011001000000000000111000000000000000101000100100000000000000000001000010111000001
001000000001000001100000010000000000000000100100001010000000011000000000000000000000000000111000001110001000000000000000000001010000000000000000000000000000001011000100000000000000000000000000000001000001000000000000000000001000001110010001
001000000000101001100000001100011100000000011001101111000000000000000000000100000000010000000010100110000010000000000000000001110000000000010000000000000000100001000000000000000000000000000000000011010000001111000000000000001110001100010000
111110000001110000000000000000100100000000001001000100100000000000000000001010000000001111100000000110000011100000000000000000000000000000010010000110000000001111000100000000000000000000000000011000000010010000100000000000000010001000100011
101011111111000000000011000001000000000000001110000011000000000000000000000110000000001101100010100011000000000000000000000000001100000000010010000000000000001100001000000000000000000010000000101000110100010000100000000000000000000000110010
001001000011000000000000100000000110000000001000000000000000000000000000000000000000001101000010100011001000000000000010000000001110000000001111111010000000000000000000000000000000001001000001101000011000001000000000001100000000001000100010
000110000000001110000100100010000001110110000110000000000000000000000000000000000000000000000010100000001000000000000010000000000001100000000001101000000000110011000000000000000000001001000000100001001100000000000000001000000000110100000010
000000000000110001000001100010000000000010000000000000000000101000000000000000000000000010000001000000001000000000000100000000000001100000000000001000000001010111100000000000000000010110000000010011011000000000000000000100000000100000110110
000000000000100001000101100010000100000001000001000110010001001000000001111000000000001100000000000000000000000000000011000000000000101000000001101100000010101000011000000010000110100000000000001001110000101100000000000000000001001100000000
000000000000100000100001100011000000000001000001011110110001000011010010110000000000000000000000000100000000000000000011100000000000100100000000000000000001101011000000001101000110000000001000000001100000000100000010000100000000010000000000
100000000000101000100100100001111000000000001010000110110001100000010000110000000000000000000000000100000000000000000000000000011000000100000000000111000001101110001000001001000110000000010000000000000000100100000101101100000000000000000001
110001000000001010110100100000100010000100001011010001100000000000000000011111000000000000000000001010010100000000000000010010011000011110100000110101000000000000111000001001000000000000010000000000000000011000000000000110000000000000000100
100001100000000010100101100000011110111000001000000011000000010000100000011110000000000000011000001100000010000000000000010000011000011001000000110100100000000000101000000111000000000000011000000000000000000000000111000110011100000000110000
010001010000011101101100100000100100000000000000100000000000000110000000001100000000000001000101001100100011100000000010100010000000000000000000110100100000000000000000110000000000000000001101100000000000000000010000000000101100000000100000
110001010000111110000000011000001000000000001000100000000000000000000000000000000000000001000100010000000110000000000010110000011000000000000000000100000000000000000011001000000000000000001101000010000000000001101000000000010000000000100011
000111100000100000000000110110000100000000001001000000000000000000000000000000000000000001001000010000011001100000000001100000000000000000000000100111000000000001100011010000000000000000000100001010000000000010000100000000000000000000010000
001110010000100000000000010000000000000000000100000000000000000011100000000000000000000000110000110000000110000010000000000000000000000000000000001000000000000000000010100000001100000000010001000100000000000011001000000000000000000000000001
001000100100110000000010011000000000000000000000000000000000000011100000000000011100000000011000000000000000000001000000000000000001011000000001111000000000001100010000000000010010000000100110000100000000000000010000000110000000000000000000
000000000100110000000001010000000000011000000000000000000100000001100000000000000000000000000000000000000000000001000000110000000011011011000000001010000000001100000110001000001100000000010101001000000000000011000000000101000000000000000001
110000000000000000000001011000000000011001110000000000010001000000000000000000000000000000000000000000000000000000000001110000000011010000100001111010000100000000000111110000000000000000000001001000000110000001111000110001000000000000000100
011100000000000000000000000000000000000001000110000000001000000000000000000000000000000000000000010000000000000000000001001100000000100011000001010000001110100010000000000001000000000000000000110000000110000000011101000000000000000001110011
011111000000000000000000000000000000000000100010000000000010000000000000000000000000000000000011100000000000000000000010001000000000000000000000111000000101100001100011011000000000000000000001110000000110000000001100001011000001100011000000
000001000010000000000000000000000000000000011100001001000000000000000000000000000000000000000011100000011100000100000001001100000000000000000000010100000010000000000001000011000000000000000001110000000001111000000100000000000010110101000010
000110000001000010100000000000000000000000000000001001100000110000000000000000000000000000000010000000010000011011000000110000000000000000000000010010000011001000000000100100000000000000000100000000000000110000000010000001000110101110000010
001100000010000010100011000000000000000000000000001000000000110000000001100000000000000000000000000000001000011000000100000000000000000000000000001100000000100000011000000100000000000000001000110000000000000000000001000000100110101100010011
000110011001000000110111100000000000000000000000000001000100010110000001100000000000000000000000000000000000001011001010000010100000000000000000000000011100000010001000100000000000000000000100000000000000000101000000100011110110101100010001
000010000010000000001000010000000000000000000000100001101100110001000000000000000000000000000000000000000000010000001010000100000000000000000000000000000000010001000011100000000000000000000010000000000000001101100000010000011001000000001110
000000000100100001000011110000000000000000000001110001000000001011000100000000000000000000000011000000000000011011000000010000100000001000010000000000010000111111000001100000000000000000000000000000000000011011100000101011010000000000001000
000001000011110001000011110000000000000000000001101011000000000010001110000000000000000000000100000000000010101000000000010000010000010101100000000000000001110000000011000000100000011000000010000000000000001101011111101010111000000000000000
000000100000010000000010000000000000000001100000011000000000000000011011000000000000000000000110000000001001000011010000010000001000000000000100000000000010100000011101000000100100000100001101100000000000000011011100001010000000000000000000
110000010000010000000001100000000000000010010001110100000000000011110000100000000010100000000010000000001011111000110001011011001000011000000100000000000000000000110000100000010111000010000010001101100000000000110001000100000000000000000000
110000000100100000100011100000000000000010010011110000001100000101100001100000000000100000000000000000000010100000010001010101110000001100000000000000000111110000001000100000000000001100000000001000100000000000000001001000000000000000000000
000000000110100000010000000000010000000010100100010000001100010000000001000000000010100000000000000000001100000000001011000100000000011100000000000000000111110110000001010000011100101000000000000111000000000000000000111000000000000000000000
000000000010011100001111000001001000000100100101100000000000110000100000000000000010100000000000000001001111001110000000100000000001000011000000000000010000010000000011000110010001110000000001100000000011000000000100000000000000000000000000
000000000000000010000000000001000000000101000011000000000000001000001100000000000000000000001100110000111100000110000000001000000001110111100000000000111100001100011000000110000100110000000001100000000100010000001110000000000000000000000000
100000000000110010000000000010001100010001000000000000000000000100111100000000000000000000011011000100001010010110000000010100100000001001000000000000110100000100000001010000000000100000000000000000000010001000001101011000000110000000000001
100000000000011100000000000110000000000010000000000000000000000001000000000111000000000000011001000010001110011101000001000001100000010000000000000000000010010101110000001000000000000000000000000000000000001000000001011000000111000000000111
001000000000000000000001101111000000100000000000000000000000000000000000000101001000000000011000110001000001001010000110100011000000100001000000000000000011010000000000001000000001001000110110000000000000101111010000010001100111000000001000
110000000000000000000010010011000000100001100000000000000000000000000000001110101100010000011100000101000000110010001111010001100010000010000110000000001110110100110000001000000011000000110110000000000000010010100000010010000000000000011001
100000000001100000000010100001000000100001100000000000000000000000000000000000001010101000001100001000000000000001100100001101111010111000000110000000000000000111000000010000000001011000101000000000000000000100001011100001100000000000000011
000011000001110000000001000000000000010000010000000000000000000000000000001100000110100100000101001100000000100111100110011011011011000000000000000000100011111010100000100000000001111000001010000001000100000000000000000000000000000000000000
000010110010001100000000000000000100001110000001000000100000000000000001000110000110101000000000101010100000000010000110011000010010000000000000000000000011100011110010000000011010000000100000000010100100000001010000000000001100111100000001
000000110000001100000000000000000110000000000001100001010000000000000010100010000010111000000001101100100000101011000111000000001010000100000011000001010000000001011001000000100000000010100010000100101100000001100000000000011011001011001000
000010110011001000000001000000010001000000010110100011000100000000000000000000001110000000000001101010010001001110000100100000011000001010000011000000100000000000100001000011001000000110000000000000011000000000000000000000000001100011011011
000011000011010000000111111111011011000000110000100011011100000000111001100000001100000000000000110001010000010000001101101000000000001010110000000000000000000001011000000011000100000010010000000011010110000000000000000000000000000111001011
100000000010001111001001111000000010000000110001000000001100000000111011000000000000000000000000000010000001001000000100000110000000000101000000000000000000000110110000001101000000000010110000000000100011000110000000000111000000000000000010
010000000001001110010010001010000000000001100010000010100000000001011100110000010000000000000000000001100000111000001101001101100000100000000011000000000000000001000000001100011000000110001100000000000111001001100000000110110000000000001101
011000000000011100011000000010000000000000000000000010000000000000100001110000011000000000000000000000000000101100010100001000110000100000000011010000000000000000000000000110001000000001001100000000000101001100100000001101110000000000010001
000000000000000000000000010110010000000000000000000000000000100000010001110000000100000000000000000000000000000000010010001000110000100000000110011000000000000000000000000010000110000110000000000000000010000101100000011000010000000000001101
000000000000000000000011000010000110000000000001100000001011110000001100000000011100000000000110000000000000000000100010000111011100000000000000001010000000000011100000000010001111000010000000000000000000001110000000111000100000000000000110
001001000000000000000011000001000000100000000001010000011000010000000010000000011000000000001001000000011000000011000000000010001110000000000000001110000000000010010000000001110000000011000000000000000000000000000000001000010000000000000000
011101000000000000000000000001000011101010000000000000100001000000000000000100000000000000000110000000110000000011000010000000111000000000000000000010000000000100010000000000000000000100100000000111000000000000000100000010011000000001100000
111011000000000000001110000000001000100000000000100000001110000000000111001000000000000000000000000000100100000010000001000000000011000000000000000000000000000111100000000000000000001000000000001001000111000000001011000011000000000001100000
101100000000000000001100000000000010000000000000000000000001000000000111001110000000011000000000000000011100000000001101000000011000100001100000000000000000000010000000000000000000010001000000001000001000100000000011000110010000000000000001
011000000111000000000000000000000001000000110000000000011000100000000011001001100000011000000000000000001000000000000010000100001001000001100010000011000000000000000000001000000000010010010000110001110000010000000111000001110000000000000011
111000001001000000000000000001100010000000110000000000000000100000000001100001110000000000000000000101000000110011000000011011000001000000000111000011000000000000000000001000000000011101101100110100111100011000000000000011100000000000000000
110000010001000000000000000001000110000000000000000000000110010000000000110000100000000011100000000001000000101000000000101000000000000000000110000011000000000000000000001000000000000001101111010110010010010000000000000011000000000000000111
000000011100000000000000000000010000000000000000110000000110110000000000001111000000000000100000000111000000101011000000101000100000000000000001100000000000000000000000000000000000000000000011001100000011010000000000000000000001000110000000
000000000000000000000000000000101000000000000000110000000001110011000001111001000000000001000000000100010000000010000010010001100000000000011000010000001100000000000000000000000000000000000000111000000001010000000100111000000001000111100000
100000000000000010000000000000100100000000000010000001000000000100000010101100000000000000000000000100001000011100000000100011100000000000010100011000010010000000000000000000000000000000000000010000000000000000000100101000000000001001100100
100111000000100010001100000000100100000000000010000010100000000111000010110100000000000000000000000100010000000101100000100010101110000000001000000000010010000110000000000000000000111111000000000000000000000000000100000000000000000111100011
110110100010000010010010000000100010011000000010000000000000000000000001000011100010000000000000001001000000000011100000000010011011000000000000000000100100000110000000000000000000111110000000000000000000000000000000001111100001010010001000
110010011000000001100100000000010100000010000000000000000001000000000001111110101101000001000000001011000000000110000100000110001010000000000000000000010100010100000000001000000001000000100001010010000000000000000000001101010001001010001111
100000011001100001110000000000001111000010000000000000000011100000000000100000110001000001000000010011000010011100011001000011000001000000000000000000000001100000000000000110000000100001000001100001000000000000000000000010110000010010001001
100000010001100000010000000000000001000010000000000000000010010000000000110101000010000000100000010100000001111100000001000011001100000000000000000000000000011100111000100100000000100001000000100011100000000000000000000010001011010000011101
000000001111000000100000000000000100010000010000000000000011010000000100000111100100000000000100000000000000100000000111000000001000000000000000000000000000001110011000011000000000001000000000000011000000000000000000000001110010010000100000
000000000100000011000000000000001110000000101000000000000011001000011011001110111000010000001110000000001110000000000111101000000100000000000000000000000000001100110000000000000000000000000000000000000000000000000000000001110001110001000001
100000000000000010000000000000000110000001001000000000000011011000010010000000101000100100000000000000001100000000101001000000010110000000000000000000000000001010010000000000000000000000000000000000000000000000000000100000000000000001100001
000000000000000010001000000000001100000000110000000000000011001001101100000000100100011000000000000000000000000000101000100010001100000000000000000000000000011100010000000000000000000000000000000000000000000000000000011000000000000000001001
000000000000000001000100000000011100000000000000000000000001100110110000000000100100000100001001001000000000000000011100010000000010000001000000000000000000011100001000000001000001110000000000000000000000000000101000011000000000000000001110
000000000000000000001000000000001000000000000000000000000110001000000000000000000100000000000101011000000000000000001110000000000000000010110000000000000000000001000000000001000010101100000000000000000000000000110010000000000000001100000000
000000000000000010000001011000001100000010000000000000000001111000000000000000000000000000000001001000000000000000010110000000000110110010110000000000001000000000110101000110000100101100000000000000100000000000000010000000000000010000000000
000000000000000110010001101100110000000101000000000000001111110000000000000000001100001000000001110000000000000000001011000000010000000000000000000000000000000001010101000001000100000000000000000011010000000000000101000000000000011100000000
000000000000001000100001100001000000000101000000000000000101000000001100000000001110001111100000000000000000001000011011110000000000000000000000000000010000000000110001000001000011110000000000000001110000000000001110000000000000011000000000
000000000010010010000000000110000000000010000000000000000000100000010010000000000110001010110000000000000000111000000010101000010011010101100000001100011000000011100110000000011000100000000000000000110000000000000100100000000111010000000000
000000000010001110000000000000000000000000111000000000000000010000001110000000000000000110101111000000000000100100011001101000000000000011010000001100110000000011010010000000111100000000000000000000011000000000001100000000000011000000000000
000000001010001000000000000000000000000001010000000000000001100000001100000000000000000001001000000000000010110000011010000000000000000011010000000000011000000000000010000101000100000000000000000000010100000000000000100000000001011010000000
000101000000010000000000000000000000000000100000110000000000000000000100000000000000000000001101100000000100110000010100000000100000000011100000000000000000000011000100000100001000000000000000000000011011000000011000000000000000000101100000
011001110011010000000000011000000000000000000000110000000000000000000010000000000000000000000010111000010110100000110100000001010000000000000001000000000000000001111000000110110000000000000000000000011011000000001101010000000000000101000000
011100111011010000000000100100000000000000000000000000000011000000000010000000000000000000000000011000111000000000110010000000000000000000000011000000000000000000000000000000000000000000000000000000001000000000001101001100000000000010000000
110000001011100000000000011000000000000111101000000000000101000000000000000000000011000000001100100001100000000000010000000100000000000000000110100000000000000000011000000000000000000000000000000000000100100000000100100000000000000000000000
100000000010000000000000000101100001000001011000110000000100000000000000000000000101100000001100111000000000000000100001001010000000000000000011000000000000000000011000000000000001100011000000000000000011100000000010000000000000000000000010
010110000111000000000000101001110010000001111001000100000001000000000000000000000101100000000011000000000001101000010000001010000000110000000000000000001110000000011000000000000010010010000000000000000000000000000100000000000000000000000010
011100011100000000000000100000111000001100000001110010000001100000000000000000000100100000010000011000000100011100100010000100000110010000000011000000000000000000001000000000000110110010100000000000000000000000000011011000000000000000000010
111101000101000010111000000000000001000000000000000110100001000000000000000000000011000000010000110000000111000000111000000110110011010000000100001000100001100000001101000000000010000010110100000000000000110000000000000000011000101100100001
000000000010000100110100000000000100000000100000001100100110000000000001110000000000000000010000000000000110101000111000000100010000000000000101010000100000100000000111000000000110000000001011000000000001000100000000000000100000110001000000
000100000010000000000010000000001011100000010000011000100011110000000010001000000000000000001010000000110000001011000000000000010000000000000100010001101100000000000000000000000001000000111010000000011001000110000001100000010100100001000000
000010000010000011110110100000001000000010100110000100100101111000001011001000000100000000000110000001000000000010000000000000100000000000000000110001101100001010100000000001100110001001000100001100111000101000000010010000011110001000000000
100000100000000000100011100010001100010001000110000000100101000100110000011000011110000000000100000001110000000000001100010001000011000000001010110010101100000010110000000001100000001100000000000011000010000000000001100000001010111011000000
010000101100000000000001010100000001100000000110000001000000100110111000111000011001000000000000000000000000000000011100100110000000100000001010011001011100000000110000000011000000000000000000010010110110000000000000000000000010010100001101
010000001100000110000000110111010010100000000000000000111000011111000000000000011001100111010000000000000000000000011000100000000101000110000000001111001110000000000000000001010000000000000000100010000001000000000000000000000010000110011101
010001000100001000000000001011100001000000000110100001100000000011000110000000000001000110111000000000000000000000010110101100001000000110000000000100000110000000010000000000110000001100001000100100000001000000000000000000000000000001110000
100000111100000000000000000100000000100001100011000000000011000001110101101000000010000000001000000000000000000010011101101100010100000000000000000000000000011001110000000000000000011100010000100100010001000000000000000001100010000001101111
100000001000000000000000000000000011011110101000000000001110100000101101111100000000000001110000000000000000000010110001101000001000000000000000000000000110001010001000000000000000011010011000000000100000000000000000000001011101000011001100
100000000000000000000000000000001101011110001011000000001010110000010100011110000000000000110011000001000110000000011001000000000000000000000000000000000010001111010000000000000000000111100100000000100100000000000000000000000110110100001101
100000000000000110000000000000001000100011000011000000011010010000111000000000111000000000110011000111000101000000000110000000000000000000000000000000000011011001011111100000000000000110101000000000011000000000000000000000000010000000000101
000000000000110110000000000000000110000000000000000010101001000000000110001010000000000001100100000100111011000000000000000000011000001000000000000011000001010000000111010000000000000000000000000000000000000000110000000001000010100000000011
000000000000100100000011000000000110000000000000011110001001000000000000000100110100000000100011100100111011000000000000000000011000001000000000000000000000100000001000010000000000110000000000000000000000000000110000000001000000100100000000
000000000000011000000100100000111011011000000000011010001000100000000010001100100010000000010100100000000010000000000000000100000000000100000000000000000000000000001011100000001100100100010000000110000000010100000000000001000001000100000000
000000000000001100101111000000010111111000010000011000101000000000001000000100111011100000000010100011000000000000000000000100000000101000000000000000000000000000001011001100001100110000101110001001000000010010000000000000000110000000000000
100000000000011101111100100000000001001000101000011000001100100011001000000100110001101110000011000011000000001100000000000100000000101000000000000000000000000000000000001010000000000001010000000110000000100100000000000001000100000001100000
010000000000100001101011100000000000000000011000010010101000000001000000000101100011100110000000000010000001110100000000000000000011100100000100000000000000000000000000001000000000000000010001000000000000110000000000000001100000000011100010
010000000001000000011011100000000000000000110000000011110000001101000000000101000000001011000000011101100011000010010000000000000110000000000100000000000000000000000000000000000000000000001101000000011000111000000000000010100000000011000001
100000000000111100011100000000000000000011100000011100100000000000000000000111000000100010000000011000010110011100010000000000000111001000000100000000000000000000000000000000000000000000001110000000100100010100000000000001000000000000000001
000000000000110000111100000000000000000001000001000000000000000000000111000000001010100010000000000000000111110000001000000000000000000100000000000000000000000000000000000000000000000000011100000000011000100100000000011001000000000000000000
000000000000000000010000010100000011111110000110000000000000011000000100100000010010010100000000000000000010010100111000000000000001010011000000100000000000000000000000000000000000000000000000000000000000001100000000011000100000000000000000
001100000000010010010000010110000011001100000000000000010000000000000100010000001000000000000000000000000001100000001000000000000000110111000001110000000000000000000000000000000011000001010000000000000000000000000000010100101110000000000000
001100011000000100010000000000000101000100000000000000010000000000000000010000000110010000000001000001000000000000000000000000000000010010000000000011000000000000000000000000111000011100000000000110000000000000000000001100000110000000000000
000000100100001000110100000000001100011001110000000000100000000000000100010000000000010000000011100000000100000000000000000000000000011100000000010001100000000000000000000001001100000000010000000110000000000000100000001100000000000000010000
000000011000000101000100000000011010000000000000000000011110000000000100100000000000100000000011100000100010000011001100000000000000001000001110000001100000000000000000000000000000000000010000001001000000000001010000000000000000000000010000
000000000000000010000000000000000100000000000000000000100011110000000111000000000000000000000000001000110111000111110111010110010000000000000000000101000000000000000000000001001010000101101000010010000000000001011000000100000011100000100100
000000000000000000000000000000000000000000000000000000100000001011000000000000000000000000000000000110000000000011010010011000100000000000000000110100011000000000000110000001011110000001101100010010000000000010011000001110000100100000110110
101000000000000000000000000000000000000000000000000000101101000011000000000000000000000000000000000000000111110000000110000010000000000000000000110110001000000000011010000000000100001000000000010000000000000000011100001000000100100000110000
100001000000000000000000101010000000000000000000100000000011111001000000000000000000000000100100100100000011010000001110111010000111100000000000100001110000000000011010001100000110001000000000000000000000000000001000000000001011000000000000
101010100000000000001101111010001010000000000000010000000000000000000000000000000000000000111101000010000011001000001101000000001111110000000000000000000000000000011000000100000000000100000000000000000000000000001010000000001010000000000001
000110100000000000011101110000000100100000000000010000000000000000000000000000000000000000000100100000000010001000100101011100001000010000000000000000001111101011000111000100111111001000010000000000000000000000000001000000001110000000001010
000000000011000000000111100000000100000000000000000010000000000000000000110110000000000000000100100000111000000000101000111000000001000000000000000000110011100001100000000001111111110000010000000000000000000000001010000000001101100111001100
000000000100100000000000100000000010100000000000000110000000000000000000011101000000000000000011000100011100110000111000000100000000000000000000000000110001000000110000000010001111000000000000000000000000000010000100000000011111100100110000
011000001000110000000100000000000000000000010000000100000000000001100011000000000000000000001010000000011011000000000000000000001011000000000000000111001110110000011000000010100001100000000000000001000000000000000000000000000001000110110000
011000001000000000000000000000000000000000111000010010100000000010100011111010111000000000000000000000001110001100000000000000011000000000000000000111000000100110001000000001000001100000000001100011000000000100000100000000000000000010100000
000000001000110000000000000000000000101000000100011101000000010100000000111101001000000000010011001101101100001111100000000000000000000000000000011011000000001001010000000000000000000000000001100010100011010010011100000000000000000001000000
000000000101101000001101100000000000101010010001010011000000101101000000000000000000000000010011001101000000001111100000000000000000000000000000011111100000001111000000000000000000000110000000000000000010100010011100000000000000000000100000
000001000000000000000000000000000000100001100000000001000001000000000000000000000001111100000000000110000000000010010110000000000000000000000000010011000000000000000000000000000000000110000000000000000001011100001100000000000000000000100000
000011100001001000110110000110000000011101000000000000001000100000010100000000010000000000000000011100000001000000000000000000000000000000000000001110000000010000000000000000000000000000000000000000100000101010000100000000000000000000000000
000110100001100001010001000110000110011000000011100010001000001001001000000000001000000001010000010000000110110000000000000000000000000000000100000000000000001110000000000000000000000000000000000000000000000101110000000000000000000000000000
000011010000100000000000000000000000000000000011000010000000000001011000000000000000000001011001010000000100010000000000000000000000000000001000010000000000100100000110000000000000000000000000000100010001000000110000000000000000000000000000
000101100000000000010000000000000000000000000011100001101100000000100000000000000100000000000110000000000010000000000000000000000000000000000100010000000000000000001010000000000000111000000000000100010000111010010000000000000000000011000100
000100000000000011101100110000000000000000000000000001111100000000000000011000000010001111000110000000000001110001010000000000000000000000000111110000000000000000001010000000001100000100000000001000010000010001000000000000000000000010100100
000111000000000010001100110000000110000000000000000000000000000000000000000000000001000001010100000000000000000010010000000000000001110000000000000000000000000000000000100000010000000100000000000000100000000000000001000000000000000000001100
000101000000000000001100000000000110000000000001000000100000000000000000000000000000000000001000000000000000000010010000000000000001010000011000000000000001101100000000110110011000001000000000000000000000101000000010100000000000000000000000
000101000000000000001110000000000101000000000010110000111000000000000110000000000000000000000000000000000000000001100000000000000010010000001100000000000001100000000001000000000110000000000000000000000000101000000100010000000000000100001000
001101000000000011000011000110100110001110000000000000111000000000000000000000000000000000000000000000000000000000000100000000000000000000000110000000000000011100000000100100000000000000000001100000000000010000000100010000000000001000001000
000011000000000011001000000110001100001001000000001000010110000000001000000001100000000000000000000110000000000000000111000000000000000101011001000000011100000110000001000000000001000000000001100000000000000000000100010000000000001000000000
000010100000000000001000000000101000001000100001001000110110000000010011000000010100000000000000111000000000000001101001110000000000001110001000100000001001110011100000000000000010100000000000000000000000000000000010100000000000001000000000
010110100000000000000001000010000000000100000000001000110100000000011000110011000000000000000000001110110000000000100011000000000001110110000000011000101001010000100000111000000010100000000000000000000110000000000001000000001100001000100000
110001000000000000000000100001000000000010100000001000000101100000001000100000011000000000111100101001010000000010100101100001110000000000001010000100000010110000001101000000000001000000000000000001110001000000000000000000010000000100100010
000000000011001100000000100111000000000010000001011000010100001000000110110110010110000001000100101000010100000100001100000001001000000000011000000000000111000100100001111000000000000000000000000001110010000000100000000000011100000000001010
010000000010000100000000100101000000000000000000110110110000011100000011111100010000000000100000010000010100000100001000100001011000000000001100001000000001000011000011101100000000000000000000000001111100000000000000000000011000000000110000
100000000110000000100000011101100110000000000000000000000000000000000001111101001100001000000001100000011000000010000000100001101000000000000100000010011111001001001100001100000000000000000001100000110000000000000000000000000001000000001000
000100000100000010010000000101100010000000000000000000000011000000000000110000000011111000001000000000000000000001001100000010110000000000100000000000000110001100000000000000000100000000000011110001000000000000000000000001011000100000000011
000101000110000001010000000001000010000000000000010011100011000000000001100000000000000000000100000000100010000000001110111000110000000011000100010000000000010000000000001000001010000000000100100100010000000011000000000000100101110000000000
000110000110000001000000000001111100000000000000110111100000000000110000110000000000000000000000000001100010000000011111010000000000001111000000101000000000001100000000010000000001000000000101000011010000000011000000000001111010010000000000
000000000111001000110000000001100000000011000000000110000010000011100000000000000000000000000000000010001000000000011000001101000000010000010001001000000000000100000000010000000001000000000010000111000000000001100010000000100000011000000000
000000000111010100000000000000000000000000001100000000000000000011000000110000000000000000000000000110110000000000010010010000010000011100000000110011000000000000000000000000010100000000000000100010000000000000010001000000101000000000000000
000000000111010010000000000000110000000000000100000000011101100100000000110000000000000000000000000010110001010000000010100100101100000000000000000011000000000001100000000000001000000000000000100010000000000000000010000000000100000000000000
000000000111001001000000100000100000000000011000000100001000011000000000010100000000000000000000100000000001001000000001000100011000100000000000000000000011000010010000110000000010000010000000100010000101000000010010000000100100000000000000
000000000101011001000000000101000000000000110000000010000110010100000000000011000000000000111000010000000001000000000000000000000001010000000000000000000011000001100001001000001001000101000000011100001111000001100000100000011100001110000000
000000000000001000100000000100000000000100000000000001110010000000000000000101000000000000010001000100000000001000000010000000000001010000000000000000000011000000000000110000000000100010000000000000001110000001100000000100000000001011000000
000000011000001100100000000001000000001000000000000000000011100000000000001010000000000000000010000000000000100100000110000000000000100000000000000000000000000000000000000000000000010000000000000000000000000010010000000100000000011011000000
000000001000001101100000011011000011010000110000000000000101011011100000000100000000000000000100000000000000011000000100000010000000000000011100000000000000000000000000000000000000000000000000000000000001000000001110001000000001101000000110
000000000000000010000000011100000010000010110000010000010000011010100010000000000000000000000000110010100000000000000001001110000000000000010110000000000000000000000000000000000010100100000000011110000010110000000000000000000001010100000010
000000000000000000000000001000000010101010000000011100110000011011100010000000000011000000000000000010100000000000000000101010000000000000000001000000110010000001110000000000000110101100000000000011000000000100000000000000000001010000010010
000001110000000000000000000000000000000000100001100000010001000000001110000000000010011000000000000001000000000000000001000010000000000000000110000000000011000010001100000000000010000100000000010000000011111000000000000000000000000000111100
000010001000000100000000000000000000000001000100011100010000000000000111010000000010000100000000000000000000000000000000000010000000000000000100000000000010100011001100010100000001110000000000010100000000000100000000000000000001110011101010
000101111000001111101110000000000000000110000001000000001100000100000110110000000000000110000000000000000000000000000000000100000000000000000000000000000001100000111100100100000000010010000000001100010000000000000000000000000001010000000110
000010000000010100010100000000000000000000110101000000000000000010000011011000000010000010001100000000000000000000000000010000010000000000000000000000000000000000110001100101100000000100000000000100010000000011000000000000000010011110000100
000110000000110000011001000000000000000111100010011100000000000010000000110000000011010000100100000000000111000000000000011000101000000000000000000000000000000000010000000001100000000000000000000000000000000010110000000000000011011100000000
001010000000010110010011000000000001111111110101111010100000000000000000000100010110100000000100000000000010000000000000110001000100000000000000000000000000000000000001100001000000000000000000000011100000000010001000000000000011000010000000
001001000000011000110100100000000001110001110100101111100000000000000000011000010100000000001101000000001110000000000001000000101000000000000000000000011000000000000001100000000000000000000000111110000000000001101100000000000000000100000000
001010000000000001001001000000000000000110100100010000000000000111111100110000000000000000000101100000000000000000000011010000010000000001100000000000011000000001100001000011000000000000011000000100000000000000111000000000000000100010000000
000000000000000000011001000010010000011000101101100000000000001101111010000000000000000000000011000100000000001110110111011000000001100001100000000000000000000001000000100001000000000011011000000010000000000000000000000000000000001100110000
000000000000000000001010000100100100000000001000000000000000000001010101100011000000000011000010001000000000000110100000100000000110010000000000000000000000000101000000000010000000000000000010011100000000000000000000101000001000000111010000
000000000000000000000000000010010000000000000110000000000000000010001111000100100000000000000000011010000000000111100001010011100100010000000000000000000000001101000000000000000000000000011001100100000000000011111000001000001100000001111000
000000000000000000000000000010110000000000100100000000000000000011100100100101000000000011010000001010000110000110100111110000010110010000000000000000000000001001100000100101000000000000000101000000000000000011111110000000110110000110011100
100000000000000000000000000001100000000010000100000000000000000001100011100010000000000000000011000000000000000010010000110010100001000000000000000000000000000010100000011000000000000000000101000000111000000001000100000011100001100000011111
000000110000000000000000000000000000000010000000000000000000000110110001100000000000000000110100000000000100100001111000000001000000000000101000000000000000000010100000000000001000000001111111100000101000000000110101000011100000100000010010
001011110000000000000000000000000000000001001000000000100000000110011001100000000001110000000001010000000000010000001110000000000000000001000000000000000100000000000111000001000000011000110000000101100110100000000110101100000010100000001110
000110000000000000000000000000000000000001110000111111100000000010000110000000000101101000000000010000011010100000000010000011100000000000101000000000001010000000000010010001000000001101011000000100111010000001111000101000000000000000001100
000110001010000100100000000000000000000000000010001010100000000001000000000000000000001000000011111000000010000000000010000010100000010000010000001100010001000001000010110001010000000111000000000100011110100000000000000000000000000000000010
000000111011001000110001100000000000000000000010001101000000000100100000000000011000000000000000001110001000000001110000000011100000000100000000001011100001000000001010110001000000000100000000000000001101000010001000000000000000000000000000
000000001000101000100001100000000000000000000010001000001000000001000000000011011100001110100001110110011000100001100000000000000000101100111000000010111011000000010001000000000001000100001000000000001110000000001100000000000000000000000000
000000000011000011100000100000000000000000000010101010001000000000000000001111000000000000100000111000001001100000000000000000000000000000011000000100010000000000001110000000100001001000001110000011001000000000100110000000000000000000000000
000000000110010000100000010000000000000000111001001010000100000000000000010001000000000000000111010000000011000000000000000000000000101100011000000000000000000110000010000010010001000100000001000011000011000000010001000000000000000000000100
000000011100011011010000110000110000000001001000110000011000000000000000100000001100100001000100000000101100000000000000000111000001101100010000000101000000001011011000000010000000000011111000000000000101000000000001100000000000000000001010
000000000000100100100000000000110000001111000100000000000000000000000000100000011100100000001101000000100100000000111000000101000001010110100001100100000000001000110010000000010000000000000010000000001000100000001100110000011000000000001100
000000010011101100000000000000000000010011110100000000000000000000000000000010010000010000011000000000101111000000011000000100100000100100111111100011100000110111010000000001110000001110000000000000001101110000000100010000100100000000000000
001000001110010100110000000000000000001100011100000000000000000000001110001010000000000000001101110000101111110000010100000010100000100100010100010110111100011101010000000011100000000000000000000100001010100000000011110000101000000000000000
011000000000000101110000000000000000000000000000011000000000000000010001000100000000010000001000110000000010000000011100000011100000000000000001110010111110000110010100000000000000001100000001011000011111000000000010100000000100000000000000
010000000000001101100000000000111000000000000001011100000000000000100001000000000000101000000101000010000001110000001000000000000000000000001000110110000000000000011100000010010000000000000010110000011110000000000001000000111100000000001100
001000000000000111100000000000000000000000000000111110000010100001000001000001100000000000000000110101110001110000000101000000000000000000000010000000001111100001110000000110110000000000000000000001100000000110000000000000000010000011111100
000000000000000010000000000000000000000000000000000000000010100001000110000001100001010000000000100101111101000001000000110000000000000000000100100000011101000001100000000110110000000000000011000011000000001001000000000000011011000011100000
001110000000000001000000000000000111000000000010000000000010110000001000000010100011000000000001011110101101010000011000001110000000000010100000000000010110110100000001110001000000000000000000111001000000000110001000000000000011100000000000
001010000000000010000000000000000101001011101100100000000001000000110000000000000000000000110000101000011000001101100100000110000000000001111000100000001100110100000001010000000000000000000000100000000000000000110110000000000001111000000000
000100000000000010000000000000111101100000111110100000000100100000001001100000110000000001001000110101001110001010011100000001000000000001101110100000000101101100000000010000000000000000000000000100000000000000001100000000000110101101100000
011001000000000000000000000010110011100000011100110000000011100000101011100000111110000110110000110100000010000000000000000111000010000000011000000001001000100000001110000000000000011000000000100000000000000000010000000000000110111000010000
000000000000000000000000110001000000000000000011010100000011100001111001000000001110111011100000001100001110010000000000100100000111000000000000000110011001000000001001000111000000000000000111001000000000000000100000000000001000100011011000
000000000000000000111001110000000000010000000001110111100000000001001111000000001100111100000000000101001001100000000000100000000111100000000000000011011001000000000001101010000000000000001101010000000000000000111000000000011011000000111000
000000000000000000100010110000000000001100000001110011110000000000011001000000011000000000000000000000000010000000000010010000000000110000000000000000000001000000001100000000000000000000001100000000000000000110011100000000001000000000000000
000000000000000000000000000000000000000000000000110000000000000000010111100000000100000000000000000000000000000000000010010000100000111000001010000000010100100000000011100000000000011100000011100000000000001110011100111000000000000000000000
000000000000001100000110110110000000000000000010011000001111000000000111111000000000000000000000000001100000000000000001000111000000110000110100000000100000000000000000101100000000100000000010100000000001100101000000111000000001110000000000
000000000000001100000000001110000000000000000101010001110011000001000001011001000010000000000000000001110001100000000001110000000111100000011011000000010000000000000000011000000000000010000111101100000001100100100000000000000000010000000000
000000000000011000110000000001101000000000001100001001100010100010000000010011101101000000000000000001100000100000000000100000000111100010000000000000010001000000000000010000000000010100000110000010000000000010100000101000000001100000000000
001100000000000011110000000000101000000000001000001100000011000110000010110110000001000000000000000000000000000000000000000000000010100010000000000000001000000000000000000000000000001000000000110010000000000001000000101101000000111000000000
000110000000000010101000000001000100000000011010001000000011000001001010111100001101000000000000000000000000000011100011011000000000011000001010000000011011000110000000000000000000000000000000001100000000000000000001110010000000010100000000
000000000000000000001100000000110100000000001100010000000010000000011100010000000000000000000000000000000000000010010001010000000010000010001110000000000000000110110000000000000000001010000000000000000000000000000011000001000000000100000000
000000000000000011000000001101001000000000000000000000000000000000011100111000100010010100000000000000000000000100010000100000000101000010110100000000000000010010111100000000000000001010000000000000000000000000000100100000000001110100000010
000000000000000011010000001010000001100011000000000000000000000000000000111010111100010000100000000001100000000011011010000000000001000000100000000000000000000001000110000000000000001010000000000000000000000011000010100000000001001000000101