000011000000000011100000000000000001100011000000000000000000000000011101000000101000000000010000010100010000000000000111100000000000000011000000000001000000000011100000000000000000000100000000000000000000000011000001100000000000111000000000
000111000000000000000000000100100000000000000000000000000000000001101000100000000000000010010000010001100000000001110011100000000000000010100000000001000000000001100000000000000000000000001000000000000000000000000000000000000000010000000000
000011000000000010001100000010000001100000000000000000000000000010000000011100000000011101100000011100000000000000100000010000000000000001000000000011000000000011100000000000000000000000011100000000000000000000000000000000000000000000000000
000000000000000111000110000001110000010000000000000000000000000100011000000000000000000101000000000000000000000000000100000000000000000000000000000000000000000000011101110000000001100000001001000000000101000000000000000000000000000000000000
000000000000000111000010000000010001100000000000000000000000000101100000000000000000000111000000000000000000001110000110011100000000000000000000000010100000000000001010101000000010011000010001000000111101000000000001000000000000000001000001
000000000000000000000000000001010000000000000000000001100000000101000000000000000000000111110111100000000000000000000000000000000000000000000000000000110000000000001000101000000111111000011001000010011010000000000001100000000000000011100101
000000000000000000000000000000100000000000000000110000100000001000000000000000000000010000101000111111000000000000000000000000000000000000000000000001100000000000001101111100000110110000000100000010001000000000000000010000000000000000000000
100000000000000001010000000001110000000000000000110011000000011100011000000000000000100000010110000011000000000000110000000000000000000000000000000000000100000000000000001100000000000000000000000010101100000000000001100000000000000001010001
000000000000000000000000000001110000000000000000111010000000001100000000000000000000100100000011100001000111000000111000100000000000000110000000000000000011000001100001010000000000000000000000000000100010000000010001000000000000000000000001
000000000000000010100000001110010000000110000000000000000000000100000000000000000001001000000001001100001000000010100011000000000000000000001101000000000010100001000001110000000000000000000000001000010010000000010000000000000000000000101000
000001110000000001000000011111110000011010000000000000000000000000000000000100000000001000000000010000000110001110001100000000000000000000010011100000001000000000111000001001000111110000001100000100000010000000010000000000000000000000100000
000001100000000000000001100000100000011000000000000000000010100000000000001111111000110100110000101111000000000110000000000000000001100000001000010000011100010000001000011010111100000000010000010000000010000000000001100000110000000000010010
000001100000000000000001001000000000000001000000000000000000000001100000000000001000010010000000010011000000000111000000000000000010010001000100110000001000100000000101010011011011000000100001110010000010000000000010010000101000000100001001
000000000001110000000000010000000000001000000000000000000000000011111000001100001000001011000000000010000010100111001100000000000111110010110110100000000111000000000000000000110100000000100000100000001000000000010001000000111000010100000001
000100000000001100000001010000000000000100100000000000010000000110111100000100111110001000000000001100000001000011001100000000001000000000001111100000000000000000000000010000001110000000011111000110010010000000011000110100000000101000001010
011010000001101100000000010000010001000010000000000000010000010000010010000000001100110000000000000000000000000110010000000011000011000000101011100000000000001000000000001010001100000000001110000000010011000001010100100100000001100000001010
000011000000101000000100000000111111110000101000000000000000000011010110000000000100110000000000000000000000000110100000000010000000000011000000000000000000001000000000000011000000000000000000000000000000110010000010110001000001100000000000
100010000000100000010000010001101110101001001000011000000000000111100000000000000000010000000000000000000000000010010000000010100101110111100000000000000000000100000000000001000000010111100000000000000010000010100011000101100000000000000000
000000110000110000001110000000111000000001111000001000100100011111111010000000000001100000000001100000000000000001000000000001100011001000110001100000000000000000000000001001100010110110010000000010001010001100100001000100000000000000000000
011001110001100000000000000000010000001011110000100111010001110000001001000000000101011000000011110000000000000000100100000000000000111000110011100000000000000000000000000000100111100000010000000111100000111101000011100010010000000110000000
000000000010010000000000000000000000000101001000110000001000000000000000000000000101011000000100001000000000000000011100000000000000111000000101100000000111011110000000000000111111100000010000001010100101000101000010000010000000001001000011
000000000001100000000000000000000000000001001000001111010000000000000001000000000001111000000101010000000000000000000000000000000001011110001100000000001111000110000000000000010000010000010000000000010101001000000000000010010000000010100000
000000000000100000000000000000000000000001101000000111110000011000110000000000000100000000000100001000000000000000000001000000000001100110000100000110010000011100000000000000001100100001010000000000010110011100000000001000000000000100100000
000000000000000000000000000000000000001101011100000100100000011000100000000000000100000000000000001011100110110000000011100000000000011000000110000001000001011000000000000100000000100001010000000000001101111000100000010000010000000001010000
000000011000000000000000000000000000010011000110001000000000000000001000000000000000000000000101000111100000000000000010110000000000011000000011001100110001000000000000001010000000000000100000100000001110000111000000100000010000000010010000
000000011000000000000000000000000000010001001100000100010000000000011000000000000000001000000010000100010000000000000000011000000000010110000000001111010001100000000000000001000000000000001111010001100000000000000000000000100000000110001000
000000000000000000000000000000000000110000000000000010110000000000001100000110000000001100000000000000000000100000000000010000000000011010000000000101000000000000000000000000000001100000010001010010011000000000000000100000000000000110110000
000000000000000000000000000000000000011001000000000000001000000000000000000011000000010010000000000000000010000000000000000000000000001110000000001000000000000000000000000000000010100000010010000000000100000000000000100100000000000000000000
001000000000000011000000000000000000000110100000000000110000000000000000000011000000001001000000001000000000001110110100011110000000000010000000011001000000000000000100010010000100100000010001010010000010000000000000000000000000000000000000
110000000000001100100000000000000000000001110111000000110000000000000000000000000000001100000000010100000000010110110100010110000000000010000001101010011000000000001010010000000100100000001111010000000010000000010000001100000000100000000000
011000000000001100010000000000100000000001100000000000000000000000000000100000000000000000000000010100000000010001010100000110000000000011000001110000000000000000001010000000000100111000000000100000110100000000100000000000000001110000000000
000000000000001100000000000000110001000000110000000000000001000000000000110000000000000000000000001000000000001111000001111000000010000001100000000010001000001010000000011100000010000100000000000000110000000001110000000000000011010001101010
000000000000000011100000010001010110100001000100001100000111000000000000000111000000000000000001000000000000000011000000010000000010001110110000000110000000001000100000000000000000110010000000000000000000000000101010000000000001100101100100
000000000000000000000000101000001111000011010001001100001001000100000000011011000000010000000001000000000000000000000000000000000000010000100000000111000000001000010000000000111000100010000000000000000000110000011000000000000001001111000000
000000000000000000000000010100001100100001000000000000011100000000111000001010011000101000000001000000000000000000011000000000001100001001100000001100000001110100010000000000000001100011000000000000000001001000001000000000000001101100000000
000000000000000000000000111010000011100001000001000000000000010100111011001011101000110000000000000000000000000011010000001100000000000000000000000010010000110011100000000000011001111010000000000000000001101000000000000000000010111000000000
000001000000000001111000011111000000100001000000000000011000000100110011001110001000000000011100000000000000000001100011000000000001100000000000001101111001001000000000000000011000011010000000000000000100111000000000000000000000010000000000
000001000000000001110100011010000000000000011000000000011000000000100000000000011000000000001000011000000000000000000000100000000001100000000000011011000000011000000000000000000000000010000000000000000010000000000000000000000000100010000111
000000000000000000110100000110100000110000000000000000011000100001110000000000000000000000001101001100000000000000011001000000000000000000000000100000010000000000000000000000000000000011000000000010000100000000000000000000000000100000111101
000000001010000000001000000011100011010000000000000000000000110001000000000000000000101000001000011001110000000000011000000000000000000000000000010101010000000000000000000000111000000001000000000100000100100000000000000000000000000001111101
000000010010000000000000000000100100010000001101100000000001001000110000000000000000000000011011101000001001100001101100011100000000000000000000010000000000000000100000000001000000000000000000000000000000010000000000000000000001110000000000
000000001001100000000000000000110100110000011111100000000001101100000000000000000000001000011000110010001001100000110000011100000000000000000000000001110000000001010000000001011010000000000000000000100010010000000000000000000001000110111000
000000001000110000000000001110000111100000100000010000000001000100000000000000000001110000010100011000101000000000010000000000110000000000000000001101010000111000011000000001010101100000000000000100100011110000000000000000000100000000111000
111000000100100000000000001110110001000001110010011100000000000100000000000000000000000000000100001000101100000000000000000001011000000000000000000010000000001000001000000000100011000000000000000101100000100000000000000000011100100001110000
011100000011100001100000010010100000000000100101101011000000101000000000000000000000000000101100001001011100000000000000000011011000000000000000000000000000000000100000000000000010000000000000000001000000000110000000000000011000010001100000
000000000000000001100000001000011100000000011111111001000000000000000000000100000000001110000000000001000110000000000000000001010000000000000000000000000000011000100000000000000000000000000000000011100000001111000000000000001010010010110010
100010111100010000000000000000110100000000000001101000100000000000000000001010000000010000100000000000000011000000000000000000111000000000111000000000000000011001000000000000000000000000000000011101011000010110100000000000000010001100100010
100000111100000000000001000000000110000000011010000011000000000000000000000110000000010000000000000000000001000000000000000000001010000000010000111010000000001000000000000000000000000000000001101100110100011000000000000000000000000001110110
011000011001000100000010100000000011100000001000000000000000000000000000000000000000001101100110110011000000000000000000000000001011000000001100001100000000011110000000000000000000000111000001100000000000000000000000001100000000011000110110
000110000001111110000000110000000011100110000100000000000000000000000000000000000000000110000010100000011100000000000110000000000100100000000100001000000000111100100000000000000000011001000001100011000100000000000000001000000000111000110011
000000000000111101000000010111000000100111000010000000000000010000000000110000000000000100000001000000000000000000000101000000000000000000000000001000000001000100110000000000000000011110000000010010000100000000000000000000000001100100000110
000000000001100001100000010110000000000011000000100011110001110100000001001000000000000100000000000000000000000000000100100000000000100000000000011100000010001000010000000110000111000000000000000000001000001100000000000000000000111000000000
000000000001100001100000010010011000000000000011100000001011000000100000000000000000000000000000000000000000000000000010100000000000011100000000001000000010001011011000001101001000000000000000000001010000010110000011001100000000001000000000
110000000000000100101010110010010000000000000010010000000001100000100001000110000000000000000000001110000000000000000001100000011000010000000000001101000001101010101000011001100110000000011000000000000000010100000011001000000000000000000001
010001100000010000110100110001000011011000011011000100010000100000000000000001000000000000000000001010000000000000000000000000100100010011000000110101100000000101101100001001100000000000110000000000000000011000000100100000001000000000000000
100011000000010010000101110000111011011000000101100011100000000000000000000001000000000000001000010010000110000000000000110000011000010011000001000101100000000000101000011111000000000000010100000000000000000000000010000111010100000000110000
010011010000100000111111100000000010010000000000000000000000000000000000010010000000000000100110010100000000000000000000100000000000000000000000110110000000000000000001111110000000000000000001100000000000000000111110000000100100000001100000
111000010000100011000000001100001100000000000001100000000000000000000000000000000000000011101110110000011100000000000010010000000000000000000000110101000000000000000010001000000000000000000001100100000000000001111000000000011000000000110001
010000010001101100000000100100000000000000001100000000000000000001000000000000000000000001011000011000001001000000000001110000000000000000000000001110000000000000000100010000000000000000000100000010000000000010111100000000000000000000000010
001000010001100000000000000100000000000000000000000000000000000010100000000000001000000000100000110000001111000000000000000000000000000000000001001010000000000000100010100000001100000000001100001110000000000011001000000000000000000000000000
001000001001000000000000011000000000000000000000000000000000000000010000000000001000000000111000000000000000000011000000000000000011011100000000101000000000001100000111000000010010000000110101001100000000000000100000000110000000000000000000
110000000000110000000011000000000000011000100000000000000000000010100000000000001000000000000000000000000000000000000001010000000000000101000000000000000000001100001100110000001100000000001101001100000000000011001000001101000000000000000000
010000000000000000000000011000000000011001100000000000001000000000000000000000000000000000000000000000000000000000000001000000000010011100100001001000001110000100000101110000000000000000000011001000000110000011000100100010000000000000100000
000000000000000000000000000000000000000001010110000000000000000000000000000000000000000000000001100000000000000000000011001100000001100001000001000100001000100001000100001000000000000000000000001000001001000000000010110011000000000011100011
110001000000000000000000000000000000000000110010000000000000000000000000000000000000000000000010010000001000000000000011010000000000000000000000000000001000100001000011100011000000000000000000001000000100110000010000000000000001110000000011
000001000000000000000000000000000000000000011100000001100000000000000000000000000000000000000100100000011000001110000001101100000000000000000000000100000100100000000011011110000000000000000011010000000011001000001110000011000110000001000000
001110000011000000000000000000000000000000001000011101100000110000000000000000000000000000000010000000010100010010000000111000000000000000000000010010000011000000000000000100000000000000000001000000000001001000000010000000000000100000000110
001000000011000000100100100000000000000000000000000001100000000000000001100000000000000000000000000000000000000000000100000000000000000000000000001100001111000000011000000000000000000000001100000000000000000000000001000010010000100000000011
001010000111000001111100100000000000000000000000000001101100000010000001100000000000000000000000000000000000001100001010000000000000000000000000000000001000000000011100100000000000000000000100000000000000001101100000100001000000101100010001
000110001111000000111000010000000000000000000001110011101100110001000000000000000000000000000000000000000000010000000000000001000000000000000000000000010000110001000010010000000000000000000000000000000000010000000000110100000111000000011110
000000000100110000000110001000000000000000000000000000000000010111001110000000000000000000000010000000000000101100000000001000000000001000100000000000000001000111000000000000000000000000000000000000000000010000001110101011000000000000001000
000000000011010000000100010000000000000000000001001111000000000111010001000000000000000000000101000000000001101000100000111000010000001000100000000000000000000110001100000000000000001000000111000000000000011000000011101010111000000000000000
000000100001011000000010010000000000000001100000000010000000000010000011000000000000000000000110000000000000001101010000010000011000010000000000000000000000110000111101100000111100001100000101000000000000000111000000111011010000000000000000
110000000000110000000000100000000000000010010010000000000000000010001010100000000001000000000110000000000010010001011000010111001000011100000000000000000100010000100101100000001110001010000111011101100000000001110010001100000000000000000000
110000001111110000000010100000000000000110111010000000001100000000010001100000000000110000000000000000001010100000111001010101110000000000000000000000000100011000010001110000010001011100000000001000100000000000000001001100000000000000000000
000000000110101000011000100000000000000110111100010000001100111001100001100000000000110000000000000000001000000100000011001010100000010000000000000000001100000000000011000000011001101100000000000111000000000000000000111000000000000000000000
000000000111011100001110000000100000000100100101100000000000111000000000000000000000000000000000000000100000001010000001000000000001000000100000000000110001010010000011101110010111001000000001100010000010000000001110010000000000000000000000
000000000000100010000110000011001100001001100011100000000000011000100100000000000000000000011111100000100001000001000000011000000001111100100000000000000100001100000011101110000000000000000001100000000101000000000000000000000000000000000000
100000000000110010000000000111000000000001000000000000000000000000110100000010000000000000000011000000000010010001000000001001100000001101100000000000100110000100001000001100000000110000000000000000000000011000001001011000000101000000000000
110000000000111100000000001000000000000000000000000000000000000000111000000101000000000000100011000010001011110001000011100000100000010000000000000000000111100010100000011000000000000000000000000000000000001010001010000000001000000000000110
000000000000001000000001111000000000000001000000000000000000000000000000000000111100000000100000100001000111000011001000100010000000000000000000000000000000010011000000011100000011000000110110000000000000001011100000010001000101000000011000
010000000000000000000010011000100001110001100000000000000000000000000000001111001000010000000000011010000000110110001001111100000100100000000110000000000110110101100000011000000011011001000010000000000000010000110001010010000010000000011110
010000000001010000000010100011000000110001010000000000000000000000000000000010011010101000010000001010000000110100110001100100001010110000000110000000000000000000010000010000000000001000101010000000000000000000000001100001000000000000000010
100011100010011000000001000000000000011111100000000000000000000000000000001110001000101100001110001000000000000100101000000011000010110000000000000000000010011000010000000000000011001000000100000001000000000000000001000000000000011000000010
000010010001100100000000000000000110001100000001100000100000000000000001001010000000101100000010100011000000010000101000111100110010000000000000000000100010000110001001000000010001110001010100000010110110000001000000000000011111111110000000
000000001011010000000000000000001110000100000000100011000000000000000001000110001000101000000000001010110000011001001001110000001000000100000011000000100001000010001011000001101100000110000000000001100100000001100000000000011010001001111111
000010010011111100000001011110110001000000111010110000010100000000010000100000001011010000000000001011010000101011000000110000011100001011000011000000100000000001000000000010100000000110000000000011000010000000000000000000000011100000011011
100011100100110010000100000110111111000000000010100011110010000000101111100000001010000000000001110111100000110000001101110100000000001010100000000000000000000011001000000000100000000010110000000001010111000000000000000010000000000101111000
100000000010110001001000000001000111000000000001000010100100000001000010010000001000000000000000000010000000001000000001110011000000000111100000000000000000000010011000001001101000000010110000000001101000000111000000000101100000000010001000
011000000000000001110101101000000000000001110000000001000000000001000100010000011000000000000000000001000001100000000100001001110000000000000011100000000000000011100000000000011000000110100100000000000100101001100000000000010000000000001101
011000000000010010011000001011000000000000000000000001000000000000100010001000011000000000000000000000000000101100010100011000000001110000000000011000000000000000000000001010011000000001001100000000000101001100010000010001001000000000010001
100000000000001000000000000111000000000000000000000000000000110000011011010000000100000000000000000000000000000000111110001010000000000000000111111100000000000001000000000011000001000111000000000000000010000001100000100001010000000000001101
000000000000000000000011100111000000000000000001100000011101010000001111100000010100000000000110000000000000000001100000000111000010000000000000000010000000000011100000000010111001000000000000000000000000001111000000100100110000000000001110
011110000000000000000011000011000100110000000001000000011110010000000100000000010100000000001001000000111000000010100000000110000010000000000000001011000000000110010000000001111110000111000000000010000000000100000000001100111000000000000000
100001100000000000000001000000000000100000000000100000000010000000000101000000000000000000000110000000100000000100000000000000011001000000000000000010000000000100010000000000100000000111000000000111000010000000000110000111111000000001100000
000001000000000000001010000000000110110000000000000000000111000000000101001010000000000000000000000000100100000011000101000000100101000000000000000000000000000101100000000000000000001000000000001001000111000000000001000001111000000001100001
000010000010000000001010000000000001000000000000000000010011000000000000111011000000011000000000000000010100000000000101000000011110100001100000000000000000000110000000000000000000011000000000001001011111100000000000100100010000000000000010
000000000111000000000000000000000011000000110000000000000001100000000100011000010000011000000000000000011100000000000110001110011001100001100111000011000000000000000000000000000000110110011000100001000100111000000101000100010000000000000010
000000001101100000000000000001100111000000110000000000001101110000000010000000010000000001000000000010000000110000000000011010000000000000000001000100100000000000000000011100000000011100000000000100000100111000000010000000010000000000000100
001000010110000000000000000001000110000000000000000000000110010000000001111100010000000001100000000101100001101000000000101001000000000000000100100011000000000000000000000000000000001011101000010010110011010000000000000010100000000000000011
100000011000000000000000000000111100000000000000110000000100001000000001000111100000000010100000000101100000000011000001101001100000000000001111100000000000000000000000000000000000000000000000000010000011011000000000010000000000000100000011
000000001000000000000000000000101000000000000001110000000011011010000001100001000000000000000000001100000000000011000001110010010000000000011000011000001100000000000000000000000000000000000001100100000011000000000000101000000000001000100000
100010000000000000000000000001101100000000000001000001000000101100000010000110000000000000000000001110011000001101000001110010000100000000010100011000010010000000000000000000000000011110000000111000000000000000001110101000000000001000010010
001101000000000111001100000001110110000000000111000001000000000110000010110101000000000000000000001110000000000100100000000110101011000000001000000000111110000110000000000000000000100001000000000000000000000000000000011011000000001100110110
000000110000000010110010000000111110000000000000000000000000000010000010000000110110000000000000001001100000000000100000000010000001000000000000000000110110000000000000000000000001000000000000000000000000000000000000001001100000101000011000
001111101101000010001000000000010001000100000000000000000011100000000001011110001101000000000000011000100000000000111000000100011010000000000000000000001010101110000000000100000001001111000001000000000000000000000000001000010000011011011010
000000100001100001011000000000001101000111000000000000000010100000000000000000111101000001100000010001000001000000001010000000001010000000000000000000000000100100010000001110000001100001100001010000100000000000000000000010111011011100000000
100000010000000001010000000000001001100000000000000000000100010000000000111100010010000000000000001010000001000100001101100011001100000000000000000000000000110010101000010110000000010000000001100000100000000000000000000010001111011000011111
100000001101100001100000000000001100000000010000000000000100011000001111110000001100000000001110000000000110101000000100000000001000000000000000000000000000000011000000011000000000000000000000000010100000000000000000000010001110011000111011
100000001100000011000000000000001000000000101000000000000100001000011011001000001100000000001110000000001010000000001000100000000110000000000000000000000000010001100000000000000000000000000000000000000000000000000000000001010001110001000001
100000000000000110000000000000000000000001001000000000000100011100000011000100101100100000000100000000001010000000001000010000000010000000000000000000000000000010011000000000000000000000000000000000000000000000000000010000100000100001100011
100000000000000011000000000000010000000000110000000000000000001011001100000001101100011100000000000000000000000000100000100000001000000000000000000000000000000010011000000000000000100000000000000000000000000000000000101000000000000000011001
000000000000000000001100000000010000000000000000000000000100111110111000000000001110001000000010111000000000000000000010000000000100000001100000000000000000010110000000000000000001111000000000000000000000000000100000011000000000000000001110
000000000000000000000000000000000000000000000000000000000010001000000000000000000000000000000001011100000000000000000000000000000111000010010000000000000000001000111000000001000010000100000000000000000000000000110100000000000000001000000100
000000000000000110000001011100001100000010000000000000001000001000000000000000001100000000000001001000000000000000010000000000000000000000110000000000000000000001010000000011000111001100000000000001100000000000000111000000000000010000000000
000000000000000111000010001100111000000101000000000000001100001000000000000000001010001011000001110000000000000000000000000000000000000000000000000000000000000001000001100001000100001000000000000010010000000000001001000000000000100100000000
000000000000001011000001111001100000000101000000000000001100010000001100000000000000011010110000100000000000001000011000010000000000000000000000000000011000000010010101000000101111110000000000000010001000000000001001000000000010000100000000
000000000000010011000000000010000000000011110000000000000000100000010010000000001010001000001110000000000000101100000010001000000000000001100000001100001000000010001111000000000010110000000000000001000000000000000000000000000101011000000000
000000000011011010000000000000000000000001111000000000000001010000010010000000000000000110101110000000000000000000011010100000000000000100010000001100100000000010000011000000100100000000000000000000000000000000001100000000000100011000000000
000000000100011000000000000000000000000001001000000000000000100000000000000000000000000011000000100000000000001000100011000000000000000100010000000000111000000000100110000010100100000000000000000000100110000000010100000000000011101111000000
001011010111111000000000000000000000000000100000110000000000000000001110000000000000000000001111100000001100000000000110000000100000000010100000000000000000000011011100001101111000000000000000000000100001000000011100100000000000000101100000
010001001111011000000000011000000000000000000000110000000000000000000110000000000000000000000110001000110111110000000110000000100000000001000011000000000000000011111000000110010000000000000000000000000011000000000000101000000000000101100000
000101001000010000000000100100000000000011000000000000000011000000000000000000000000000000000101001001001100000000000000000000000000000000000100100000000000000000000000000000000000000000000000000000011011000000000001011000000000000010000000
100000001000100000000000011110000000000011101000000000000101000000000000000000000011100000001100100001100000000000010000000100000000000000000100100000000000000000011000000000000000000000000000000000000110100000001101000000000000000000000001
101000000000100000000000000111010000000000000100100000000000000000000000000000000100000000001000110000000000000000110000001010000000000000000111000000000100000000100100000000000001100011000000000000000011100000000110000000000000000000000000
110110000001000000000000010010001000000011001001001000000011100000000000000000001100010000001111000000000000101100110000001010000000110000000000000000000100000000000100000000000110010110000000000000000001000000000101000000000000000000000110
000000000001000000010000010001001000000000110001101011000011100000000000000000000100100000000001011000000100011100101000001001000110011000000010000000000111000000000000000000000110110110110000000000000000000000000010000000000000000000000010
100110000100000001101000000000011000000000000000110010000001100000000000100000000011000000111000111000001001100101001100001110111111100000000101100000000001100000001001000000000000000000111110000000000000100000000000000000010000101000000001
110110000111000001100100000000000100100000000000010010110100000000000001110000000000000000011000000000001100010100001000000110011000000000001100111000100001100000001101000000000111000001000011000000000001001110000000000000100001101011100000
000000000111000010000011000000001011000001110000010001110000001000000110001000000000000000001010000000100000010011110000000000110000000000000010011000001100000000000010000000000001000000111011000000101001101110000001100000110111100000000000
000000000000000001110100100000011011100001101110001001110100001000010111001100000110000000001010000001000000000111000000000000100000000000000101001010000010000100110000000001100010001100111100000111101101000100000010010000010010101111000000
100001010100000000110100010000001100100001001001000001100001000111100101000100010010000000000110000001100000000000010100000011000001000000000000000010000010000100000000000000000000001100000000001010000011000000000001100000011010100010000000
010000001100000000000010010101001111110000000110000001001000110000001000101000100001100010000000000000100000000000000000110010000000100000000001100000000000000001110000000010000000000000000000000110100111000000000000000000000010110001010101
011000010010000100000000110000000010100000000001000000010000011000011100010000011011100101011000000000000000000000100010101010000000000110000000010001110000000000110000000011010000000000000000110111000001000000000000000000000000001111000100
010000100010000100000000011000100001100000000110000001100000001000001111000000000011100100101000000000000000000000100010101100001110000110000000001100001010000000010000000000110000010100000001110110000011100000000000000000000000000000000000
110000110100000000000000000111000010111111110011000000000011000010010000001100000000000010001000000000000000000001000100000000010100000000000000000000000000011101111000000000000000000010010000000000000000000000000000000001111110000000000011
010000001100000000000000000000000111000000100000000000001000110001000101000010000000000001001000000000000000000001100100001100001000000000000000000000000110000000001000000000000000010000011000000000110000000000000000000001011001100011100000
010000000000000000000000000000001101000000010011000000000010110000000110000010010000000000001011000001000110000000111101100000000000000000000000000000000000000001010011000000000000000000100100000000101000000000000000000000000000100010000000
000000000000001110000000000000001001111011000111000000001010010000110010010011010000000000001101000101010001000000001110000000000000000000000000000000000011010001010000100000000000000100110000000000011000000000000000000000000010110000001100
100000000000110000000000000000001011000000000000001011001011100000011100000101000000000001000100101100000000100000000000000000011000000000000000000000000011011000010000010000000000000000000000000000000000000000110000000000000000000000000011
000000000000100110000011000000010000000000000000010010001101100000000110000011110000000001111111100000101000000000000000000000011000001100000000000000000000100000001000010000000000110000000000000000000000000000110000000011100000100000000000
000000000000010000001000100000110000001000000000100011001100000000000000001111000010000000000100110011110111000000000000000000000000011100000000000000000000000000011010111000001101001000011100000110000000001000000000000000000011000000000000
000000000000000011100001100000110100000100010000100000001000000000000100000111001110110100000110100011000000000000000000001110000000001100000000000000000000000000000010111100001100110000101100001001000000110110000000000000000110000000000000
000000000000010100000000100000000001001000101000100101001100000011000000001100001100001010000011000100000000111100000000000000000000101100000000000000000000000000000000011000000000000000010110000110000000101000000000000001100110000010100000
010000000000111011000000010000000000000000001000011110101100000101100000001101010010100000000000001000100011110110000000000000000110110000000000000000000000000000000000000100000000000000110010000000000001000000000000000010100000000000000001
010000000001001000000000100000000000000000001000010010000000000010000000001100000000110001000000010111100100000010000000000000000000100000001110000000000000000000000000000000000000000000010001000000011000000000000000000010100000000010100011
100000000001001000000001000000000000000010010000001110110000000000000010000101000001010010000000010100101000011100011000000000000101000000000000000000000000000000000000000000000000000000000000000000100100000100000000000011100000000000000001
000000000000100000100100000000000001111000100010001000000000000000000111000010000100110110000000000000001000000100101000000000000001101110000000000000000000000000000000000000000000000000010010000000011000010110000000011001100000000000000000
000000000000110000000000000110000010110010000010000000000000000000001101100000011001000000000000000000000100011000001100000000000000010001000001110000000000000000000000000000000000000000110000000000000000001100000000100101110100000000000000
001100000000000000111000000110000100000000000000000000000000000000000000110000001010001000000000000000000001100000001000000000000000010100000001110000000000000000000000000000010000001000000000000000000000000000000000010100011010000000000000
001100011000001100010000000000001101110110100000000000110000000000000000111000000100000000000011100000000000000000000000000000000000000001000000010011100000000000000000000000111010001000100000000110000000000000000000010010001010000000000000
000000100100001110110000000000010000001000100000000000100100000000000000110000000000110000000000000000000000000000000000000000000000010100000100000000000000000000000000000000101100001000000000001001000000000000100000001100000000000000000000
000000011000000111101000000000010010000000100000000000111110100000001101100000000000000000000010110000111001000100011100000000000000011100000100000000000000000000000000000000001000000000011000001001000000000001011000001100000001000000111000
000000000000000010000000000000001100000000000000000000101011110000000111000000000000000000000001000101110111000100010001110100000000000000000100001001010000000000000000000000111010000011001100011111000000000011000000001110000011100000100110
000000000000000000000000000000000000000000000000000001100100010111000010000000000000000000000000000100001000000100010000111011000000000000000000110100011000000000001110000000110010000011101100111000000000000000000000001010000100110001000110
010000000000000000000000000000000000000000000000000000010101001000100000000000000000000000000000000110000100010000000000100001000011000000000001000111001000000000010011000000000000000000000000000000000000000000000100001000001100100000111001
100101000000000000000001101000000000000000000000000000000111110011000000000000000000000000100110000000000000011000000000110100001000010000000000110011110000000000100000001100000110001100000000000000000000000000000000000000001011000000000000
110010100000000000010100001000000100000000000000110000000001110000000000000000000000000000110101100000000100111000010001000000001000010000000000000000111111000000110001000110010001001100000000000000000000000000000100000000011000000000000001
000110000000000000010000001000001110000000000000000000000000000000000000000000000000000000010101100000010111000000000101000100001000010000000000000000011100110011011110000011000000011000000000000000000000000000000011000000010000000010001011
000000000011000000000100000000000111000000000000000110000000000000000000110110000000000000000100100000100000010001101100100000000000000000000000000000100000010010010010000011000000010000000000000000000000000000000110000000000000100111101100
000000000110110000000100100000000000000000000000000110000000000000000001010100000000000000000011000000000011100000101000011000000011000000000000000010000000010001001000000010000000010000000000000000000000000000000100000000010000001000000000
011000001100110000000000000000000000000000111000001101000000000001100010000011110000000000000111000000000001111000010000000000011100000000000000000100011110110000101000000010000100000000000000000011000000000000000000000000001101100110000000
011000011100000000000000000000000000000000111000010011000000000010100010000011111000000000000111000000100001001001000000000000011100000000000000000000100101101110101000000001000001100000000001100010100000000000000100000000000000000110110000
000000001101110000000000000000000000000100100000010100100000010101000000000111101000000000000011001101111010010000100000000000000000000000000000010000000000011001100000000000000000000000000001100010000011100110010010000000000000000001100000
000000000001100000000000000000000001100101100000110101100000111110000000011000000000111000000011000001100000001000010000000000000000000000000000100000100000001111100000000000000000000110000000000000000010000010000010000000000000000001100000
000011100011110000010001000000000000100001100000000011000001110000000000000000000000111000000000010000000000000010100000000000000000000000000000010000100000001110000000000000000000000110000000000000000001001010010010000000000000000000000000
000100100001100000111010000110000000100111100001000000000000000000001000000000000000111000000000010110000011100000000000000000000000000000000000001111000000001100000000000000000000000000000000000000000000100011110100000000000000000000000000
000100010001110000011010000110000000010100000010100000000000000000000100000000000000000000011000010000000111110000000000000000000000000000000000001100000000011110000000000000000000000000000000000000000000000111011000000000000000000000000000
000000010001100000100000000000000000000000000100000010011100000001011000000000000000000000011110100000000101110000000000000000000000000000001100000000000000001110000110000000000000010000000000000000000000111110001000000000000000000000000000
000101100000000001111000000000000000000000000010100010000100000000110000000000000000000101100001000000000011010000000000000000000000000000001101011000000000000000001011000000000000011000000000001100111000111001010000000000000000000011000000
001100100000000011100100110000000000000000000001000001000100000000000000000000000010000111100000000000000001100000100000000000000000100000000111110000000000000000000001000000001000010100000000000000110000111000000000000000000000000010000110
001101000000000010000010110000000110000000000000000001001000000000000000000000000000000101100110000000000000100011011000000000000001010000001111100000000000000000000001110000010100001100000000000000000000010000000001000000000000000000001100
001101100000000000010000000000001001000000000001100000100000000000000000000000000000000000001000000000000000000010010000000000000011011000011100000000000001110000000001110000011100000000000000000000000000000000000011100000000000000000001100
000101100000000000001001000000001001000100000001100001001000000000000000000000000000000000000000000000000000000001100000000000000000100000010010000000000001000000000001011110001100000000000000000000000000101000000110110000000000000000000000
001101100000000011001011000111000000001110000000010000000000000000000100000000000000000000000000000000000000000000000100000000000000000000010010000000001000111110000001100000000010000000000001100000000000010000001110111000000000001100000000
000000100000000011000100000110001010011011000000000000000010000000000000000000100000000000000000011100000000000000001101000000000000001100011011000000011100000000000000000000000001000000000001100000000000000000000110110000000000011100000000
000000100000000000000000000111011100001100000000011100000000000000010101100010000000000000000000010001000000000001110000000000000000110001011000110000000011011110100000110000000010100000000000000000000000000000000011100000000000011100000000
111110100000000000000000000001000000000101000000011100110101000000011100110000110000000000011000100011110000000000100100010000100000110010000100011000010110001000110000110000000010100000000000000000100010000000000001000000001000001100000000
111011000000000000000001100101000000000111000000001100110100000000011000001101111100000000111100001011010000000001011101100001110000100000011100001000000000011000010011000000000001000000000000000001011101000000000000000000010000000000010101
110000000011001100000001110101100000000001000000000000110010101100000110000110110100000001000100101000010000000110011111100011001000000000010000000000000100000011000100001100000000000000000000000010000110000000000000000000100100000000100101
000000000000001100000000100000000000000000000000110100111000011100000100000000110010000000000001010000110100000110001100000011001100000000010100000000000000100111100110000000000000000000000000000000000100000000000000000000010100000000011100
100000000110000000000000010100000110000000000000000000000000001000000010000110001111101000000000100000011000000010001100000010001000000000001100000000001001001001000111011100000000000000000010010000000000000000000000000000100000000000010001
000010001000000001010000000100000011000000000000000001000011000000000000000000000111111000000000000000010000000000001011100000001000000001000000000000000001011100000000001100000100000000000010010000010000000000000000000000111010010000000001
001100001000000011000000000000001010000000000000111100100011000000000001000000000001110000000000000001100000000000000000111001110000000000100000010000000000010000000000000000000110000000000100010001000000000011000000000000000111010000000000
000110001000000001010000000010011100000000000000110000100011000000110001110000000000000000000000000001110100000000000001000100100000001101100000101000000000001100000000011000000011000000000101000001000000000000000000000001001111000000000000
000000001000101000100000000001001000000000000000001100000000000010010000000000000000000000000000000110000000000000100001111000000000010000000001001100000000001100000000000000000010000000000011000100100000000011100000000000001100011000000000
000000001000010100000000000001010000000000001100000000001111000100100000110000000000000000000000000110101000000000011101010110111000011000000000110111000000000000000000000000001000000000000001000000000000000000100011000000010000000000000000
000000001000010110000000000000110000000000010100000000011100111110000000000000000000000000000000000110110000100000000010101000100100011000000000000011000000000001100000000000001100000000000001110111000000000000000011000000011100000000000000
000000001000001111000000000001110000000000111000000000010001010100000000111010000000000000010000000000000011000000000001000000011100100000000000000000000011000010010000110000000100000010000000101010001101000000100001000000010110000100000000
000000000101111101100000000010000000000000111000000011111110010000000000001101000000000000111000100000000000000000000000000000000001010000000000000000000100100001100001001000000001000101000000011100000001000001010000000000011100001011000000
000000001000000001100000000000000000000000000000000001100000100000000000000101000000000000111000000000000000000000000110000000000001010000000000000000000011000000000000110000000000100010000000001000001001000010010000000000001000000000000000
000000011000010010110000001101000000001000000000000000100100110001000000001010000000000000000010000000000000000100000110000000000000100000001000000000000000000000000000000000000000000000000000000000000110000001111100001100000000101011000000
000000011000001001100000010011000011000001110000000000000001001010100000000100000000000000000000000000000000011000000100000010000000000000010110000000000000000000000000000000000000000000000000001100000001100000001100000000000001000010000110
000000000000000111000000000010000110110100110000010000111000000000010000000000000000000000000000000000000000000000000000011011000000000000010110000000000000000000100000000000000110011100000000001111000001100000000100000000000011010000000011
000000100000000000000000011100000001000100110000011000111000111010110011000000000011000000000000000010100000000000000001111011000000000000001001000000000011000001111000000000000110011110000000010011000010000000000000000000000000001000110010
000001110000000000000000000000000000000001000000100000011000000001001000000000000110001000000000000001000000000000000000000011000000000000000110000000000110000010000100000000000110000100000000001010000001111100000000000000000001010000000010
000010001000001101000100000000000000000011000011011000010000000000000000010000000000000110000000000000000000000000000000000110000000000000000110000000000010100011100010001000000001111000000000010100000001111000000000000000000001010001100010
000101111000000001111110000000000000000011101000101000001000000000000000000000000000000110000000000000000000000000000000000000000000000000000000000000000001100000000111110100000000011000000000000110000000000010000000000000000011000000001010
000000110000110101000000000000000000000000110001101000000000000110000110001000000011000111001100000000000010000000000000010000010000000000000000000000000000000000000001100001100000000000000000001100000000000011100000000000000010000010000110
000011000000110110110101000000000000110000000100000100000000000000000001110000000000100000000110000000000111000000000000001000111000000000000000000000000000000000110000000000000000000000000000000011100000000110110000000000000100010000000000
001011000000000100000111100000000001000000000101000000100000000000000000100000000100100000000100000000001000000000000000111001101100000000000000000000000000000000000001100001100000000000000000011011000000000010001100000000000011100010000000
011011000000011111110100100000000001000000000101000010100000000011111000111000000110000000001101100000000110000000000011010000111000000000000000000000011000000000000010000011000000000000000000011000000000000001100100000000000001000110000000
000100000000000000000111100000000000000110000101011111000000001100000100111000000000000000001100100000000100000100000100011000010000000001100000000000011000000001100001000011000000000000111000010000000000000001101100000000000000001010000000
000000000000000000011011000000000000001101001110100000000000001100000010010000000000000000000100100000000000001010110100011000000011100001100000000000000000000001000000000001000000000000111100000010000000000000010000000000000000001000110000
000000000000000000011100000111111000000000011001000000000000000101000000100011000000000000000011011000000000000000000000001001000111010000000000000000000000001101100000000000000000000000100101111110000000000001110000010000001100001100000000
000000000000000000000000000110011000000000001110000000000000000010010000000100100000000000100000011000000000001000110000010001100000111000000000000000000000001101000000000010000000000000001101110100000000000010000000010000000010000000000100
000000000000000000000000000010010000000000001100000000000000000010111000100101000000000000000000011000000000000000110010001010011110100000000000000000000000001000100000011000000000000000000101000000010000000000000010000000110111000011000001
000000000000000000000000000001110000000001000000000000000000000100000010010010000000000001011010000000000110000110000110010001100010000000000000000000000000000110110000011000000000000000110000000000101000000010000000000010000011100000100001
000000010000000000000000000000000000000011000000000000000000000100001000010000000000100000000001100000000000000001100000000001000000000000000000000000000000000000000010000000000000000001000101100000001000000000100101000000100000110000010000
000010010000000000000000000000000000000011010000011110100000000000111100100000000011010000000000100000001101110000101010000010100000000001100000000000000100000000000111000000000000011110000011000011000011000001000110101111000001000000010010
001000110000000000000000000000000000000001110000011010110000000111001111000000000011001000000010000000000101000000000011000010100000000000110000000000001110000000000000010011000000010001011000001101000000000000111101001100000000000000001000
000111001011000000110000000000000000000000100001000000100000000011000000000000001000010000000001100000011001000000100000000100010000000000010000001111110011000000000010001011000000000001100000000000100000000001101000000000000000000000000100
000000001011011101110001100000000000000000000111011011000000000011100000000000110100001000000010000010011100000001010000000010100000010100101000001010001001100000000110010000100000001100000000000000000001000000001100000000000000000000000000
000000001000110100000000010000000000000000000110001010000000000000000000000001010100000101000001000010011101100001010000000001000000001100101000000010001011000000010001100000000000001100001000000000010010000000011010000000000000000000000000
000000000011110000110001110000000000000000010110001000001100000000000000001100001000000101000000000100011110100000000000000000000000000000000100000000111000000000001111000000000011101100001110000011001001000000010110000000000000000000000000
000000000001111100010000010000000000000000111101001000010100000000000000011101000000000000000111011000011011100000000000000010000001101100100000000010000000000111010010000001000000000111100010000011000111000000000001100000000000000000000100
000000001110111111010000110000110000000101001100110000001000000000000000110000010100000000000001100000011100000000010000000101000001000000111000000010000000001011011100000000000000000011110000000000000101100000001011010000000000000000001010
000000010110100001100000000000110000001100010100000000000000000000000000000000010100110000010110000001100000000000101000001101100001010011100100100100100000001000000000000001010000000000110000000000001000010000001111010000011000000000001100
000000001010100110110000000000000000010000010110000000000000000000000100000100010000000000010001000001100000000000000100000100100001110101100100011000101000100001011000000010010000000100000000000000011010010000001100001000100100000000000000
011000001110110101010000000000000000001111010100000000000000000000001110000010000000000000000101010000001000100000100100000110110000000000110100011100000010110001010000000010010000000010000000001000000000010000000110010000011100000000000000
011000000100000100000000000000010000000000001000110100000000000000011101000100000000010000001000010000000000000000010100000010100000000000001001000000100010000110010100000010100000000000000001011000000000000000000010010000100100000000000000
010000000000001000000000000000010000000000000000000010000000000000100011100000000000010000000001001011100010010000010010000001000000000000000000011111000000000011000100000111110000000000000001111000000001000000000001000000011110000001100100
000000000000001000100000000000010000000000000000100010000000000001100001000001100000110000000001111100000000010000000000100000000000000000000101110000010001100001000000000000001000000000000010100011111100000110000000000000100011000010000100
001000000000000100100000000000000010000000000000011100000110100000000110000010010011100000000001000000000101010000001000111100000000000000000000000000010000010011010000101100010000000000000001110010000000001001000000000000000000100010001000
001010000000000011000000000000000101000001000100000000000010110000111100000000100011100000000001000010000000101011011000011010000000000000101000000000010000010010000001011011100000000000000000110011000000000111111100000000000100000001000000
001010000000000011000000000000010000000001100000000000000011010000011000000001110000000000110001000001100000011111100100001001000000000010001001000000000000000110000001011000000000000000000000101000000000000000010010000000000100001100000000
010110000000000000000000000001100100010000000010100000000000100000101110100000100100000011001001000110011010001011111100000001000000000001000001000000000111001100000110100000000000000000000000000000000000000000100110000000000100000100100000
001000000000000000000000000000000110100000100000011000000100010001101010000000100011011100010000100100000001000000001000000101000111000000111000000010011110110000001110000010000000000000000011000000000000000000011000000000001010101000011000
000000000000000000010001010001100001100000001110000101000010100001000000000000000000100000110000010100001010100000000000000100000000100000000000000100000101100000001001100111000000000000001101010000000000000000101000000000011000100001000000
000000000000000000110000001000000000001000000000000100010001000001000001100000000011100111000000001110001001100000000001110000000100010000000000000111111011100000001111100011000000000000000001100000000000000001100100000000011001000001101000
000000000000000000100000010000000000001000000000000100010000000000110000000000010000011000000000000000000001000000000001110000000010001000000000000000110011100000000100010000000000001000001000000000000000001011000000010000011100000000010000
000000000000000000000110001000000000000000000000000001111110000000010000000000001000000000000000000000000000000000000011101011000001001000011100000000000000000000000111110000000000011000000010100000000000001001110100101000000000100000000000
000000000000001100000000010010000000000000000011001000111101000000001100001000000000000000000000000001010000000000000011011011000010001000100001000000111000000000000000101100000000011100000000000000000001110001111000101000000000110000000000
000000000000000000000000011000000000000000001100110001011000100000000001000111100110000000000000000010010001100000000001010010000100000000111110000000110000000000000000100100000000000000000000110100000001100100100000101000000000010000000000
000000000000011010010000000111100000000000001110011111010100100111000001000000100101000000000000000001010001100000000001110000000000010000000000000000011000000000000000011000000000001100000100001010000000000010100000001100000001001000000000
001110000000000110001000000000101100000000000000011100000100100111000100000000010001100000000000000000000000000001000001110000000110100100000000000000001111000000000000000000000000001000000000011010000000000001000000001110000001001000000000
001110000000000010101100000001000100000000010000011100000100000010011010000110000010000000000000000000000000000011100011011000000001010100001010000000011100000111000000000000000000000100000000011100000000000000000010011111000000110100000000
000000000000000010011100000011110100000000011100000000000011000000100011000100000110000000000000000000000000000110010011011000000010000101000010000000000000001000100000000000000000000000000000000000000000000000000010010000000000010110000000
000000000000000011101000001111111000000000000000000000000000000000010100000101101100001000000000000000000000000101010001100000000001000000110110000000000000000110000110000000000000011011000000000000000000000000000100100000000001110100000010
000000000000000000000000001000100001100011000000000000000000000000010010000000101100001000100000000011100000000011011010000000000010000010110000000000000000000011010110000000000000000011000000000000000000000011000010110000000001000100000010