000101000000000110001100000000000010010010100000000000000000000010000001100000100000000100010000010001100000001000000101001000000000000000000000000001000000000000000110000000000000000000000000000000000000000011000000000000000000000010000000
001000100000001110001100000001000011010000000000000000000000000011000000011000000000011010010000100011000000001000111101011000000000000011000000000110100000000000110100000000000000000000000000000000000000000000000011010000000001000100000000
000101000000001100001010000010100001000000000000000000000000000000000001100100000000011100000000001100000000000110000001100000000000000011000000000110110000000001000100010000000000100000000000000000000000000000000000100000000000111000000000
000010000000000001101001000100000000000000000000000000000000000000001110111000000000110101000000001000000000000000110001101000000000000000000000000110010000000001100000001000000001000000001000000000000000000000000000000000000000000001000000
000000000000000101000110000010001000000000000000000000000000000100000000000000000000000111001100001100000000000111110110010000000000000000000000000011011000000000000111001000000000100000011000000000110000000000000001100000000000000110000010
000000000000000010000000000001101000000000000000000001110000001010000000000000000000111110001101100111000000000100000000010000000000000000000000000001000000000000011001010000000000000000110000000000110000000000000001011000000000000111000101
100000000000000000000000000000111000000000000000000000010000000110000000000000000000111000001010100010100000000000000000000000000000000000000000000001000011000000000101010000000000000000011000000010010110000000000000011000000000000000000101
100000000000000001000000000000000000000100000000000010010000000110000000000000000001011000000000000010110010000000000011000000000000000000000000000000100000100001001000010000000000000000001000000011010110000000000001011000000000000000000011
000000000000000010100000111000000000001010000001110000100000011100000000000000000011000000000010000111001001000000000011000000000000000000000000000000000000100001001001100100000001000000000000000001110010000000010001100000000000000000010000
000001100000000010100000000000000000011011000000011001000000001100000000000000000000000000000001000100000110000000000000100000000000000000000000000000000011100001001000000000101011000000000000000000000100000000010000000000000000000000001000
000010010000000001000011000100000000110011000000001110000000000000000000000000000100100111000000001010000000000000000011000000000000000000000000111000101100000000110110000010101110000000011100010000000000000000010000000000000000000000010000
000000100000000000000011001000000000110110000000000000000000000000000000000000001000000111000000010010000000000000000011000000000000000000000001000000101010100000001111100110101010000001100001101100000000000000000000000000110000000000000000
000111000001110000000000101000000000110110000000000000000000000100000000000100000000000000000000011000000000000000000100000000000000000000000101000000000000100000000011100000000010000000000000100100000000000000000001101001001000011000000111
111010000001110000000000100000000000001000000000000000000000000110000000011000000001111101000000000001000000000000011100000000001110110111000100011000001000100000000000111111000101000010001011111000001100000000000010100000101000011000000100
100000000010000100000000111000000000000000000000000000000000001011000000000000000000010001000000001011000000000000011100000110000000110100001001100000001001000000000000000100101100000000001000100000000000000000000001000000001000101000000110
011011000001111100000000000000000000000011000000000000000000000100000101000000000000110000000000000100000000000000000000000110000000101011000100000000000111000000000000000000010010000000101110000000001010000011000000000100001000010000000000
000000110000000100000100000000000000010010100000000000000000000000000011000000000000000110000000000000000000000000000000001001000000000001000000000000000000000000000000000001100000011101110000000000010010000111100001010000001000010000000000
000001010001100000000110000111000000000010001000001100000000010001100110000000000000001100000000000000000000000000000000000110100000000001000010000000000000000000000000000000000000111000110000000000010000011100100000000001001000000000000000
000000011010010000001011000000011000010010000000001000000000110001011110000000000000000000000000000000000000000011000000000110100000000001101001000000000000000000000000000000000000100111100000000000001100001000110010001000000000000000000000
000000100010000000000100000000001000000000001110110110000000000000011100000000000000000000000000111000000000000011000000000001000001100000101000100000000000000000000000000001100000110111000000000000000110010110110010000101110000000000000000
000000000000001000000000000000111000000000000111100001000000000010001000000000000000000000000111011000000000000000110000000000000001100000110001000000001000000000000000000000000000000000000000000000000010011001000001101100000000000000010000
000000000010001000000000000000000000000100110010100001000000000000000000000000000000001000000000100000000000000000111000000000000011100000000000000000001000001000000000000000000000000100000000000000000000000001000000000000000000000010000000
000000000001110000000000000000000000001000000000000000100000010000010000000000000001111000000000000100000000000000001000010000000000000000000000000000000000011000000000000000000000101000000000000000000100000011000000000000000000000000010000
000000000000000000000000000000000000000100000000001000010000010001001000000000000001110000000000000111100000000000000000011000000000000000000010000000000000000000000000000110000000010000000011000000100000010100000000000000000000000000000000
000000011000000000000000000000000000000000000001001000100000000001001000000000000000000000000010000111010000000000000000001100000000000000000001000001111111001000000000000110000000000000000000000000001110001100100000000000000000000001000000
000000011000000000000000000000000000101000000001000100010000000000000000000000000000001000000010000000100000000000000000110100000000000000000010000000001111111000000000000000000000100000000000000001000000010011100000000000000000000010000000
000000000000000000000000000000000001101000001110000000001100000000000000000000000000100001000000000000000000000000000000000000000000000110000000000001111111100000000000000000000100010000000000000001101101010000000000000000000000000100000000
000000000000000111000000000000000000000100001100000000000000000000011000000000000001000001000000000000000000001100001001000000000000000110000000011000000000000000000000000000000100100000000001100000001110100000000000000000000000100010110000
000000000000001110000000000000000000000010010000000000000100000000000000000000000000000001000000001000000000010110010100110001000000011100000000110000000000000000000000000000010001110000001010000000000000000000000000000000000001010000000000
010000000000001010100000000000011000000001100000000001111000000000000000000000000000100100000000010100000000110000100101000001100000001100000001010000000000000000000000000000011100011000001000000000000000000000000000000000000001001000000000
100000000000111001000000000000101000000000000000000000100001000000000000110000000000011100000000010100000000001000011001100100000000000100000001010010000000000000000000000000001000000000000010000000000000000000000000000000000001001000000001
110000000000000000000000000000101000000000101000000000000001100000000001000011100000000000000000001000000000000000000001111110000000001100000000111011000000000000000000000000000001000100000010000000110000000011100000000000000000100100111000
000000000000000000000000101000110000100000101000001100000001110000000000000010000000000000000001000000000000000000100000011000000000011000000000011010000000000000110000000000000000000100000000000000000000110000100000000000000000110000000000
000000000000000000100000100100110100100000000000001100000011001000000011110010101000010000000111000000000000000001010000000000000000000100000000000111000000000000110000000001110001011000000000000000000001111000000000000000000000000000000000
000000000000000001110000101000010001010000000000000000001011101001100011101111001000101000001000000000000000000010001100000000000000000000000000001100110000000000010000000001001100100000000000000000000010001100000000000000000000000000000000
000000000000000001001000000000001110000000000000000000000101001011100110001000000000110000010011001000000000000001100000000000000000000000000000010100110000000000000000000000101100000000000000000000000010100110000000000000000000010000000000
000000000000000000001100000000000000000000000000000000110111010000100101110001101000000000110011010100000000000000010010000000000001100000000000100000100100011000000000000000011100000011000000000000000001101100000000000000000000010000000001
100000000000000000001110000000000000000000000000000000100000000000010001111111101100000000010010110100000000000000000010000000000001100000000000101110001000011000000000000000000000000000000000000000000000111000000000000000000000010000000010
100000000110000000000000001101100000000000000000000000011010000011110101110000001000000000010010110000000110000000010000000000000000000000000001100001101000011000000000000000000000000111000000000000000000011000000000000000000000000000000010
000000001001000000000000000000001110000000000000000000000000000100000000000000000000000000001100111000011111000000001100001000000000000000000000011001101000000000000000000000000000000000000000000000000000111000000000000000000000000000001011
000000001001100000000000001101100110000000000000000000000000001000000000000000000000110000000110010000011010100000000000010000000000000000000000001000000000000000000000000000000000000000000000000000000000101000000000000000000100000000000110
000000000110011000000000001000011100110000000000111100000000000000000000000000000000001000011111010000000001100000000000001010011000000000000000011001101000011000011100000110000000000000000000000000000001001100000000000000000110000110111000
010000000001011000000000000010001100110000000000101001000000000001000000000000000001000000111100000100000000000000000000000000011000000000000000011011010000010110100100000011000011100000000000000000100001001100000000000000001000011000110000
111110000010001000000000011011111000000000000000000000000000000110000000000000000000000001000001000000000000000000000000000000000000000000000000000110000000000100101100000001110000100000000000000011010001000100000000000000000010000000000000
111110000001010001100000000000010000000000001100000100010000000110000000000000000000100000000111100001000000000000000000000001100000000000010000000000000000000100000000000000110001000000000000010011010000101000000000000000110010000001000001
000000011100100001100000000000000000000000010010000000010000000000000000000100000000000000000110000101100000000000000000000010000010000001101100000000000000000000010000000000000010000000000000110011010000100000000000000000011000100000000000
000000000101000000000000000000100000000000000000000000010000000000000000001010000000001000001000000000000000100000000000000001100001000001100000011000000000000000100000000000000000000010000001100101000000011000000000000000000000001001000111
011000000001000000000000000000011000000000100010000000000000000000000000000110000000000100010000000000000011100000000000000000100000100001100010011000000000000000000000000000000000000101100011001100000000100100000000000000000000001111000111
011010000000000000000000000100011000110000000110000111000000000000000000000000000000001110100110110000001110000000001110000000001000100000010010000000000000100011100000000000000000001100100111001110001000011000000000001100000000000100000000
011110000001000000000000001010000001000000111000000000000000010000000000000000000000000001000100010000001100000000001111000000001000000000001100000000000000111001011000000000000000001001000010000000001110010000000000001100000011000011000000
000000000000100000000000101110000000110000000000000000000101010000000000000000000000000000000011100000001100000000010000010000000101000000000000000100000011110000011000000000000000000011000001000000000010010010000000000000000110000000000000
000000000000100011101000110001000000000000000000110010111001001000000000101000000000000000000011100100000000000000001100000000000000000000000000001110000000000110101000000000000000001111100000000000000100100001000000000000000011000000000001
111000000000100000101100111011000000000000000000110100100001011000000000010000000000000000000000001110000000000000000000000000000000000000000000011010000000000000001000000000000000001101110000000000000000110001000110000000000000000000000011
000000000000000011101100000000001010000000000000000010010011001000000000000000000000000000000000011111000000000000000010000000011000010000000000111001100000010000001000000000000000001001010000000000000001000001001100011000111000000000000001
000111100000000110100100011100010011000000000000000011111111110000000000000011000000000000000000101011100000000000000000100000100100100000000000011000000000000100100000000000000000000001001000000000000000100010001100000000000000000001100000
010010100001100111001110010010100001000000000000000010100000100000000000000011000000000000000000001011000000000000000000000000011000100010000011011001100000000110100000000000000000000001001011100000000000100000000000000001000100000010100011
000000000001010001100001000010010111110000000011000011100000000000000000000000000000000000000110000110000100000000000000000000000000001010000011001000000000000001000010000000000000000000100000010000000000000000000000000001000100000010000011
000111000001100000010001011011000110010000000000000000000000000000000000000000000000000011000110001100011111000000000000110000000000000000000011111000000000000000001101100000000000000000000001010000000000000000000000000001001000000010100000
000011111001101100100010100001000001100000000000000000000000000001100000000000000000000110000001101100110100100000000000011000000000001000000000001000000000000000000001100000000000000000000000010000000000000000000000000110001000000001100000
000000011001101100010100010001000000000000000000000000000000000010010000000000001000000000000001101100011011100000000001011000000000010100000000110001000000000000000001000000001100000000100110100000000000000000000000001011000000000000000000
111000000001011000000000010010000000001111000000000000000000000001010000000000001000000000101000101000000001000000000000100000000000010000000000111000000100000010001000010000010010000001000000001000000000000000000100011010000000000000000001
001000000000100000000000000000000000010000100000000000000000000000100000000000001000000000010000010000000000000000000000010000000000000010000000000000001010000101111011110000001100000000100100001000000111000010000100010011000000000000100000
000000000000000000000000000000000000010000000110000000000000000000000000000000000000000000000000000000000000000000000000011000000000000010000000000000110000010000000110110000000000000000011100011000000101100011000010010011000000100000111000
000000000000000000000000000000000000001101000111000001000000000000000000000000000000000000000000000000010000000100000000010100000000010000000000000000111110100001101010011000000000000000000000100100001001011001001010011011000001010001000000
110000000000000000000000000000000000000000000011000001000000000000000000000000000000000000000010000000110000011011000000000100000000010000000000000000000010000010000100011011000000000000000000100100001011001000001110000100000010000000110010
110000000000000000000000000000000000000000000011011000010000000000000000000000000000000000001101100000101000011011000000001110000000000000000000000000000011110000000100100001000000000000000001100000001001100000000000000000000100110000011110
011111000000000001000000000000000000000000010011101101111000000000000000000000000000000000000101000000000000111000000111001110000000000000000000000000000111000000000000010110000000000000000001100000000000111000000001000000001000100000000001
010110110000000011100000000000000000000000011100100000001000001000000000000000000000000000000010000000000000000000000000001000000000000000000000000000000011000001000100000110000000000000000101000000000000000000000010001011001000010000000011
000000101100000010010100000000000000000000001000011000010100011100000000000000000000000000000000000000000000000000000000000000000000000000000000000000011010000011111010000000000000000000001001000000000000000000000100001000101000010000110011
000111011100000000111100000000000000000000000001001100000000101010001000000000000000000000000000000000000001100010000000011000000000000000000000000000011011000101110001000000000000000000000001000000000000100000000100000001000100010000000001
111110000001100000011100000000000000000000000001111000001000101010000100000000000000000000000010000000000001100010000000111100000000000000000000000000000100000000001001000000000000001000000011000000000001000000000011101111000011000000100111
000000001111100000000011000000000000000000000000010000001000011100000100100000000000000000000101000000000000000000110000000111111000010000000000000000000000000010010101000000000110110000000101000100000001110000000100000000110000000000011100
000000001000100000000100100000000000000011000000001000100000001000011101010000000000000000001001000000000000011010011010000101100100100000000000000000000000010011110101100000000100110000011100111000000000000001110011000100011000000000000000
110000000100000000001000100000000000001101000000000100000000000001000000001000000000100000000110000000000000100010011100000010000001100000000000000000000001100111110000000000000000011000001100110000110000000000010011000100000000000000000000
110000000000000100010110011000000000001110000000000000001100011010001000010000000001010000000001000000001000000011100000010011100000110000000000000000000000101110000000001100000000110100000000010000010000000001110000100100000000000000000000
000000000000001010010100110000000000000000000000110000001100100110011011100000000000110000000011000000001000000010011000000010111001000000000000000000000000010000000010001100001000110010000000010000010000000000000000100000000000000000000000
000000000000011011110110100001000000000000000001110000000000011000100001000000000000000000000000000000001000000000100101000011010001100000000000000000000000000000000010000000010001010100000001011000100000001000000101111100000000000000000000
010000000000011011100000000110100000000111000110110000000000001100100000000010000000000000001001100000000000000000100010000000000010000000110000000000000010000000000100000000010000001000000001000110000000010010011001111000000000000000000001
001000000000000000000010001000100000000110000010100000000000000000000100000101000000000000001000000000000000000000000001000010100001111100010000000000000000010000000000000000001001000000000001000000000000010001001100110000000100000000000100
001000000000000000000000001011000000000010000001000000000000000001000100000100101000000000000001100000000000000000011111000100100001001111100000000000000010010000000010100000000001100000000011000000000000001001010011110000001010000000001110
110000000000000000000011001000000000000110110000000000000000000000101000000101001011110000000001100011000000111110111111001101000001101110000000000000000010000000000001100000000000000000001001000000000000000010000000010000001001000000010010
000011100000000100000110011100000011100000110000000000000000000000010000000000000000001000000000010110000000111001100000100100000000000000000110000000000110100110010000001000000000001010011101000000010000000001110000000000001101100000110001
100100100000010010000010101100000011100110110000000000000000000000000000000001001001001000000000000011000000110000010011010100101000100000000110000000000110100000001000011000010100000001011011000001000100000001111100100000001000000000000010
100110110110010100000001110000000000000110110000000000000000000000000000001111011011010000000011100010100000000000010001000000111001110000000000000000000110100000001000000001110111001000100111000001000000000001100011100000011010010010000101
000000001001010000000000000000010000001010111000000000000000000000000000110000000011010000000011100010110000000000011000110000111000000010000000000000100000000000011011000001001001000001000100000001000100000001000011000000010000010010000100
100000001010000010000000001100101000001111111000111011100000000000000000110111000101101000000011000011011000000000010010110000011000000111000011000000100000001001011010000010001110000100010000000000001000000010000000000000001000000001110000
100000000000010010000000010011001000000011100000000001000000000000000010001111000000111000000001100011001001100000011011100000011000001101100010100000100000000101011000000001111100000111110000000000000001111000100000000000001000100000000000
111111000000110010011000010000111011000000000011000001001100000000000011000000010010000000000001101110110110010000000000001000000000011101110000000000000000001100000100000010000000000100001000000000000010110000100000000010000100100001000000
001001000000111100100010101101010001000000100011110000111000000000000010000000011000000000000001101100000100000000001100011000111000011001100000010000000000000001000000000011100000001000101000000000100111010000100000000010000000000011100000
001011000000001000101011111001100000000000100001100100110000000000000111000000001010000000000000000000000000000000000000000111110000101111000011111000000000001001100000000010000000001000000100000000100110001010101000000011100000000011100110
001000000000000001100010010010010000000000100000000011110000111000001000000000000100000000000000000000000010000000000100100000000001111110000010001100000000010000010000000000000000000100000100000000000011000000001000000000100000000000000111
000000000000000000000000000010010000000000000000000001000000101000010000010000000000000000000000000000000001001001000101000011000010010000000010101110000000010000011000000001101000000100000100000000000011011001001000110001010000000000000110
000000000000000000000010100001100000000000000001100000000001001000000001010000001110000000000110000000110000000001111110000011000110000000000010100110000000001000001000000000101000000100000000000111000011011000000001010001010000000000010010
111100000000000000000001100000000010000000000001100000000001010000010010000000001110000000001001000000110000000001111100000001000110000000000001000000100000000111111000000000001011000100000000000111000010001111100011001001100000000000111011
000000000010000000000000100000000010000000000000000000000001110000001111000111000000000000000110000000000000000011000000000000000100100000000000000010100000000010110000000000001011100000000000000000100100000110000011011000000000000001110100
000000100010000000000001000000000101000000000000000000000000000000000001000111000000000000000000000000000100000000000000000100000110110000000000000100000000000100100000000000000111101110000000000000000010000000001000001000100000000001100100
100001000101000000000000000000000010100000000000000000000110000000000010111000010000011000000000000000001111000000000100001011000100010001001111000100000000000000100000000000000011010000000000000000000000000000001000100100010000000000000101
000110000001000000000000000000000011100000110000000000001001000000000111011100000000011000100000000000001001100000000010001011000100010001001100110100100000000101000000000000000011010000000000000000000000000000001000100000000000000000000100
000000000001000000000000000000000001000000110000000000011100000000000111010100000000000000110000000000000111100000000111101000000010100000000110000100100000000010000000011100000001000001000000000001110011000000000010000001110000000000001100
110000010000000000000000000011000000000000000000000000000000001100000001001101001000000001010000000111000010000101000010111000000000000000010100000011000000000000000000000000000001000000100000000000111101100000000010010000000000000000000011
000000011000000000000000000000000000000000000000000000000000010100001000010101011000000000000000000110000000000100000000000000011000000000000100000000000000000000000000000000000001000011100001100000000000010000000010010000000000011000011100
110001101000000010111000000000000000000000000001000000000000100100001101100101010000000000000000000100100000000000010000000000100110000001000000000100000110000000000000000000000001001001000000000000000010100000000010001000000000011000010001
000011000000000111011000000000000000000000000011000000000000100100000100010100110000000000000000000010010000010001110011101001000111000000101000011000000110000000000000000000000001110000000000000000000000000000000100101100100000100001000100
000101000010001001111000000000000000000000000100000000000000010110000000101100100000000000000000000010000000010100101000100011000000100000010000000000000000000000000000000000000011100000000000000000000000000000000101001100010000011111111000
000100000111001100000000000000010000000000000010000000000010000000000000101100001000000000000000001000110000000000111101110001101110110000000000000000000000000000000000000100000100100000000000000000000000000000000010111101001000000000000100
001110001000101100000000000000101101000110000000000000000001000110000000001101101000000000000000110000000000000000100001100101011000100000000000000000000000100011110000001010000100001100000000000000000000000000000000011001010000000000001100
000100011011001100011000000001101010011001000000000000000001000000000000001010000001100000000000000000000010000000111000100000100000100000000000000000000001100000001000011011000100000000000010000000000000000000000000000000000000000000001100
000111000000000100100100000001100000100110000000000000000000011000011000001000011001110000000100000000000110000000000110100000101000100000000000000000000001010001000100010010000001100100000010100000000000000000000000000110000000000000000000
010101010100000110011000000000110000100000010000000000000000001000011000001100001000110000001010000000001001000000000100110000011000100000000000000000000000111000000100110110000000000000000011000000000000000000000000000100000000000011000000
001100001110001110000000000000001101000000101000000000000000011000110000000100000100010000011010000000000110000000001100000000000111000000000000000000000000111001101110010100000000000000000000000000000000000000000000000100110000100000100011
101000001110001110000000000000000000000001001000000000000000000000000010000010000100000000001000000000000000000000001100000000000111000000000000000000000000000001000100001000000001000000000000000000000000000000000000010011010000011000000111
110000000000001000000000000000000000000000110000000000000000000000000010000001000000001000001100110000000000000000000000000000011000000000000000000000000000000000110100000000000010100000000000000000000000000000000000101000000000110011111101
110000000000000110000000000000000000000000000000000000000000001100000010000001000111101000000011101000000000000000000000000000011011000000100000000000000000000000011000000000000000001100000000000000000000000000000010001000000000100000111001
000000000000000000000000001011000000000000000000000000000000000000000000000000000011000000000000010000000000000000000000000000011011000001010000000000000000000000000010000000000011111100000000000001110000000000000111001000000000000000011100
000000000000000000000000001000011000000000000000000000001000010010000000000000110010010000001000011000000000000000000000000000000110000000110000000000000000000000010111000110110000110100000000000001010000000000011010000000000001000000001100
000000000000010100000001010000000000000000000000000000010100000000000000000000001100100001010100011000000000011100000000000000000000000000000000000000001000000000100011000110001000010000000000000010010000000000011001100000000010111100000000
000000000000010100000001011000001000000000000000000000001000100100000100000000000000011011010010011000000000100010000000000000000000000000000000000000001100000000010000000010001000010100000000000010100000000000110001000000000100011100000000
000000000000001000000001011000110000000000000000000000000000100100000010000000000000000111001000001000000000110110000000000000000000000000000000001100010100000010110100000001001100011000000000000011100000000000111011000000000100000100000000
000000000000000000000000000011100000000000011100000000000000001000001000000000000000000010001100010000000000101100000000000000000000001110010000001110011100000100111100000100000000000000000000000000000000000000011001000000001100010100000000
000010101000000000000000000000000000000000000000000000000000010000001010000000000000000100011100001000011100000000000100000000000000001001111000000001101000000000011000001000010000000000000000000000000100000000111001110000000101010000000000
000010100110000000000000000000000000000000000000110000000000000000000100000000000000000010010110010001100000000000001000000000000000001100000010000001110000000100100000001000001000000000000000000000001100000000011001110000000011100000000000
000011000110010100000000010000000000000000100000110000000000000000000000000000000000000001000010100001001100000000001000000000000000000000000001000000000000000100010000011010010000000000000000000000011000000000011001001000000001000001000000
000000011100100100000000101011000000000001011000000000000000000000000000000000000111000000001001000010010000000000000000000100000000000011000000110000000000000000100000000101100011000000000000000000111000000000001011011000000000000000000000
000000011000110100000001100001100000000000010100000000000110000000000000000000000111000000010010000001100000000000010000001011000000000000010000000000000000000000001100000000000010100011000000000000011000000000000011010000000000000000000000
000000000000000000000000100000110000000000001111000010000001000000000000000000011010000000000001000000000000000000010000001001000000101000000010000000000100000000101000000000000100010010010000000000001000000000001001000000000000000000000110
000000000011000000010000011100010000000000000100110111000000000000000000000000010000000000001011111100000001000001100000000000000001100100000000000000001010000000011000000000001101010000011000000000000111100000001110000000000000000000000110
000010001110000000111000000000100000000000000000100000110000100000000010000000010000100000010100100010000010011101100000000101110001001000011100010000011011000000000110000000001110111001000000000000000100010000000000000000000000000000000000
011111000000100001101000000001101110000000000000100000110000100000000101000000001000100000011001100100000100010110100000000001010111000000000000100000000000000000001001000000001101010001011000000000000000011110000000000000000000000000000000
100001001110000110000000000001101001000000001111000101101000000000000001000000000100100000000011111000011000011000000110000001000000000000010110100000001000000000000001000000000100010000010000000010000100001110000000000000011010001000100000
000100000010000100000000000001100000000000001100010000000000000000001000000000000011000000010001000000000110000000100110000011000000000000000001000000001101000000100001000000000010110000000011000011100000101001000001100000011010010011100001
000000011100000111000000000000111001000011001000000000000000000000010010000000000000000000000001000001000000000000101000100000100000000000000010000100001001000010000010000000000001010100000011000000010101000110000010010000100011001001110001
110000100100000000000011000000011100000010000100000000000000000000000010000000000011001101001101000011000000000000111000100110000000000000000010000010000111000010001000000000000000000100000101000001000011000110000001100000011110100000110001
101001000010000000000010011100000000001101000000000010100001100000010001000000000010001101100000000000000000000000000000111010000100000000000000010001100000000010000000000000000000000000000000000001101000000000000000000000110010000001111000
000000110000000000000011010110000000000001100001000001110000010000000101000000000110001101000000000000000000000001000100000000011011000110000000010110000000000000000000000000100000000000000000011000011100000000000000000000000011100001011010
011001010011000000000000100000000000001000110011100001110010110000000100001000001100000001000000000000000000000001001110011000011011000110000000001000000000001000000000000001010000000000000000111000010111110000000000000000001010000001100010
000001101100000000000000000011000100011010000000000000000001101000001000001010000000000011000000000000000000000001000110001100001110000000000000000000000000001110000010000001100000000000000000111001110011100000000000000000001010100010010000
000001000010000000000000000000001010110110110000000000000010011100111011000001000000000001100000000000000000000001000000000000000000000000000000000000000000001000001101100000000000000001111100000001000001000000000000000000000001011000100000
010000100100011100000000000000000010100000000000000000000110001000110011001101000000000000000000000000100101000001000011000000000000000000000000000000000011100111000001100000000000000001000000000001101000000000000000000000000000000111000000
010000001001110110000000000000000000111010000110110011000001111001000011001011010000000000100001000001010100100001000000100000000000000000000000000000000011000101000011010000000001000001000100000000011000000000000000000000000010011000000000
000000000001001100000000000000000111001100000010001111000100010000100011100011010000000001000111000000000101000000000011000000011000000000000000000000000010000000000000010000000100010000100100000000000000001000110000000000000000110000000000
000000000000110111000000000000000010000000000000001000000000010000010011100000001101010111010101000010010011000000000000000000011000011100000000000000000010010000111000100000000000010000100100000000000000100100110000000011000010100000000000
000000000000000011000000000000000000000000000011000111011000000001000000000001100000001000010000000111100000000000000000000000000000111100000000000000000001010000111000000000001000001000011000000110000000100010000000000011100100100000000000
000000000000000011000000000000000000000000001010111101000000000010110000000011001000000010010000001100000010000000000000001110000001000010000000000000000000000000000000000000001100000000101110001001000001000010000000000000100011000000000000
000000000000000000000000000000000000000000010000100010010000000110110000000011010000000100001100010111110011000000000000000000000010000100000000000000000000000000000000000000000000000001100010000110000001010110000000000010011000000000000000
000000000001001000000000000000000000000000110000100001101000000100100010000011010000000000000100011000010111000000000000000000000001000010000000000000000000000000000000000000000000000001100011000000000000110000000000000010001000000000000000
100000000011101000000000000000000000111000000110100001100000000011000110000000001100010010000000001001100101000000000000000000000011110110001110000000000000000000000000000000000000000000000000000000011000000000000000000010001000000000000100
010000000000000000000000000000000011111101000000110000100000000000001101101000000111100011000000000110001100000000000000000000000110000110000000000000000000000000000000000000000000000000100000000000100100000101000000000000000000000000000100
100000000000001000000000000000000100000011101000010111000000000000001010000110001111000011000000000111101100000000000000000000000110000101000000010000000000000000000000000000000000000000111000000000011000000001000000000001110000000000000010
000000000000011100000000000110001000001010010000001100000000000000001100100110011100000000000000000011101000000000001110000000000000000011000000001000000000000000000000000000110000000001001000000000000000000101000000110010100000000000000001
001100000000100110110000000110010010000110100000000000000000000000000000001110000000000000000011000000000000000000000000000000000000000101000000101000000000000000000000000000010000001010011100000010000000000111000000111100100000000000000000
001100011000000000000000000000100000011000000000000000100000000000000001111110001100000000000101000000001000000000000000000000000000000010000000010000100000000000000000000000100000001000000000000101100000000010110000001100100001000000010000
000000100100000101100000000000100000100001100000000001010000000000000000100100000000000000000100000000010010000000000000000000000000000000000100000000010000000000000000000000000000001000011000000100010000000001010000000111000010100000110000
000000011000001110000000000000100001000000000000000001100000110110001101011000000000000000000110000010010011111100010000000000000000000100000100011001001000000000000000000010101100000000000000000110010000000010010000000110000110100010001100
000000000000000000000000000000000000100000000000000001000000000001011011100000000000000000000000110110010001100010101000001000000000000100000111111101101000000000001000000001001000000000011000000110110000000010100000000110000101011110000001
000000000000000000000000000000000000000000000000000000000001110000101100100000000000000000011100000001001110000100010000110101000000000000000000110000000000000000011000000111011010000010000000000011000000000001000000010010011100001000000110
010000000000000000000000000000000100000000000000000001000111000101000111000000000000000000100000011000010101100100000000000011000000000000000000001110000000000000100000011110000000111101101000000000000000000000000000011100011000011000000001
000100000000000000000000000000001110000000000000000000110111111000000010000000000000000001001000100000100000111000000000000000001100110000000000000000000011000000001000010001000111110001110000000000000000000000000000001000000000000000000000
010010000000000000000000000000010011000000000000000000010110010000000000000000000000000001001000000011100000111000000000101000010001001000000000000000000001001100001000011111100000000100000000000000000000000000000000000000000110000011000010
100011000000000000000000000000010001000000000000000000000000000000000000100000000000000001000110000000000000000001110000010100001000110000000000000000000000010000001000000001000000000000000000000000000000000000000010000000000110000011000000
000100001000110000000000000000001101000000000000000010000000000000000001101110000000000000100000000000000000010000000000011100000010000000000000000000001110001010001011000111000000000000000000000000000000000000000101000000111111000000001001
000000011100111000000000000000000011000000010000000100000000000000000010011110000000000000011010011100000011111100000000010100000010000000000000000000111110000010000001001001000000000000000000000110000000000000000110000000000001101010001001
011000101110011000000000000000000000000000101000001100000000000001100010001010011000000000000100011000000000011110000000011000010010000000000000000000110000000000000010000101000000000000000000000101000000000000000000000000000000011010001100
011001101001000000000000000000000000000000110000000100000000000010100001101100011000010000000000000011000000100001000000000000011000000000000000000000000000000010001100000010000000000000000001100100000111000011000000000000000000000000000000
000000001101010000000000000000000000000000000000000110000000011111100000010000011000111000000000000111000000011110010000000000000000000000000000000100000000000010110000000000000000000000000001100000000100100111000001000000000000000000000000
000110101100100000110000000000000001110000000000000000000001001011000000011010000001010100000000000101000000001100001000000000000000000000000000011110000000000000000000000000000000000110000000000000000110100100100001000000000000000000000000
000100001000000001101100000000000000100010010000001010100001101100000000000110000011101110000000000010000000000001010000000000000000000000000000110101000000000000000000000000000000000110000000000000000001000011000000000000000000000000000000
000000000000000000101110000110000000000011011011110111111000000000000000000000000001010100000000001010000110000000100000000000000000000000000000111001100000000000000000000000000000000000000000000000000000000000000000000000000000000000000000
000000000000000000010011000110000000000011110110100001011100000000000000000000000000111100000000000100000110000000000000000000000000000000000100000000000000000000000011000000000000110000000000000000000000000000000000000000000000000000000000
000000011000000010000001000000000000000000001101000000011011000000011000000000000000001000000000000000000110010000100000000000000000000000001000000000000000000000000100100000000000110000000000000000000000000000000000000000000000000000000000
001000111000000111101110100000000000000000000010000000011011000000100000000000000000011010100010000000000000100000010000000000000001110000000111000000000000000000000011000000000001001000000000000000000000110000000001000000000000000011000000
001010000000000100110000110000000000000000000000000000001011000000011000000000000000011000011101000000000001000000000000000000000000000000000011000000000000000000000011000000011111110100000000000000000001101000000011100000000000000011000000
000100000000000000000110100000000110000100000010000000101100000000000000000000000000000110000001000000000001110000011000000000000000000000000000000000000000000000000111000000100111010100000000000000000000000000000111110000000000000000000000
000000000000000000111000000000010000000100000011110000101000000000000000000000000000000001111110000000000000000000110000000000000011000000010000000000000001000000000111000001000101101000000000000000000000010000001000001000000000000000000000
000000000000000001010100000110000110000100000000010000110000000000000000000000000000000000001000000000000000000100100000000000000001001000100100000000000001010010000100100000111101000000000000000000000000000000011001001100000000000000000000
000000011000000011001110000111000100100000000001001000000000000000000000000000000000000000000000011100000000000100000000000000000000100001111110000000110001011001000010100100000001000000000001100000000000000000111010101110000000000000000000
011100100000000000000011000000000100101000000000010100000000000000010000000000000000000000000001100010000000000100100000000000100000000000010000000000110000011010000010110000001001000000000001100000001000000000011001001100000000000110000000
010100111000000000000000000000100000110000000000001011100010000000101000000111110000000000000001000000110000000100000101000001010000000001100110000000000000000010000000110000001000000000000000000000011010000000001000001000000000000110000000
010000110000000000000000111000011100000000000000001001100111000000100100000110000000000000000001111101111000000110110101100011000000000011000110001000000000001001000000010000000100000000000000000000111011000000000111110000000000000000000000
000110100000000000000000111001110000000000000000001110000001000000001000000000000000000001001000000000111100000000111100000011011000000011100000001000000000000001100000001100000011000000000000000001000001000000000011100000111000000000010010
000110000000000000000000110001100000000001000000000000000000000000011000000000000110000001000100000010111100000010110000100011110000000000100000000000000000011011110110000100000000000000000000000000000010000000000001000000011100000000111010
000000000010001100000000000011100101000001000000000000000101000000000000000000000000000000001000100010001100000011000001100010100000000000011110000000000000011000100000000000000000000000000000000000100010000000000000000001111110000001000001
010000001010000000000000000011111100100000000000000000001010101100000000000000101000011000000000100000001100000011000100001111000000000000011100000000000000000011111000000100000000000000000000010000001000000000000000000011010111000000111111
000000001010000000000000000000011000100000000000011100011010101100000000000000010000011000000000100001101100000000000111111000000000000000011100000000000000011111111111111000001111000000001000011000000000000000000000000000001010100000011100
110000000000001110000000000000111000100000000000100100001100100000000001000000000000011000000000000001101100000000000111111000000000000000100000010000000000011110000000000000000001100000000000000001010000000000000000000001001001000000000001
011111000011010110000000000001000100000000000000101100000111000000110110110000000000000000000000000001101100000000000000001110000000001000100001100100000000010100000000000000010000010000001000000110010000000000100000000000100000000000000000
001101101100111110000000000011000001000000000100010000000010000000110000101000000000000000000000000011111000000000000100001110000000100000100000001110000000011100000000000000010001100000000000000010010000000011011000000000000000000000000000
000000100000001000000000000111000110000000001110000000000101100000000001101000000000000000000000000110111000000000001110001001000001110000000000001100000000001000000000000000000011100000000010000010000000000011010000000000110010000000000000
000000001000010000000000000011001000000000010011000000001111100000000000000000000000000000010000000110000000000000001010000111100010000000000000000000000000000001100000000000011000000000000001100000010111000010010000000001110011000000000000
000000001000010000000000000001001000000000001110000011000001000001000000010000000000000000110000000000000000000000000110001110000001100000000000000000000011000010010000110000011000000010000001101000101000100010010000000001100000100100000000
000000001000000000000000000000010000000000000000000011001010110110000000000000000000000001101000000000000000000000001110000000101011001100000000000000000100100001100001001000000100000101000000011010000000010010100000000001100011001011000000
000000000000000000000000000000100000110000000000000010011100111111000000000010000000000000101000000000000000000000001010000000010011011000000100000000000011000000000000110000000000000010000000001100001000000010000000000000110000010101000000
000000000110000000000000010000100010111010000000000010011000010011010000000100000000000000011000000000000000000000000100000100000001110000001110000000000000000000000000000000000000000000000000010100001010000011001000000000010100010101100011
100000000100000001100000011110101110000010000000000001001000011000000000000110000000000000000000000000000000000000000000001110000000000000011111000000000000000000000000000000000000000100000000000110000100001001000100000000001000101101100100
000000011000000000010000100001100101011010000000111000000000101111000000000000000010000000000000000000000000000000000000010000000000000000000001100000000110000000000000000000000100000100000000001110000000010000100100000000001000111100001101
000000100100000000110000110001000100110000000000111000000000101110000000000000000101000000000000000000000000000000000000110000000000000000010001110000001001000111001100000000001000000110000000101100000100010000011000000000001001111100010000
000111001000000000000000000000000010100000100001010000000000010000110000000000000101000000000000000000000000000000000000100000000000000000001101000000001001000101010010000000000000000101000000100010000100111000000000000000001100000100010100
000100000000001110000000000000000001000001110000000000000000000000100000000000000010000100000000000000000000000000000000011100000000000000001100000000001000100101001100011000000000100110000000001010000010011000000000000000001100001000001110
000000001100010001100001000000000000000000011000001100000000000000000001110000000000000011000110000000000111000000000000011000000000000000000000000000000100100010000000000000000011000000000000000010000001101000000000000000000001110000000011
000000001100011001110001100000000000000000111000000000000000000000000010001000000000000001000101000000001000100000000000000011000000000000000000000000000011000000000000000000000000000000000000000000000000000000000000000000000000000000000110
010001000000101111011000000000000000000000010100011100000000000000000100011000000000000111000000000000010000000000000000100111000000000000000000000000000000000000000000000000000000000000000000111000000000000000100110000000000000000100000000
011110000000111000110100000000000000000000000100011000000000000000000111100000000000000000000001100000000000000000000001010111000000000000000000000000000000000000000000000001100000000000000000001000000000000000101010000000001001000100000000
011000000000000000010110000000000000000100010000111000000000000000000011000000000000000000000011000000010001100000001000000011000000000000000000000000011000000000000000000010010000000000111100011110000000000001000010000000000100110001000000
001110000000010100000011110001100000000100011010010000000000000000010001000000000000000000000100010000001110000000000000000000000011000001100000000000011000000000000000000001100000000001011000001110000000000001000100000000000000011011000000
000110000000001000010111100010100000000000000000000000000000000010010001000011000000000000000100010000000000000000000000000000000111000001100000000000000000000100000000000000000000000000000010001100000000000000010000000000000000110000000000
000000000000000000010010000010000000000000000000000100000000000100010000001001000000000000000100000000000000000110000000000000000010000000000000000000000000001100000000000000000000000001110011000101000000000011011000000000000000000001000000
000000000000000000001110000011100000000000000010111000000000000100001000000000100000000000000010001000000000000110000000000000001000000000000000000000000000011000110000011000000000000000111001000011100000000000000000000000000011000000100000
000000000000000000000000000000100000000000000010000000000000001011100000001111000000000000000001000000000010000111000000000010000101000000000000000000000000000000100000110000000000000000010001000000010000000000000000000000010000100000100000
000000000000000000000000000000000000000000000000001000000000001100000110000010000000000000000000000000001001000101000000000101100111000000000000000000000100000000100001111000000000000000011010000001001000000000000001101000010000001100011000
000000000000000000000000000000000000000000000000011110000000000000011010000000000001110000000000000000001001000100000000001000100000000000110000000011001110000000000011000000000000001000011000010001001000000000000001111100000101100011011000
000010000000000000000000000000000000000000000000011011110000000101010011110000000010000000000001000000000001000101100000000101100000000001011000000100101011000000001010010000000000100100000000000001110000000000000011100010000000100000100100
000010000111011000000000000000000000000000001100000110110000000010000100100000000000011000000000110000001000000001000010000010000000000001000000001001000000100000010001011000000000000100001101000000000000000001000000000100000000000000010100
000000010000011000000000000000000000000011011000000010000000000000000101000000110011100100000000010110000000110001011010000001000000000000001100001000000000110000000000001010100000100000110000000000000000000001000010000000000000000000011100
000010000010000000000000010000000000000001000000011011000000000000000111000000100000000000000001100001000110011000000100000010100000000000000000001101000000111000011010001011000000100101011100000000100000000000000000000000000000000000000000
000010110100000000101000101000000000000000010000100000000000000000000000000000100100000000000000100000010000011000000000000100010000111000010100000011101100110011010000000011000001010100000000000001010000000000000010000000000000000000000000
000000001000000000100100001100000000000011011011110100001100000000000000000000011100000000000010100011011110100000000000000100100001000100110000000000011100000011011010110000000011001010001000000000000011000000000011000000000000000000000000
000000000000000010000100011000000000000110000010001000010100000000000000100000111000000000000100000000000000000000000000001111100001000000111000000001101000000001110000000000000001100000000000000001110001100000010000000000000000000000000100
000000000000001100001000000000110000010000001000010000001000000000000000110000010000000000000101000000000000000000011000010000010000110001100000000001000000000010101001000000000000000000000000000000000001110000010110000000001000000000001010
000000010000110100001000000000110000000010001000010000000000000000001110000000011000000000000011000011001000000000100000010101010000110000010010001100010000000011000000000000000000000000000000000000000100001000000110100000001100000000001100
000000010001100000010000000000000000100000000000000000000000000000000010000000110000000000000000010011001000000001001000000000000001000111110010001100001011000011001110000100101000000000000000000000011000101100000100001111010110000000000000
000000010110100110100000000000000000010010010010000000000000000000110001000000000000000000000001110000000000000001001000011000101001000000001010010100000100111011001000000101101100000000000000001100000000011000000101011011000000000000000000
110000001000110000000000000000010000000100010100000000000000000000000000100000000000000000000010010010100000000001000000010000001000110000111001010010010000000001010000001000001000000000000000001100100010000000001110111000010000000000000000
000000001111100000000000000000010000000000011100000110000000000000001010100000000000101000000000000010010000000001100000000001100000000000010001100001011110001000110000001100111000000000000000000000000000000000000110000001110000000000000000
100100000010000000000000000000010000000000000000000000000001110001101110100000100000101000000000000010010000011001100000010001100000000000000000000000010001010000000000001000001000000000000000000000011100000000000000000000011000100000000000
100000000000000011000000000000000010000000000000001010000100110010000000000000100011110000100000000000010000100100111111110000000000000000000000000000011001010111000000000010111000000000000000000100000000000000000110000000000110100000000000
000000000000000100100000000000000101000001100000011000000100001011101101000000111110000001011000001001100000101000001101101110000000000000111000000000110001100100000000000011011000000000000000001010000000001100000110000000000100011000000000
100101000000000011000000000000001001000010010001111100000011111001010101000000001110000000001101001000100000001000000011010100100000000011000100000000000000010101000011000010010000000000000000000000000000000110000000000000000000110100000000
100000000000000000000000000000011100000001100001101110000000011001010000000000001100100001001111100000010001010000000110010000010001000011000100000000000000000000000100000000000000000000000000000000000000000011000111000000011000010011010000
011110000000000000000000000000011000010000000001000110000000000001011000000000000100100000101011000000100001010000000100010101100001000011001100000000000001110000011100000001000000000000000000000000000000000001110010000000100001001010101000
000100000000000000110000011000000111010000000000000110000000000000010111000000000000100000011100000000000110010000000100011100000000010001101000000111111001000000000000000101000000000000000000000000000000000001111010000000100001100001100100
000000000000000001001000100100000111010000000000000001000000000100000000000000000011100000000000000011000000010000000000010000000000001000101000001100000111110000010100001110000000000000011100000000000000000110100110010000100100100011011100
000000000000000000110000000010000000000000000000001101001101110010010000000000000000001000000000001000100010010000000000000000000000010100101100001100000010000000000100011010000000000000000101010000000000000000111110111000100100000001110000
000000000000000000000000100010000000000000000010000111000110110001101000000000000000000100000000000100100011000000000000010100000000010100101000000010000000000000001110000000000000000000000011011000000000001100000011011000011000000000000000
000000000000000000000000100010000000000000000100000000000010000001111100000011000000001000000000000100010001100000000000010000000000011000000000000000011100000000000000010100000000011000000011001000000000001101000001010100000000000000000000
000000000000000000000000000000100000000000001000000000010110010011101010000111100000000000000000000011011001100001000000000000000010000001110000000000000000000000000000010100000000110100000000101000000000001001000000111000000000000000000000
000100000000000010000000100000100000000000011100000000010100110000100110000100001000100000000000000001110001100011100000000000000101000000011000000000000000000010000000001000000000001000000000001110000000000101000000011110000000000000000000
001010000000000101000000010000000010000000000110010000000110001110000110001000000000000000000000000000100000000010110000000000000101110011010000000000000000000101000000000000000000011000000000011011000000000010000000010011000011000000000000
001010000000001101100000000100001001000001111100011000000110000100010100011000100000000000000000000000000000001010011000000000000000100000000110000000000000001110000000000000000000000000000000011010000000000000000000110011000011010000000000
000100000000001101010000000000001000000001100100011000000000000000001000010100111101000000000000000001000000000010000000000000000000010000000001000000000000000000001100000000000000000001000000001100000000000000000010100100000000011000000000
000000000000001101101000000000001000100000001000000000000000000000111110001001001000000001000000000110100000000100011000111000000000001110000011000000000000000000011010000000000000000001000000000000000000000000000100101100000011000000000000
000010000000000111001100000000000100100010000000000000000000000001010011100000100000000100010000000000010000001101011000000000000000000000000000000000000000000000010010000000000000000001000000000000000000000011000000010100000000000010000000