000111000000000000010010000000000110010001000000000000000000000010100010000000000000000110111000000011100000011000000100111000000000000000000000000011000000000000110110000000000000000000000000000000000000000011000000101000000000000110000000
001101100000000000010010000001000011000000000000000000000000000011000000011000000000010010000000011111100000001000011101011000000000000011000000000100110000000000100100000000000000000000000000000000000000000000000001100000000000111100000000
000111000000001001001010000011000011100000000000000000000000000000000111000100000000000000000000011110000000000101000000001000000000000011000000001000110000000001011000000000000000000000000000000000000000000000000001100000000000111000000000
000010000000001101111001000111000000000000000000000000000000000000000110111000000000110001000000010000000000000000011000000000000000000000000000000000000000000001100100011000000001100000011000000000000000000000000001100000000000011110000000
000000000000000001100110000011010000000000000000000000100000000100000100010000000000000001001110011000000000000111011011011000000000000000000000000101011000000000111111111000000000000000101000000000110000000000000001110000000000000100000010
100000000000000010000000000001101100000000000000000000110000001010000000000000000000100001010001111001000000000101100000000000000000000000000000000001000000000000001001011000000000000000100000000001000000000000000001001000000000000101000101
000000000000000000000000000001101000000000000000000001011000001001000000000000000001000000001010100000110000000000000000000000000000000000000000000001100001000000010110011000000000000000101000000010010110000000000000000100000000000010000100
100000000000000001000000010000010000000100000000100000110000000000000000000000000011001000000101000000110000000000000011000000000000000000000000000000000000100000001111011000000000000000011000000010010001000000000001001000000000000000000010
000000000000000010100000010000000000011011000000111001100000010000000000000000000011100000000000000101111001000000000010100000000000000000000000000000000000110011111100100000000011000000000000000011010010000000000001110000000000000000000001
000001100000000010100001111000000000101000000000000011000000010100000000000000000011000010000000001001000110000000000000100000000000000000000000010000000111100001001011000001001001000000001000000000100000000000111000000000000000000000011000
000000010000000001000011000000000000000000000000011110000000000000000000000000000000000101000000001010000000000000000010100000000000000000000000110000001000100000110000000110101000000000111000111000000000000000000000000000000000000000000000
000100100000100000000010111100000001000000000000000100000000000000000000000000000000000101000000010000000000000000000101000000000000000000000011010000001001000000011000100110001011000000111001101100000000000000000000000000110000000000000010
111111000001010000000000100000000000100010000000000000000000000110000000001000000000110001000000011000000000000000000100000000000100000010000000100000010100110000000000000000000011000001000010000100000000000000000001110001001000011000000111
111011000010011000000001101000000000011100000000000000000000001001000000001000000000111010000000011111000000000000010010000000000101110110001101010000000001100000000000111111001100000000000100001000000000000000000010110000001100100100001000
100011000010000100000000110000000000000000000000000000000000001001000000000000000001000010000000000111000000000000010100000110000100000000001110110000001001100000000000010101111100000000001000100000001000000000000001000000001100101000000111
010001100001110110000000010000000000000011000000000000000000000110000001000000000000111010000000000110000000000000001000001001000000101111000000000000000111000000000000000001011100001001101100000000000100000100100000100000011100111000000000
000010010000000100000110000010000000000110000000000000000000000000000001000000000000010110000000000000000000000000000000001001000000000001100000000000000010000000000000000000100000100101000100000000011100000000100000000000011100000000000000
000000000001100000001001000010000000000110000000001100000000110001110000000000000000001110000000000000000000000000000000001000100000000011000000000000000000000000000000000000000000100000000000000000010100010000000000000000000000000000000000
000000011110100000001001000010011000000000001000000010000000110001000000000000000000000000000000010000000000000011000000000100100000000001100101000000000000000000000000000000000001000000010000000000001110000010000000000011010000000000000000
000000010100000000000110000000100100000000001000111110000000000000100010000000000000000000000011101000000000000010000000000011000001100000001001100000000000000000000000000000000000111100100000000000001010010110010010010110100000000000000000
000000000000000000000000000000011000000000010000000001000000000000011100000000000000000000000011001000000000000000001000000000000000010000110000000000000000000000000000000000000000001100000000000000000110011101000001001110100000000000000000
000000000001101000000000000000010000000000000110100001100000000000000000000000000000101000000011111000000000000000101000000000000010100000000000000000000000011000000000000000000000000000000000000000000000000001100000000000000000000000000000
000000000001110000000000000000000000001100000000000000100000000000000000000000000001001000000000000101000000000000001000011000000001000000000000000000000000011000000000000000000000011000000000000000000000000011000000000000000000000000000000
000000000000100000000000000000000000000000000000000000110000000000111000000000000001001000000000001000100000000000000000010100000000000000000000000000111110011000000000000110000000010000000000000000001010000101000000000000000000000000000000
000000011000000000000000000000000000000000000000001100110000000000000000000000000000110000000000000100010000000000000000100100000000000000000011000000110000001000000000000110000000000000000000000000000100010100100000000000000000000000000000
000000011000000000000000000000000001100000000101000000011000000000000000000000000000000000000000000011100000000000000000010100000000000000000000000000000000001000000000000000000000000000000000000001110000110111100000000000000000000010000000
000000000000000010000000000000000001101100001010000000001000000000000000000000000000000000000000000000000000000000000000100000000000000110000000000000110000000000000000000000000000110000000000000001111001010001000000000000000000000111000000
000000000000001001000000000000000000000100010010000000001100000000000000000000000000000011100000000000000000001110001000100000000000000000000000111000111111000000000000000000001011000000000001000000011011100000000000000000000000100000000000
000000000000001000000000000000000000000011111000000000111000000000000000000000000000000010000000001000000000110110010101100001100000010000000000000000000000000000000000000000010111001000000101000000000100000000000000000000000001010000000000
100000000000000010000000000000011000000001100000000001111000000000000000000000000000010110000000010100000000110100100101010011100000010010000001011000000000000000000000000000010100011000000000000000000000000000000000000000000011011000000000
000000000000011101000000000000101100000001110000000001100001100000000000100001000000011100000000010100000000010000011000000101000000000010000001000111000000000000000000000000011100001000000100000000000000000001000000000000000001111100010001
110000000000010000000000000001101000000000000000000000000010010000000000100011000000001000000000001000000000000000010001000010000000010100000000000011000000000000000000000000000000000000000000000000000000000001100000000000000001101000010001
000000000000000000000000010001000000000000000000001100000000010000000010000110110000000000000001000000000000000000100000000000000000010000000000100000000000000000110000000000100000100100000000000000000001001000100000000000000000110000010000
000000000000000001110001101100000001110000000000001100000100001000000010011000010000010000000111000000000000000001111000000000000000001000000000010001100000000000001000000001111000111000000000000000000001000100000000000000000000000000000000
000000000000000001010000010000110001100000000000000000000000101010100000001011010000101000001000000000000000000010011000000000000000000000000000000000010000000000110000000001000110110000000000000000000010000010000000000000000000000000000000
000000000000000001001100000000001110000000000000000000010000001110010100001000110000110000111111101000000000000001111100000000000000000000000000010101001000000000000000000000100010000000000000000000000010100010000000000000000000000000000000
000000000000000000010010000000000100000000000000000000111101100000111100000000101100000000111100010100000000000000100000000000000001100000000000100011101000011000000000000000010100000000000000000000000000000010000000000000000000111000000001
100000000000000000001010000000000000000000000000000000100001000000010000000110101100000000011110000000000000000000000000000000000001100000000000100110101100100100000000000000001000000100000000000000000001000000000000000000000000000000000010
100000000110000000000100000000000100000000000000000000010000000011111011000111011100000000010010000000000001000000001100000000000000000000000001100000101100011000000000000000000000000010000000000000000000000100000000000000000000000000000010
000000001001100000000000000000011010000000000000000000000000000111100000100000000000000000001000001000010000000000001000000000000000000000000000111001100000000000000000000000000000000010000000000000000000100100000000000000000000000000000000
000000001001110000000000001100100001000000000000011000000000000000000000000000000000010000010000000000010000100000000000011100000000000000000000000100000000000000001000000000000000000000000000000000000001100000000000000000000110000000000011
000000000110001000000000001011110001110000000000101100000000000000000000000000000000110000100001101000000001100000000000000000011000000000000000000011110000011100011100000111000001000000000000000000000001100000000000000000001110001101101100
110100000101100100000000011010000000110000000000101100000000000010000000000000000000000000100001100000000000000000000000000000011000000000000000010000010000010111100010000100000001100000000000000001100011100010000000000000000010001101101000
000010000011001000000000000111100100000000000000000000000000000101000000000000000000000000110001100000000000000000000000000000110000000000000000001111000000000101011100000010010010100000000000000010010001110100000000000000010100000000100001
000010001111110001100000000001011000000000001100000000000000000110000000000000000000000000000100100011100000000000000000000001000000000000111000000000000000000000011000000001010001000000000000110100011001110000000000000000111101000000000001
011100001101100001100000000000000000000000001100000000111000000000000000000100000000000000001000000011100000000000000000000010000000000001001000000000000000000000000000000000000000000000000001011100000000101000000000000000111000000000000000
100000000101100000000000000000010000000000000000000000000000000000000000001010000000000000001100000000000000100000000000000001100001000010000100011000000000000000000000000000000000000011000010000101100000111000000000000000000000011001000101
011100000010000000000000000000101000000000000110000010000000000000000000000110000000000010011100000000000010100000000100000001110001100001010000011000000000000000100000000000000000001101100100010000000000100100000000000000000000001001000101
000010000000000000000000000100011000100000101110000010000000000000000000000000000000001111101110110000001000000000001001000000010000000000111010000000000000100011110000000000000000001100100100001010001000111000000000001100000000001000000010
010010000000000000000000011010000001000000011100000010000000100000000000000000000000000111000100010000010000000000010001000000001100000000001100000000000000001011001000000000000000001001100100000100001010110000000000001100000111000010000000
001100000001100001000000101011000000100000010000000000011010011000000000000000000000000000000100010000001100000000010000000000000000000000000000001110000001000111000100000000000000001000000000000000001011110000000000000000000100000000000000
010000000001110001101101000001000000000000000000111001111001001000000000010000000000000000000010111110000000000000001000000000000000000000000000010010000001100000001100000000000000001000010000000000000001100011000000000000000111000000000011
010000000000000000000000101011000000000000000000111110101001011100000000010000000000000000000001100001000000000000000100000000000000000000000000100010000000000000001100000000000000010000010000000000000001110011101110000000010000000000000010
011111000000000110100010100010000111000000000000000110000000001000000000000000000000000000000000000000100000000000000000000000011000000000000000100001000000000000010000000000000000001101011000000000000001010011000000000000010000000000000011
100110100000000000100000011100010111000000000000000110001100010000000000000011000000000000000000000000100000000000000000000000100100110000000001000100000000001111010000000000000000000011011101000000000001100000001100000000111000000001100011
100110100001101100011110110011111100000000000000000100001110110000000000000011000000000000000000011000100000000000000000000000011000010100000011000100000000000110100000000000000000000001110101100000000000000000000000000000000000000010100011
100100000010010001111101011010101100010000000000000010100000000000000000000000000000000000000110000001000100000000000000000000000000000100000100000100000000000011000111000000000000000000000010010000000000000000000000000011101100000110000011
000100010010001001010011010111101100010000000000000001000000000000000000000000000000000111000100010000110001000000000000111000000000000100000010101100000000000000000100100000000000000000000000011000000000000000000000000001001100000010100000
000100001010001100111011101001100011100000000000000000000000000001100000000000000000000111000000100010100000100000000000000000000000001000000000001000000000000000000000000000000000000000000011010000000000000000000000000100000000000001100000
110001001010000000000000110011000000000110000000000000000000000010010000000000000000000000000000000000111110100000000000001000000000010000000000100000000000000000000001000000001100000000000000010000000000000000000000011001000000000000000000
111000000001001100000000000000000000001111000000000000000000000001010000000000011100000000010001101100000011100000000000101000000000001000000000101000000100000011101110010000010010000001100110010000000010000000000000011000000000000000000000
101000000000110000000000000000000000010111000000000000000000000000100000000000000000000000010000010000000000000000000000111000000000000000000000010000011100000011111010001000001100000000110100001100000101100011000110110000000000000000100000
000000000000000000000000000000000000010000000101000000000000000000000000000000000000000000000000000000000000000000000000110000000000000000000000000000100011000010000000000000000000000000011100011100001100010111000010110000100000100001110000
000000000000000000000000000000000000001000000000000000000000000000000000000000000000000000000000000000110000001110000000010100000000000000000000000000101111000001001011000100000000000000001000100100001000011111001011011001000001100001001000
110000000000000000000000000000000000000000000000000000100000000000000000000000000000000000000111000000101000010001000000000000000000000000000000000000011000010001001110101111000000000000000000110000011010001000001010001110000011010000110010
000110000000000000000000000000000000000000000100011111011000000000000000000000000000000000001101100000100000000011000010000000000000000000000000000000000000100000000000100001000000000000000000010000000110001000000110000000000101110000111110
000001100000000011100000000000000000000000010000001100101000000000000000000000000000000000001101100000000000101100000010010010000000000000000000000000000100000000000000001101000000000000000000000000000001110000000000000000001100100000001000
010000111000000010100000000000000000000000010110100100000100011100000000000000000000000000000010000000000000010000000010001000000000000000000000000000001000000011011100001110000000000000000001000000000000010000000010000101001100110000000000
001000000100000010000100000000000000000000011100111100001000000000000000000000000000000000000000000000000000000000000000011000000000000000000000000000011000000000001110000000000000000000000001100000000000000000000110000110111100111000000000
010001110110000000100010000000000000000000000001000100001000100010000000000000000000000000000000000000000001100000000000100100000000000000000000000000010011000000000111000000000000000000000001100000000000000000000101011001100110100000110100
111001010000100000100000000000000000000000000001000100000000100010001100000000000000000000000010000000000001100001000000100001110000000000000000000000001110000011001001100000000000010000000001100000000001010000000111000111000010000000010101
111100001110010000000011000000000000000000000000000000010000000000000100100000000000000000000101000000000000110101111000010000011000000000000000000000000000000010010101000000000111101000000101011000000001100000100100101001111000000000011101
000000001000100000000110100000000000000111000000001000000000011100001110110000000000000000001001000000000000010101000000000100001001110000000000000000000000100000000001100000000111000000010001001000000000100000111101000000111000000000001000
110000000000000000001011100000000000001001000000000000000000011100010100111000000000100000000111000000000000010010000100000100000001000000000000000000000001100000011000000000000000000000010100000000110000000000001010101110000000000000000000
110000000000000100010111001000000000001010000000000000001100011011011101110000000001010000000101000000000000000110100100000110100000010000000000000000000001101000100000001100000000000100000000011000011000000000110000100000000000000000000000
000000000000011010010000101000000000000100000001010000001100100011011111100000000000110000000011000000011100000010011000000100001001010000000000000000000000011100000000001100000001000110000000010000110000000000100000000100000000000000000000
000000000000000000010111110011000000000010000010001000000000010011100011100000000000000000000010100000000000000001101110000011011011100000000000000000000000000000000110000000011000010100000000011100000000000000001010000100000000000000000000
000000000000011010010111000110100000000101000110000000000000011100000000000010000000000000000000000000000000000000000011000010100010001000110000000000000000000000000000000000011000101000000011001100000000011000010000000100000000000000000000
011000000000000001000000001000100000000000000110110000000000000000000000000101000000000000000000000000000000000000011001000001000011110000010000000000000000000000000000000000000001100000000001100000000000011011000100000000000100000000001100
001000000000000000000011011001000000000000000001000000000000000000001100001101110101100000000001100000000000011100100000101100100010000001100000000000000000000000000000100000000001100000000011100000000000000011101111001000001010000000001011
110001000000000000000111000010000001000110110000000000000000000000111000000010010101110000000001010111000000100110000000101100000001111000000000000000000010000000000001110000000000000000011001100000000000000010010001010000011001100000110010
010011100000000000000100100000000010100000001000000000000000000000010000000010000110001000000000100100000001000011000000110100000001110100000110000000000000000000000000101000000000000000100001100000000000000010000000000000011111100000110010
100100000000000110000110000100000010100110001000000000000000000000000000000101111111111000000001100000000000101000010011001000101001110000000110000000001000110000011000011000010100000101000000100000100000000010001110100000000011100000000010
100111111110010000000001111000000001001000000000000000000000000000000000011111111000011000000010100110110000000000110011011001000101110000000000000000000110000000001000000001010101000001110001000011100000000010001000100000011100000000000101
100000001001101000000000111000010000001000000000010001000000000000000000100000101000011000000100000110001000000000111000010000000100100111000000000000000000000000100011000011000001000000101100000000000000000011100010100000010100000010101011
000000000100100000000000001111101000001000001000010011100000000000000001100001000000001000000000000100001000000000100010000000000100001000100011000001110000000010000011000010000010000100011000000000000000110001000000000000011000000001100000
101110000000110111000000010111001000000000000001110000000000000000000010111001100010101000000000010000000011100000011110100000011000010000010010000000000000000100010000000011110010001101111000000000000001001001000000000000001100000001000001
101111000000000011010000110100001111000000100010000001001100000000000111000110111000010000000010001000110111100000010011101000100000000000010000000000000000001100101000000010001000001100001000000000000100000001110000000000000000000011100000
000000100000100101101010000111001011000000000000010001000100000000000000000000011000000000000001101010001110000000000000011010001000100000010001011000000000001111100000000110000000001100011100000000000000011000100000000110000000000000000000
011011000000001100100010000001010000000001110010010010000000010000000111000000011000000000000000000000000000000000001100011111001001000000100011100100000000000001100000000010000000001100001100000000000000100001000000000010100000000010100101
000100000000000001110110011110010000000000000000000010010000101000001110000000000100000000000000000000000000000000000010000100000001000001000110000010000000011000011000000001000000001100001110000000000000111101001100000010010000000001001001
000000000000000000000001000010010000000000000000000011000001101100000000100000001010000000000000000000000000000001010001000011000110010100000110000000000000011000011000000001100000001110000000000010000100011000000000110001010000000000001000
111000000000000000000000100001100000000000000001100000000001001000000000100000001010000000000110000000110000000010000000000000100001000000000010111011000000001111000100000001101000001110000000000101000100000000100011011011010000000000110000
111000000000000000000000110000000000000000000001100000000011011000001000100010001010000000001001000000110000000000000010000011001001000000000001000110000000000110001000000000001010100000000000000100100111010001000000001001100000000001000011
111000000000000000000000100000000111000000000000000000000001010000001101000101000100000000000110000000000000000011011000000000001000110000000000000001000000000000001000000000001000011010000000000011000110001000000111111101100000000000000101
000000000111000000000000000000000101000000000000000000000011100000000000010001100000000000000000000000001100000000000000000110001111110000000110000110000000000000100000000000000000001100000000000000000000000000000101101100000000000001010100
000011000001000000000000000000000100100000000000000000000110000000000100000000000000011000000000000000001001100000000000001001001100011000001011100110000000000011100000000000000000010100000000000000000000000000011100010000000000000000001100
000010000001100000000000000000000010100000110000000000010000000000000000000100000000011000110000000000001000000000000000001011000110110000000000100110000000000011000000001000000000000000000000000000100000000000000101000000010000000000000100
100000000000000000000000000000000011100000110000000000011100000000000100010000000000000001010000000010000100100000000100101000000000000000000010001100100000000010000000001000000001000000000000000001000111100000000101000000100000000000001101
100000011000000000000000000000000000000000000000000000001000001100000101010100111000000000010000000101000110000010000110101000000000000000000100000011000000000000000000001000000011100010100000000001001101100000000111000000100000000000010011
000000001000000000010000000000000000000000000000000000000000010110001111010101011000000000000000001000000000000010000000010000011100000000001000000010000000000000000000000000000011100010100000000000011110010000000111011000000000011000011100
100011101000000110101000000000000000000000000011000000000000110110001110110101000000000000000000000101000000000000010001000000110001000000000000001000000110000000000000000000000011010011100000000000000000000000000111001100000000101000110110
100000000000000100000100000000000000000000000011000000000000110100001111010101010000000000000000000111000000001001001001110011100101000000110000001000000110000000000000000000000000010000000000000000000000000000000101000000000000100001000000
000101000111001001001000000000000000000000000101000000000000001110000000100010100000000000000000000101110000001000000000000010001000110000010000000000000000000000000000000000000010000000000000000000000000000000000101000000110000011111111100
000000000111000010110000000000011000000000000000000000000000001000000000000001100000000000000000010000000000000001101110010000001100110000000000000000000000000001100000000100000100110000000000000000000000000000000011100000011000001111100100
001010011000100010000000000001101110001110000000000000000011000000000000000001010000000000000000010000000000000001000110000011001000100000000000000000000001100001110000011011001110000000000000000000000000000000000000100110100000000000000010
000001011101010010011000000000001011111001000000000000000000101100000000011011101001010000000000000000000110000000111110110001101001110000000000000000000001010010011000011011000010001100000001000000000000000000000000001110000000000000001100
000101010110000000100100000000000001101110000000000000000000011000011000011000011000000000000100000000000111000000010110100000101001110000000000000000000001001000001100000000000000000000000110000000000000000000000000000110000000000000000000
000001100110000001011000000001111001100000010000000000000000000100000000001100011101001000011010000000001001000000000001110000011010100000000000000000000001000001100000110110000000000000000011000000000000000000000000001100000000000001000000
000110010000000001000000000000011000000000101000000000000000011000111000001110001100110000011000000000000110000000000010000000000000100000000000000000000000101001101010110110000000000000000000000000000000000000000000001101110000010001000100
001100001010010010000000000000000000000001001000000000000000000000000000000010000000000000000000000000000000000000001100000000000001000000000000000000000000010001000000001000000001000000000000000000000000000000000000011111010000001000000000
001000000100001000000000000000000000000000110000000000000000000000000111000011000101010000001110110000000000000000000000000000010000000000000000000000000000000000110100000000000001000000000000000000000000000000000000001100000000101001000000
010000000000000100000000000000000000000000000000000000000000000000000000000000000100110000000111001000000000000000000000000000100011000000100000000000000000000000111100000000000010000100000000000000100000000000000110001100000000110000000001
100000000000000000000000000100000000000000000000000000000000001100000000000000100000010000000001000000000000000000000000000000010000000001010000000000000000000000010011000000000001000010000000000001010000000000001001000000000000000000100010
000000000000000000000000011100000000000000000000000000001000000000000000000000011010100000001000100000000000001000000000000000001111000000110000000000000000000000000100000111010000000100000000000011011000000000010000100000000001111000010100
000000000000000000000000010000011000000000000000000000010100000000000000000000011100101011010100100100000000011100000000000000000000000000000000000000001100000000111101000000001000010000000000000010010000000000000111100000000011100100000000
000000000000010100000011000000010000000000000000000000001000000000000000000000000000011000010100000100000000100010000000000000000000000000000000000000010100000001011010000111011000110000000000000110110000000000000100000000000110100010000000
000000000000001000000000011100110000000000001000000000000000011100000100000000000000001000111000001000000001100010000000000000000000000100000000001010010010000001000100000010001100011000000000000010100000000000000111100000000110010110000000
000000000000000000000000000001110000000000001000000000000000011000000000000000000000000001000000011000001000101110000000000000000000001111011000001011000100000001000100000000001000000000000000000001000000000000000000000000001100100000000000
000000010100000000000000000001000000000000001000000000000000000000001000000000000000000110010000011000111000000000000000000000000000010001111000000100000100000000000100001100000000000000000000000000001100000000100110010000001101011000000000
000110111010000000000000000000000000000000000000110000000000000000000100000000000000000010110011010001100000000000001100000000000000001100110000000001010000000000101000001000011000000000000000000000010100000000000110001000000000000000000000
000011110001001000000000010000000000000000110000110000000000000000000000000000000010000000001010100011011000000000000000000000000000000110000001100000100000000000110000011011110000000000000000000000100000000000000000001000000011100000000000
000000110011100110000001100011100000000000011000000000000000000000000000000000000101000000000111000010011000000000000000000110000000000000000000100000000000000000011000001111100011000000000000000000100100000000011000011000000000000000000000
000000010100111000000001100010010000000000110000000000000010000000000000000000000000000000000011000001100000000000000000001011000000000000000000000000000000000000001100000000000110100011000000000000100100000000000000011000000000000000000000
000000000001100000000001101001010000000000000001100111000010000000000000000000011011000000000100011000000000000000010000000111000001110000000000000000000100000000000000000000001101010011111000000000011011000000001001100000000000000000000110
000000000011000000111000011000010000000000001100110111100000000000000000000000110000000000001110011100000000001011010000000011000001101100001100000000011011000000011000000000000001000000111000000000001111100000001110000000000000000000000110
001011000110000001001000001001101100000000000001100010010000000000000010000000011000000000010100000010000010110100010000000011011000000000001000000000011011000000010110000000010000001000000000000000000101010100000100000000000000000000000000
011101000001000011101000000000001110000000000110100000001000000000000001000000001001110000011100001100001100100010100000000001011011000000010011110000011100000000000101000000000001000000011000000000000000010010000000000000000000000000000000
110001000111000111000000000010001010000000001011100001100000000000000010000000000110100000011010011000001010011101000110000001000010000000000010100000001100000000000011100000001101011000111000000010000000000001000000000000011000000000100000
100000010010001001000000000000001000000000010000000000000000000000000000000000000011000000000000010000001100000000011011000011100000000000000101000000011110000000000011000000000011010000000011000011101010011001000001100000101010011110000001
000000011110000110000000000001000100000011001000000000000000000000000100000000000000000000001001100011000000000001101001000100000000000000000011000000001001100001000000000000000001010000000100100010000001101001000010010000100000110010000011
010000110110000010000011001000100100000000000000000000000000000000000011000000000011001101100010000011000000000000101001101111000000000000000000000011000111000111000000000000000000001000000001000001011111000110000001100000001000000000000001
100001010000000000000100010110001000000101100000000000110000100000000001000000000000010001100000000000000000000000111000111010001110000000000000001101000010000000000000000000000000000000000000000001101010000000000000000000110000100001000100
001001010011000000000011010110000000001111010011100010000000010000001000000000001010001101000000000000000000000000001110100100010001000110000000010111000000000000000000000000100000000000000000101000000001100000000000000000010010000010001001
000001000110000000000001100101000000011100110011100001010000001000001110000100001110000101100000000000000000000011101000011100000000000110000000001100000000001000000000000001010000000000000000000100000000010000000000000000000010100011001100
000011011101000000000000000000000100100010000001000000100010000100001010000100000000000010000000000000000000000011101010011100011011000000000000000000000000011000000111000001100000000000111000101001011100010000000000000000000010110000010000
000001011010001000000000000000000010100111000000000000000110100100101011001001000000000011100000000000000000000011100101000000000100000000000000000000000001011001000100100000000000000001111000010010000011100000000000000000000001111000100000
000000000111010110000000000000000100000011000000000000000110000001001000101101000000000001100000000000101010000011100001000000000000000000000000000000000010101101000100010000000000000011010100000001101000000000000000000000000000100111000000
000000000011000010000000000000000100101000000111011001000101101001010100011000000000000000000001000000100101100000000000100000000000000000000000000000000100100101000011010000000000000001100000000000111000000000000000000000000000111110000000
000000000001000001000000000000000111101100000111001001000000000000100100010111010000000001001101100000100101100000000001000000011000001000000000000000000110000000110001010000000000100001101110000000000000000000110000000000000000101000000000
000000000000110001000000000000000111000000000011001000101000000000100010100010011000001111000101000110100011000000000000000000011000100100000000000000000011100000101000000000000000011000100100000000000000010101110000000010100000100000000000
000000000000000000100000000000000000000000000111100001100000000001010001000011111100001001010000001001100011000000000000000100000000100010000000000000000000100000101000000000001100000000100010000110000001100111000000000010100100100000000000
000000000000000011000000000000000000000000000110111001011000000110010000000000010000000100010000000000010011000000000000000100000001110010000000000000000000000000010000000000001100000001101010001001000001000011000000000010101111000000000000
000000000000000000000000000000000000000000111000101110010000000110000000000100011000000000001100010011111000000000000000000100000011000110000000000000000000000000000000000000000000000000000000000110000001011110000000000001011100000000000000
000000000011110000000000000000000000010000111000110010000000000100110110000011010000000000001100010000010100100000000000000000000000001010000100000000000000000000000000000000000000000001100011000000000000111000000000000111001100000000000000
000000000011110000000000000000000000000100100000100000000000000011001000000000001101100011000000011011110001000000000000000000000100101001000100000000000000000000000000000000000000000001100000000000011000000000000000000000000000000000000000
110000000001010000000000000000000011000101100101111000100000000000001001000100000000100100000000001000000000000000000000000000000000100001000100000000000000000000000000000000000000000000100000000000100100000010000000000001110000000000000111
100000000000011100000000000000000111100000110000110111000000000000010010111010010000100011000000000000100000000000000100000000000110000101000000000000000000000000000000000000000000000001101000000000011000000001100000000001110000000000000011
000000000000010010000000000110001100000000010000001100000000000000001100000001010000000000000000000100101100000000000100000000000000000101100000001000000000000000000000000000110000000001000000000000000000000101100000100110000000000000000001
001100000000010110000000000111010000010011000000000000000000000000000001000001010000000000000011000001010000000000000100000000000000000101000000001000000000000000000000000000010000000100011100000011000000000100000000100010110000000000000000
001100011000000100010000000001110000011110100000000000100000000000000001100000000000000000000101000000000000000000000000000000000000000010000000010000000000000000000000000000000000011000000100000101100000000100010000000000100001000000110000
000000100100001101000000000001110000110000000000000001010000000000000010000010000000000000001100000000011110111000000000000000000000000000000000011000110000000000000000000001010000000000000000001101010000000011011000000001000110100000110000
000000011000001111000000000000000001100000000000000011000000000010011100011000000000000000000110000110111010011100010000000000000000000000001101000111001000000000000000000001011100000000000000001001011000000010010000001000000100101011011000
000000000000000100000000000000000000000000000000000001100001001011100000000000000000000000000010000111110000000010101000011000000000000000000111000111110000000000011000000100000000000000000000000000110000000010100000001001000001111010001000
100000000000000000000000000000000000000000000000000000000001100011100000100000000000000000011000100110110100000110010000011101000000000000000010000001000000000000011000000001111100011111101000000111100000000001000000010010010110100000000011
000000000000000000000000000000001110000000000000000000101100000000001001000000000000000000100100010000110101100100000000000011000000000000000000011100000000000000001000010000101000001100000000000000000000000000000000010100010100011000000010
101000000000000000000000000000001001000000000000000000110000011000000111000000000000000001110000010000110000000100000000000000001000110000000000000100000011000000010000100000100011000101010000000000000000000000000000011100001100000000000000
000111000000000000000000000000010001000000000000000000110100011000000000000000000000000011101000000001100000101000100000011000010101001000000000000000000011101000011100011100100011100000100000000000000000000000000000000000000110000011000000
100111000000000000000000000000010101100000000000000000000000000000000001110100000000000001100100000001000000101000100000100100000001110000000000000000000110010000011000000000000000000000000000000000000000000000000010000000010000000011000001
100010011100101000000000000000001101100000000000000000000000000000000001100010000000000000111010001000000001010000100000110110000101000000000000000000000010000100000111000101100000000000000000000000000000000000000101000000011000100111000001
101000000011000000000000000000000111000000010000001110000000000000000010100001000000000000011100010100000001000010000000100100000111000000000000000000100010000100000101001001100000000000000000000110000000000000000110000000011101101000011010
111001100011001000000000000000000000000000101000001110000000000001100010100010011000000000001100010010000000000010000000011000011100000000000000000000100100000000000110000101000000000000000000001100000010000000000000000000000000111000001100
011001100001011000000000000000000000000000110000000000000000001000010001101100100100111000000000001001000000100001000000000000011000000000000000000000000000000001011100000010000000000000000001100010000111000101000000000000000000000000000000
001110100001000000000000000000000000100000000000000110000000011000100000000000011000000000000000000100100000010010000000000000000000000000000000000110000000000001011000000000000000000000000001100000001000100100100000000000000000000000000000
000110000010100001111000000000000001110000000000000011000001000000100000011010000010000010000000000101000000010000111000000000000000000000000000110000000000000000000000000000000000000110000000000000000110100100100000000000000000000000000000
000110011100000001000010000000000001110011111001111010100001111110000000001110000010000010000000000011000000000000110000000000000000000000000000000001100000000000000000000000000000000110000000000000000011000011000000000000000000000000000000
000000000000000001100001000110000000000100000010111100000100000000000000000000000010000000000000000010000110000000100000000000000000000000000000101011100000000000000000000000000000000000000000000000000000000000000000000000000000000000000000
000000000000000000011001000110000000000010000000010001000010000000000000000000000000100100000000000100001001000000000000000000000000000000000000010000000000000000000011000000000000110000000000000000000000000000000000000000000000000000000000
000000101000000110111000100000000000000001111001000000000001000000010000000000000000100000000000000000000111000000000000000000000000100000001000000000000000000000000100100000000001001000000000000000000000000000000000000000000000000000000000
000100101000000100101110110000000000000000000110000000000000100000100000000000000000000000011110000000000011100000000000000000000000100000000101000000000000000000000100100000001100001000000000000000000001110000000011100000000000000011000000
001000010000000100110000110000000000000000000000000000000001000000010000000000000000010011011101000000000001010000011000000000000000100000000101000000000000000000000000100000011000010100000000000000000001100000000100010000000000000011000000
000100000000000000000101110000000000000000000010100000001010000000000000000000000000001111000001000000000001100000111000000000000000000000000000000000000000000000000000100000110000000100000000000000000000110000000100010000000000000000000000
000000000000000000110010000000001000001110000011110001101100000000000000000000000000000011111110000000000000100000101000000000000011000000000000000000000000100000001000100001000000011000000000000000000000000000011000001100000000000000000000
000000000000000011000010000101001110000000000010011000110000000000000000000000000000000000101000001000000000000000110000000000000011100001000110000000000011011000000100100000111101000000000000000000000000000000100001000010000000000000000000
001000010000000011101001000101001101010000000000111000000000000000000000000000000000000000000000111100000000001110000000000000000000000001000110000000110000000011000110100000000101100000000001100000000000000000100010100010000000000000000000
010100100000000000000011000011000001100000000000010111000000000000010000000011100000000000000001111100000000001110000000000000100000000000000000000000110000111011000000001000000000000000000001100000011100000000100001000010000000000110000000
110101001000000000000001110000010100110000000000011010100111000000101000000101100000000000000010001110001000001101111001100011000000000011101110000000000000011011000001001000001100000000000000000000100011000000011000001100000000000110000000
000110001000000000000000101001001000000000000000011000100101000000001100000100100000000000000001111001000100000111100101100000011000000000000110000000000000000011100000110000000110000000000000000000101011000000000100010000010000000000000000
001110110000000000000001000001000000000000000000001111000001000000001100000000000000000000000000111110000000000110000111100100011000000010100000000000000000011100010000001100000010000000000000000000110101000000000100010000100100000000111100
000111000000000000000000101000000000000000000000000100000010000000011000000000000000000000001100000000100010000010000001100100001000000000101100000000000000011110010000001100000000000000000000000000000011000000000011100001000010000000111111
100000000100000000000000000000000110000000000000000000000111000000000000000000000100000000000000000001000010000100000001110000010000000000100010000000000000011000000100000000000000000000000000000000000100000000000000000011000001000001000001
100000000011000000000000000010000111100000000000001000011010101100000000000000010000011000000001110001000010000011000100001011000000000000100000000000000000000000000011111000000110000000000000011000000000000000000000000011000000000000100001
010000000000000100000000000000000001110000000000011100010010101100000000000000010000100100000000000001100010000000001000000010000000000000100100000000000000010000000111111000000111100000000000011000000000000000000000000011111000100000100000
110110000111001010000000000000100100000000000000100010010000110000000011100000000000011000000000000010000010000000000100000000000000000000101000100000000000100000111111110000001101100000000000001110100000000000000000000000010101000000001000
000001100111000001000000000011011000000000000000101100001001000000111010110000000000000000000000000000000000000000000101100010000000000001110000110110000000100000000000000000000000010000000000000111011000000001110000000000000000000000000000
010000110111100010000000000100100100000000001110011000000000100000111010001000000000000000000000000100000000000000001110010001000001100000000000010010000000010100000000000000000010010000000000000011000000000010011000000000110000000000000000
000001101100100000000000000100100110000000001001000000001000100000000001100000000000000000000000000000001000000000001010001000100001110000000000001010000000011100000000000000011010100000000001000000001010000100010000000001010011000000000000
000000010000011000000000000100101000000000010001000000001100000000000000110000000000000000110000000111010000000000001001000000100010010000000000000000000000000001100000000000011101000000000010110000011111000110011000000000000011000000000000
000000011100000000000000000011111000000000001111000011001000010010000000000000000000000001001000000000000000000000000001001000110100100000000000000000000011000010010000110000010100000010000001001100011111100110110000000010000000100110000000
000000000000000000000000000000110000000000000100000100111010000000000000000000000000000001001000000000000000000000001001000100010100001100000000000000000100100001100001001000001000000101000000100000010000000110000000000000000001111001000000
000000000100000000000000000000110001101000000000000110100001000000100000000000000000000001101100000000000000000000001010000000010100000100001110000000000011000000000000110000000000000010000000000010000100000110000000000001011010110100000000
000000000110000000000000010100100010101100000000000011100000000001100000000100000000000000011000000000000000000000000100001110000011011000010001000000000000000000000000000000000000000000000000000000001000000111000000000000110000110100000011
100000000110000000100000111110101000000011000000010000011000100000100000000110000000000000000000000000000000000000000000001110000000100000010000100000000000000000000000000000000000000000000000000000000100000011101100000000011100100001111100
000000011100000001010000100100110001011100000000101000000000100001000000000000000010000000000000000000000000000000000000110100000000000000010100010000000110000010000000000000000000001100000000010000000000011000110100000000011100000000111110
000011100100000000110000110001100100001000000001000000000000100000100000000000000101000000000000000000000000000000000000110000000000000000001000010000001001000101101100000000000000001100000000001000000000000000011000000000011001000010010110
000111000000000100000000000000000010110001110000011000000000011101110000000000000101000000000000000000000000000000000000100000000000000000010101000000011101101101010010000000000000001001000000001010000110100000000000000000010010100100010110
000100001100001111000000000000000001000001001000001000000000000000110000100000000010000010000000000000000010000000000000100100000000000000001110000000001101100101101100000000000001000110000000000011000010000100000000000000001110111000001001
000000001100010000010001100000000000000001000000000000000000000000000001110000000000000011000110000000000111000000000000010010000000000000000000000000000110100010000000000000000001000000000000000100000001101000000000000000000000110000001001
000000001100100000001001100000000000000000100100010000000000000000000011001000000000000100100100000000001111000000000000011001000000000000000000000000000011000000000000000000000000000000000000010000000000000000000000000000000000100000000111
010110000000100010000000000000000000000000110100010100000000000000000100111000000000000011000011100000000000000000000000101000100000000000000000000000000000000000000000000000000000000000000000011000000000000000010110000000000000000000000000
100110000000101011000110000000000000000000000000000000000000000000000100110000000000000010000011100000000000000000000000101000100000000000000000000000000000000000000000000001100000000000011000100000000000000001110011000000000000101010000000
000000000000100000110100100000000000000000010100100000000000000000000100000000000000000000000011000000001111000000000000000101000000000000000000000000011000000000000000000010010000000000100100010010000000000001100010000000000000110101000000
010010000000001000000000010001100000000000011000111000000000000000000001100000000000000000000100100000001111000000000000000000000101000001100000000000011000000000000000000001100000000000000000000000000000000000100000000000000000001011000000
001010000000001000001100010010100000000000000000000000000000000000111000000011000000000000001110000000000100000000000000000000000100000001100000000000000000001100000000000000000000000001001111000000000000000011010000000000000000111011000000
000000000000000000010000000110100000000000000000011000000000000110011000000011100000000000000110000000000000000110000000000000000011000000000000000000000000010100000000000000000000000001001111001101100000000000111000000000000001100000000000
000000000000000000001110000010100000000000000001011000000000001101110000001000100000000000000010000000000000001000000000000000000110000000000000000000000000011100110000111000000000000001001001100011100000000000000000000000000001000001100000
000000000000000000000100000000100000000000000001001000000000001011000100000111000000000000000000000000000000001001000000000011001101000000000000000000000000000001100001000000000000000000000111000010010000000000000000000000000001000000100000
000000000000000000000000000000000000000000000000011000000000001111111110000011000000100000000000000000000111001101000000000111100101000000000000000000001110000000000010001000000000000000100100000000111000000000000001001100001001110111001000
000000000000000000000000000000000000000000000000000010100000001110111000100000000001100000000000000000000011101101100000001100010010000000111000000011011001000000000110001000000000000000011100000011001000000000000000001100000001110111000100
000000000010000000000000000000000000000000000000010000010000000010110010110000000001001000000000100000000000000001100000000111100000000001011000000100111011000000000110011000000000001100010100000001110000000000000010000010000001100001100100
000000000010111000000000000000000000000000011100001000010000000010001100010000000010111000000000111000000000100001010100000010100000000000110100001100000000110000000000111100000000000000011000000000100000000000000010000000000000000000110110
000000000101111000000000000000000000000011111100001000100000000000001101100000110001111000000001011010000100111000101010000011000000000000000000011010000001001000011000001010000000000010100010000000000000000000000000000000000000000000010100
000001111000000000000000010000000000000011011000010111000000000000000101000001100011000000000001110010000000000000001100000011100000010000000100001101100001001000111000000000100001111010011000000000100000000000000000000000000000000000001000
000001011100000000010000001100000000000011011000000110000000000000000010000000100100000000000000110011010001101000000000000111110000111000111000000111100100101111000001010111000011010100010100000000100000000000000011000000000000000000000000
000000011000000001011100000100000000000111111110111000001100000000000000000000000100000000000001000000111100010000000000000000110001011000000000000010000000000000001000000000000010011100000000000001010011100000000011000000000000000000000000
000000000000000100001100011100000000000111011010001000010100000000000000110000100100000000000101000000001100000000000000001111110001000000001000000001101100000000000101100000000011100000000000000000100000010000001101000000000000000000000100
000000000000011110001100000000110000000110000100011000001000000000000101110000000000000000000101000000000000000000010000010000010001010001001000000011010000000010000000000000000000000000000000000000100011010000000111000000001100000000001010
000000000001110100011000000000110000000000000000000000000000000000000111000000001000000000000011100011000000000000101000001000100001011000010000001110000000000100111010000000000000000000000000000000001001001100000001000110010010000000001100
000000110010001110010000000000000000000000000000000000000000000000011011000000111000000000000010010011000000000001110000010000110001000011111011010010001111110000101100000011101100000000000000000000001000000100001101101001100110000000000000
000000010110000000000000000000000000000000001000000000000000000000000001000000000000000000000001011010000000000011100000011000010001000010001011110110001111110100011000001111101100000000000000001100010000011100000001000001001000000000000000
000000010000010000000000000000000000000000110110000000000000000000010000100000000000000000000001010001000000000011000000011001100000100000101111011010110010001111011000001011000000000000000000001100000000000000001000101110010000000000000000
110000001010110000000000000000111000000000010100000000000000100000011010110000000000000000000000000110110000000010000000000001110000000000111001100000010110000000110000011100001100000000000000000000011100000000001011010000000000000000000000
000000000010000000000000000000000000000000001000000010000001010001011010000000000000001000000000000000111000011010001111010001100000000000000000000000000001010111100000001001000100000000000000000000001000000000000000000000011101000000000000
000000000000000011000000000000000010000000000000011100000011001110000001000001101010110000110000000001010000100101100000000111000000000000010000000000001011010110000000000110100100000000000000000100001000000000000110000000000111100000000000
000000000000000100100000000000000101000001100000000000000100001010111100000000100000100000111100000001110000001100000000000110000000000001111000000000111001010101000000000110000000000000000000000100000000001110000110000000000111001000000000
000000000000000011000000000000010000000010010001000010000011100000010100000000000001000000100001110001110000101000001000010110000000000010010100000000000000101010000010000011111000000000000000000000000000001001000001000000001000100110000000
100000000000000000000000000000000100000001100010000000000001001011010000000000000001000000000000100000110000011000000101010011010000000100100110000000000000011000000100000000000000000000000000000000000000000100000111000000010000010011110000
011110000000000000000000000000010000100000000001100001000000000000010110000000001101110000100000100000000001011000001100110110100000100000011100000011110001100000001100000010000000000000000000000000000000000000000000000000100001010110001000
000110000000000000110000011000000001011000000000000101000000000000110110000000000010110000011110000001000010011000000000110110000000000010101000001111111100000000010100001101000000000000001000000000000000000000001011000001110011110100000100
000000000000000001001000011100000101000000000000001001000000100000001010000000000001110000001000000001000110111000000000010000000000011000101000000001111100100000001000010001000000000000001110000000000000000010000000111001110011100010000100
000000000000000000110000000110000010000000000000001101101101011011110000000000000001000000000000000110100011100000000000001000000000010101101100001010000110100000000000011010000000000000000101011000000000001011111000000000100100000011010000
000000000000000000000000000111000000000000000000001101001000010010000100000000000000001100000000001100110010000000000000001000000000110100001100000100001100000000001110010100000000000000000100011000000000001110111000000100011000000000100000
000000000000000000000000000001000000000000000100000010001000110000000000000100100000000000000000000101011000000000000000001000000000011001000000000000001000000000000100000000000000111000000010001100000000010000000011000100000000000000000000
000000000000000000000000000001000000000000010000000000000111110010000010000100100000000000000000000011001010010011100000000000000010000000111000000000001000000000000000010100000000100100000001001000000000001001100000000010000000000000000000
000100000000000010000000000000000000000000010010000000000001110000111001001101000000000000000000000010001001100010010000000000000101000010001000000000000000000010000000001000000000100100000000000011000000000101000000000011000000000000000000
001010000000001101100000000000000000000000000010011000000001011110000000011100000000000000000000000001110000000010001000000000000001010000110100000000000000001001000000000000000000011000000000000001000000000010000000000000000011100000000000
001010000000000001000000000000000100000001010000100000000110001110000110010100101000000000000000000000000000000010111000000000000001000000000010000000000000001110000000000000000000000000000000000011000000000000000001111101000011011000000000
000100000000010000010000000000011100000001000100011000000000000000100010010101101100000000000000000011000000000010000000010000000000011100000101000000000000000100011100000000000000000000000000011100000000000000000000100100000000011000000000
000000000000000000001100000000001100000001000000000000000000000000100010111001001100000000000000000011100000001100111000010000000000001100000011000000000000000000010010000000000000000011100000000000000000000000000001100110000000000000000000
000010000000000000100000000000000101110001000000000000000000000001010000110001110000000010100000000010010000001110110100101000000000000100000000000000000000000000010011000000000000000000000000000000000000000011000000010100000000000000000000