000000100000000000000001000001000000000001000000000000000000001000110000001010000000000001001100010110010000011000111011110000000000000000000000000100010000000000111000110000000000000000000000000000000000000011000000000100000000001001000000
101000110000000110110000100001100000000000000000000000000000000111001101111000000000011101101000000000000000110111001001010001000000001110000000000110000000000000000000000000000000000000000000000000000000000000000000000000000000000101000000
000000010000000000100001101010110000000000000000000000000000000010001001010010000000000000000000000000000000010111100000110010000000000000000000000000100100000000000000000000000000000000111000000000000000000000000000000000000000000111000001
100000000000001010100000100010001000000000000000000000000000000000001010001010000000000010010000000000000000011000010000011100000000000000000000000000100000000000000000000000000000000001001000000000000000000000000000000000000000000000000010
000111000000001110011010011011001100000000000000000000010000000100000000000100000000000011100000000000000000000000011000000000000000000000000000000000100000000000011000000010000000000001101000000000000000000000000000001000000000000000000010
000000000000000000010010000101001110001000000000000000011000001010000000000000000000000000000000000000000000000010001000000000000000000000000000000001011001100000001000000001000000000000001000000000110110000000000000001010000000000000001000
001000000000000000001110000001101100010100000000000000100010000100000000000000000001100000011000000000000000000011111011100000000000000000000000000001100010010001000000000101000000000001000000000000110110000000000000000011000000000000001000
010000000000000001000000000001101100100010000001100000100010000000000000000000000010010000000000000000000000000001100010010000000000000000000000010000000000010010001001100110000000000000000011011110101011000000000011100110000000000000001000
000000000000000010100110000000101000100011000010010001011000000000000000000000000010100010011100011100001010000000000000001000000000000000000000101000000100111000000001000000001100000000100010100000011110000000010011100000000000000000000000
000001110000000010100100110000010000011010000010000001000000000000000000000000000001000111000100001100100010000000000110001000000000000000000001101100000010001000010000000000001100100000010100000010010000000000010011100000000000000000000011
000010111000000001000100110100000000000000000001110000100000000000000000000000000000000111100000000001000000000000001001101000000000000000000000001000000100000011110000000000110010011000011010001001110000000000010000000000000000000000000100
000010000100000000000100000010000000010100000000000000000000000000000000000000000000000001010000001111000100000000011100110000000000000010000110000000000000000001100000101111001100000000000111100000000000000000000011011000101000000000001000
100001110110000000000000111010000000100000000000000000000000000100000000000000000000000011110000010011110000000000000101000000000000000101001100100000000000000000101101101100100000000000111000000000000000000000000000000000101000111100010000
110001110100000100000000000000000001101000000000000000000000001100000000000000000011000110010000010010000000000000000011000010001100000100100011110000000000000000111000000000001100000000000000000000000000000000000011011000011111000010010000
110000010110010001000011000100000000110000000000000000000000011000000000000000000010001001011000001000000000000000000000000111011001000000100000010000000001000000000000000000011000000000000000000000000110000000000001110000010110000010011000
100000110010010001001100111000000000000011100000000000000000000000000000000000000010111110010000000000000000000000000111000000100111000000000000100000000010100000000000000000001111100001000000000000010010000000000001110000111111000010000000
000011011111000001000010000001010000000000000000000000000000010000110000000000000011100001100000110000000000000000000001010110100010001000100110110000000100000000000000000000001101011001000000000000000001000000000000000000111000111100000000
000011000111001100010010000011010000000000000000000000000000000100110000000000000000111111100000000000000000000000000000110000100000000100000110110000000100100000000000000000000101010010000000000000100001100000000000000000000000000000000000
000000000001101100001010000011011000000000001000000000000000000000000000000000000000011100000100000100000000000000000000010000110000000100000010110000000111000000000000000000000011100000000000000000000000110000000000000000000000000000000000
000000001110110000000110000011100000000000010100110000000000000000000000000000000000001100000100000100000000000000110000001110100000000011000010100000000000000000000000000000000000001000000000000000010011011000100000000000000000000000000000
000000000010000000000000000000101000000000010100110000100000000000000000000000000001001000001001100000000000000001111100000111000000000011000011000000001000001000000000000000000000000100000000000000011110101110010000000000000000000000000000
000000000010000000000000000000000000000000001000000000100000000000011000000000000010000000000111001100000000000000110110000100000001000000000010000000010100010110000000000000000000000000000000000000000110011110100000000000000000000000000000
000000000000000000000000000000000000000000000000000000000000000000100100000000000010000100000010011000000000000000001000001000000001000000000000000000100100010110000000000000000000010100000000000000000110011000000000000000000000000000000000
000000000000000000000000000000000000000000000000000000000000000000101000000000000011000000000000010011100000000000000000000100000000000000000000000000100100001001000000000110000000011000000000000000011110000000000000000000000000000000000000
000000011000000000000000000000000000000000000000000000000000000000010000000000000000000000000000011111110000000000000001101100000000000000000000000000000010000110000000000110000000000000000000000000010100000000000000000000000000000000000000
000000011000000000000000000000000001100000000011000000000000000000000000000000000000111000000000001001011000000000000000011100000000000000000000000000010110000110000000000000000000000000000000000000100000000001100000000000000000010011000000
000000000000000100000000000000000001100000000000000000000000000000000000000000000000000011000000000111010000000001010110000000000000000000000000001000010000000000000000000000000000000000000000000000011000000010010000000000000000100001000000
000000000000010010000000000000000000000000000000000000000000000000000000000000000000000100100000000111100000000001010100000000000000000000000000001000010000000000000000000000010000000100000010000000010000000010100000000000000000010010000000
000000000000010001000000000000000000000000011100000000000000000000000000000000000000001101100000001111000000100000000001100000000000000000000000001110100000000000000000000001101100000110000010000000011000000001000000000000000000001100000000
000000000000110001000000000001100110000000000000000000000001110000000000000000000000000100000000010100000001010000001100000000000000001100000000000110010000000000000000000001100000001001000010000000000000000000000000000000000000001000000000
000000000001010010000000000111110011000001001100000000000001010000000000000000100000001110000000000100000001010011001000000000000000010010000000011000010000000000000000000000000000001110000000000000000000000001100000000000000000010100000000
100000000000100000000000000110010110000000110000000000000001001100000000000001010000000000000001000000000000000011100111000000000000010100000000000000010000000000000000000010100000000100000000000000000000000110100000000000000000010100111010
000000000000000000000001100000110110000000000000001100000000000110000000110000001000000000000010001000000000000010000010000000000000001000000000010000110000000000000000000010101110000110000000000000000000000100100000000000000000000000000011
000000000000000011011011100000011000000000000000001100000000000011000000110000011001110000000110110000000000000001100000000000000000000000000000000010101000000000000000000100100000001100000000000000000000000000100000000000000000000000000001
000000000000000010000001011000000001110000000000000001100000110001100000000000011001001000000000000000000000000000000000000000000000000000000000010010100100000000000000000010000000000000000000000000000110000000010000000000000000000000000000
000000000000000000000000110000000001110000000000000001100001001011000000000000011000110000000000000000000000000000000000000000000000000000000000010010100100000000000000000000000101000000000000000000000000001000100000000000000000010000000000
100000000000000000000000000000000111000000000000000001100000001010000000000011010000000000001110000000000000000000010100000000000001100000000000001111100110011000000000000000000100000000000000000000000000000111000000000000000000010000000011
100000000100000000010010000000001110000000000000000000000011010000000000000000000000000000001110000000000000000000100100000000000001100000000001000000101110000010000000000000001010000000000000000000000000000000000000000000000000010000000010
100000010000000000000100000100000000000000000000000000000001100000000011001000000000000000010010000000000000000000010010000000000000000000000010000001001110001000000000000000000100000000000000000000000000000000000000000000000000000000001000
000000100010000000000000001011010100000000000000011000000000000010000000000100000000000000110000010000000000000000000000001000000000000000000001000001100100001001000000000100000000000000000000000000000000000000000000000000000000000000000001
000000100001100000000000000010100100000000000000011000000000000101000000000000010000110000010100101000000001100000000000001000000000000000000000001111001100000001000110001111000001110000000000000000000000000000000000000000000000000110000000
000000011001000100000000100010000000000000000000000000000000001001100000000001100000110000110110001000000001100000000000001000100000000000010000001001001100000001001001010001100001110000000000000000000000000000000000000000000000000111110010
000000000011000100000000100010100000000000000000000000000000010000000000000000000000000011010000111000000000000000000000000001010000000000110000010101011000010010001001101110110010001000000000001100000000000000000000000000000000000000100000
000110000000000101000000100011000000000000000000000000000000000000000000000000000000000011000001010001000000000000000000000000000000000001110000011011010000001100000011000110100010110000000000011000000000000000000000000000101000000001101110
000010000000000000000000010010000000000000001100000000010000001110000000000000000000000000010110110010100000000000000000000001000000000010000000011100000000001101001110000001000001110000000000011011100000000000000000000000000100000000110001
111100000000000000000000001100000000000000010010000000010000000000000000000100000000000000110100100010100000000000000000000001100000000110011000001000000000000000111000000000000000000000000001000111110000000110000000000000100000001000001101
100100000000000000000000000110000000000000110110000000010000000000000000001010000000000000001000000001000000000000000000000001100001100000001100000000000000000000000000000000000000011100000000000001110000000110000000000000010000010100000010
110000000110000000000000011001000000000000001000000000000000000000000000000110000000000001101000000000000000000000000000000000000001100000011100000000000000000000001000000000000000011100110100000000000000000000000000000000000000010010000001
001010000000000000000000101000011000000000000000000010100000110000000000000000000000000000101100000000000000000000001100000000000000000000000000000000000000000000010100000000000000101000100011000000000000000000000000001100000000001100000001
010011000000000000000000000010011000000000000000000010101111101000000000000000000000000000100010000000000000000000010010000000000000000000000000000111000000000010000010000000000001100110000000000000001100000000000000001100001011000000000110
010011100000000010000001011111111000000000000000000001111010100000000000000000000000000000010001000000000000000000001100000000000000000000000000110111000001100100000000000000000011100110001100000000000000000000000000000000000100000000001110
000000000000001000111110000110110110000000000000001000101010100000000000000000000000000000001000011000100000000000000000000000000000000000000000111110000001100010010000000000000000000000010000000000000000000000000100000000000000000000000000
000011000000011000100010001110001110000000000000011111111101100000000000000000000000000000000100111100010000000000000000000000000000000000000000000010000000000000000000000000000000000011100011000000000000000001001010000000000000000000000000
100011000000110100000011000100000000000000000000010011110101010100000000000000000000000000000001000110001000000000000000000000011000011000000000111000000000001000000000000000000000000101000111000000000000000001010100000000000000000010000001
000000000000010011000001000001111000000000000000001000000101000000000000000011000000000000000000000110001000000000000000000000100100100010000000000010100000011111110001000000000000001000100001000000000001100001010000000000001000000111001101
000000000000001110001001000001111000000000000000000111110001001000000000000011000000000000000000000000111000000000000000000000011000100001000000000111000000000011100010100000000000001001111110000000000000000000000000000000001010001100100000
000000000000000101000100000000000000000000000000000001101110000000000000000000000000000010000000000011001000000000000000000000000000011001000001110110000000001000010010010000000000000111010000000000000000000000000000000000000011011101101000
010000100000000010100010000000001000000000000000000000000100000000000000000000000000000101000111000001111000110000000000011000000000000011000000111000000000000111010001100000000000000000011111100000000000000000000000000000000110001000101000
000101000000000010100000000001000000000000000000000000000000000001100000000000000000000101000000100001110000110000000001000110000000011100000000000000000000000010100000000000000000000000001111010000000000000000000000000000000100000100000011
000110000000001000000000000010111000000000000000000000000000000010010000000000001000000010000010000000000000011000000000000110000000011100000000000000000000000000000000000000001100000001000000011000000000000000000000000000000000000000000000
010000000000010000000000000001111000000000000000000000000000000001010000000000001000000000000000001000000000001100000010000000000000000000000000000000000000000000001011000000010010000011100000011100000100110001000000000000000000000001100000
010000000000001100000000000000000000000000000000000000000000000000100000000000001000000000000011001000000000000100000010001000000000000000000000000000000000000000010010000000001100000000001000000100010011000111000000000000000001000011000000
000000000000001000000000000000000000000000000000000000000000000000000000000000000000000000000000101001100000000010000000001000000000000000000000000000000001000000000001001001000000000001010000011011000010111100100000000111000011001000000000
000000000000000000000000000000000000000000000000000000000000000000000000000000000000000000000001110011000000000000000001001000000000000000000000000000000010100000001000110000100000000001000100000011000001111010000110000111000110111000000000
000000000000000000000000000000000000000000000000000000001100000000000000000000000000000000000000100000100000000000000000111000000000000000000000000000010110100000000011100000010000000000011100001000000000000011001101001000100001100000000001
000000001000000000000000000000000000000000000000000011000000000000000000000000000000000000000000000000000000000001000000000000000000000000000000000000010011100000000110010001110000000000011100010100010000001100011111100001110000110011000001
000001110100000110000000000000000000000000011100000001101000001000000000000000000000000000000000000000000000000001000111000000000000000000000000000000110000000000000100000000000000000000000000001000000011100100011001100000000000010000000010
000110000000000110000000000000000000000000101100000010011000010100000000000000000000000000000000000000000000110000000000000000000000000000000000000000000000000000000011000000000000000000000000000000000001110000100000000011000110000000000000
001100111010000110000000000000000000000000101100000010111000010100000000000000000000000000000110000000000001000000000000000000000000000000000000000000000000000000000111000000000001000000000010000000000000000000111000000010000001000000000000
100000010011000000000000000000000000000000000001100001100000100100000000000000000000000000000100000000000000110011000000110001110000000000000000000000000111000000000010010000000011000000000001000000000000000000001000000010001000000000000011
111101111011000000000000000000000000000111100001100000000000110000000000000000000000000000000010000000000010010011011000000010001000100000000000000000000011000000001011000000000110000000000001001000000000000000011000000011110000000000110101
011111010010000000000011100000000000001001000000000000000000000100000000100000000000000000000001110000000010010000011000001101000000100000000000000000000000100000001000100000001110000000000000100000001110000000011001000100110000000000010110
000000010110000000000001100000000000001110100000000000000000111000000000100000000000000000001001110000000001000010010100010101000000000000000000000000000001000000000101000000001110000000000000000000011000100000101001100100000001000000010000
010000011000000000110000000000000000010100000000000000000000000000000000010110000000100000011000000000000000000001000010011100010111100000000000000000000010100000001001000000000000110000000000111000010001000000100000100000001000000000001101
010000000000000010001000000000000000001000000000000000001100010000000000001100000001010000001010000000001000010001001100000000001000010000000000000000000000110000000000001100000001100000000000011000000100000011010000000011000000000000000101
100000000000001010000000000000000000000110100000000000001100110000000000000100000000110000001110000000001000000001000000000000000010001000000000000000000000111000000000001100000001010000000011011000010100000011110000011001000000000000000000
000000000000000110000000000001100000000101001110000000000001100000000000000110000000000000000110000000001000001000000001100000000000001000000000000000000000001000000000000000011001010000000000001110011000000001001100011110000000000000000000
000000000000000001001001000000110000000011001001111000000000101000000000000110100000000000000010000000000000000000110000000100000001001000110000000000000000000000000000000000011001000100000011000000000000001000010000000110000000000000000111
100000000000000000101100100110000000000000000001001000000000011000110000001100110000000000000000100000000000001001110000100100000000110001010000000000000000000000000001110000000000111100000000001110000000110000000000000000000000000000001010
110000000000000000100110010100000000000000000000011000000000001001101110111000010000000000000011011000000001101110010000100100001010100000100000000000000000000000000000110000000000110000010000000000000000110110000000000000011000110000001001
100000010000000000011110100000000001110000000100100000000000000000010110011110110000000000000011100000000001010001100000110000001111100000000000000000000000000000000110110000000000000000101000000000000000010010000000000000100100101000101000
000000010000111000000000000100000010000000000011100000000000000001101100000110100000000000000111000000000001100000000011000010000101000000000110000000000000000000011011000000000000000001100000000000000000011010000000000000110101001001001000
000000100000100010011100000010110100110000000000000000000000000001101100000101000001000000000010100001110000000001110011000001000011100000000110000000000000000000110101000000000000000000010000000001100000001010000000100000000101011000110000
010000000000011001000000000100111111110000000000000000000000000000010000000000000010100000000001110110010000000000010000010001000000000000010000000000000000000000010110000100000000000001100000000010010000001101101001010000000001100000100000
011000000000010000000000011100110000010000000000000000110000000000000010000000000001010000000001010110001000000000000000110010001001000000001000000000100000000000001010000100000000000001100000000001100000000100001001010000001001000011000000
000001000000010110100000110000011011010000000000010010010000000000000111110100000000011000000000110000100100000000011110110110011100000000000000000000100000000000000100000110000100000000110000000000000000001111011000100001100000000011000000
000010110000100000100001110001010001000000000000010111110000000000001000011010001100011000000001100001111000000000011011000100100000000011001000000000100000000000000000000010001001000100000000000000000000101101100000000011110110000010100000
000010110000000010101000010000011011000000100000000000110000010000001110000000001100000000000011010001101000000000000000000101000010000001010000000000000000000000000000000010000111000100000000000000000000100000000000000000000100000001110000
000010010000000100101011000011100110000000100000000001000000101000001100001100000000000000000001110000001000000000000111000101111011000011100000000000000000000000000000000000000000001000000000000000000000100110000001000000001000000000101001
110001100000001001011001000101100000000001010000000101000001101100000000000000000000000000000000110000011000000000000001100100000100100001000000000000000000000000000000000000000000000000000000000000000000000001000010001001110000000010100100
000000000000000100000000110101110000000000100000001001000010001000001100000000000000000000000000000000000000000000011111000100100011000000000000111100000000100110001100000000000001000000000000000000000000001001000100001100000000000100000110
100000000000000000000000000001001100000000100000001000000110000100001100000000100000000000000000000000000000000000001110000010000000100000000010110010000000011101101110000000000000100100000000000000000000000000000000000010000000000011010010
011000000000000000000000000000100011000000000001100110000000001100001000000001100000000000000110000000000000000000000100000100001000000000000011000000000000011110001101000001000100100100000000000110000000010000000110000010000000000010000000
010000000000000000000000000000100011000000000001100000000000010100010000000001000011000000001001000000001000000000000000000010001010000000000110000001000000000000101010000001011100000110000000000101000000010100000000001110000000000001100000
110010000010000000000000000000000000010000000000000000001010101100010100000001000001000000000110000000001110000000000000000011101010110000000000000011000000000000111000000000111000001010000000000010100000001000000000000000000000000000100000
010001000010000000000000000000010101010000000000000000011000000000010010000001000010000000001100000000000010000000000000001100001100000000000111010011110000000001110000000000000000000100000000000010100000000000000000100000000000000000000110
000001000000000000000000000000000000000000000000000000100000000000001100000001101000011000011000000000000110000000000000001010000100101100000101000010110000000001100000000000000000000000000000000000100000000000000110010000000000000000000001
000101000000000000000000000000001010101000110000000000110010000000000000100000110000011000001100000000000000000000000000010100100110000100000011000100000000000010100000000000000000000000000000000000011000100000000100010000000000000000010011
000000000000000000000000000000001000001000110000000000111001000100000001010010011100000000010000000110000000000000000000001000000110011100000101000010100000000011000000011100000011100000000000000001011001010000000000111000000000000000011011
111000000110000000000000000000000011100000000000000000010011001100000011010000000000000000000000000110000000000000000000001100000100000000000011110011100000000000000000000000000010010000000000000001001001001000000010001000000000000000000011
110000100110001100000000000000000011100000000000000000011100011000000001010000011100000000000000000000000000000000000000000010110110000000000000000011100000000000000000000000000100000000110000000001000101010000000101110100000000111000000101
110001000011010010000010000000000000000000000000000000001000010000000110000000000000000000000000110000000000000000100000001001010001000000000000000000000110000000000000000000001100000110010000000000100010100000000100000110110001101000011101
000000111101100000001010000000000000000000000000000000000000000000001010110100000000000000000000101111100000000001100000001001000010000000000000000000000001000000000000000100000100100000100000000000000110000000001000101011001101001000000100
000000001101110000001110000000010000001110000000000000000000000000001100010110000000000000000000100011100000000001010000001111000010000000000000000000000110000000000000011011000110100010100000000000000000000000000100001010001111001100000100
000000001110011100001100000000010000001001000000000000000000000000000000001010001000000000000000000111100000000000000000000001000000000000000000000000000011000000000000111011000001100000000000000000000000000000000000000001110000101001100000
000000011110000000001100000000000000001000100000000000000000001000000000000000001000000000000000000000000111000000110111110000000000000000000000000000000011100010000001001110000000100000000000000000000000000000000001001000000000010101100010
000010000100000000010010000001100000000000100000000000000000111100000000000000101000000000000000000000001111000000000000001000111100000000000000000000000000100011000011011001000000100000000000000000000000000000000001101100000000000000001110
000111100000000000110110000001101100000011000000000000000001100100000000010010000000000000010000000000011001100000100000011001000100000000000000000000000001001000100000101101000000000000000100000000000000000000000000010100000000000000000000
000010000100000000100100000000011101000000000000000000000000111000000000010100000000101000101000000000001011000000010001000000100010000000000000000000000001110000010000001001000000000000001000000000000000000000000000000110110000000000000000
000000000000000000011000000000001000000000011000000000000000010000110000001110000000100101101000000000000111000000000100100000100000000000000000000000000001000000000000001100000000000000001110000000000000000000000000000000000000000000000000
000000000000000000000000000000000000000000001000000000000000000000100001000100000000101000110000110000000010000000000011000000100100000000000000000000000000111110000000110110000000000000000000000000100000000000000000000000000000111000000000
000000000000000000000000000000000000000000010000000000000000000000000011000000000000000000000001111000000000000000000000000000101000000000000000000000000000011010000000001110000011000000000000000001010000000000000000000000000000100100000000
000000000000000000000000000000000000000000000000000000000000000000000000000000000000000000000001000100000000000000000000000001101000000000100000000000000000000000000001100000000000000000000000000011011000000000000000000000000000010010000000
000000000000000000000000000000000000000000000000000000000000000000000000000000000000000000000001001000000000011100000000000000101100000001010000000000000000000000000001100000000010100000000000000001010000000000000000000000000000010000000000
000000000000000000000000110000000000000000000000000000001000000000000000000000000010100000010001000000000000010010000000000000010100000000110000000000011000000000000000110000000000101100000000000010001000000000001001010000000000011100000000
000000000000000000000001101111100000000000000000000000010100000000000000000000111000000000001001010000000000011010000000000000001000000000000000000010011000000000111000000000000011110000000000000110110000000000010101110000000000110000000000
000000000000000000000000001111010000000000000000000000001000000000000000000000011110000000001000100000000001000000000000000000000000001110000000000010001100000000110000000000100101100000000000000100011000000000010000000000000000100000000000
000000000000000000000000000010011000000000000000000000000000000000000000000000001101100111000000000000100010100010100000000000000000000000000000000100000010000000011100000000000100010000000000000011011000000000000000000000000001100011000000
000000000110000000000000001000110000000000010000000000000000000000000000000000000000100000100110100001010010010010100000000000000000100001000000000100000010000000001110000000000011110000000000000011000100000000000100001000000001100001000000
000010000110000000000000001101110000000001101100000000000000000000000000000000000000010001100101110001001001100010000000000000000001100110000000000100010100000000001000001000000000100000000000000011001110000000000000000100000101100010000000
000011000110000000000000000000000000000001101100110000000000000000000000000000000000001000101100101000010000000000000000000000000000010111000000000001100000000000111000000110000000000000000000000001111110000000011001010010001000000000000000
000001110010000100000001100110110000000000100001011000000000000000000000000000000000000011000100011000000000000000000000000000000000010110000001100000000000000000111000000011000001100000000000000001110000000000010000000001000100100000000000
000001101001001010100010001100110000000001100011000110000000000000000000000000000010000000000111001010000000000000000000000000000001100100000000000000001100000001010000000000000010100000000000000110110000000000010000100000000100000000000000
000001000010001000100010001000110000000001000001011110000000000000000000000000110101000000000011000101000000000000110000000110000001111100000011100000000110000001100000000000000010100000000000000010100000000000010000011110000000000000000000
000110011000000000100010001011000100000001000011000000000000000000000000000001011000100000000000100000100010000001010000000010100101011100001010000000010100000011000010000000000000110000001000000001100000000000010000001000000000000000000101
000110000000000011000110000011000010000000000010111010000000000000000000000011111101110000000001011100100101000001110000000000001000011000111000000000011000000001100100000000111001010000001000000000100000000000000011000000000000000000000000
100000010000000110000111110000000010000000000010100000000000000000000000000001010100011000010100010000101001000000000000000011001100011000111000011000000000000000100001000000010101001000000000000000000000001111000011000000000000000000000100
000000110000001110000100001011000010000000100110000100110000000000000000000000101000101000110000001111001001000000000001000011100110110000111000001100000000000000000011100000011110000000000000000000000010001111000000000000010010000000000011
000100001000001110000000001100110110000000011000010000000000000000000000000000011001110000100000010100010010000101000100100000000111000000011000011000000000000000010000010000010010000000000010000000000001111100000000100000010011000000000011
000100010001000010000000000100101110000000000000100000000000000000000000000000000100110001000000100000001010000001001100000010000110000000001000111000000000000000000111100000001000010000100001001101100000000001000000100000000001000011000011
000000000001110000000000000011001100000000000000000000000000000000000000000000001101100001000011010000001110001000010001100010010011000000000111000010000001100011000011000000001100000000011101000101010001000001100010010001001010000011000110
000000110001110111000001100001000000000001111000000000000000000000000000000000001000110001100000110000000000000111000110000001000110000000000001001111101100110100100000000000000001100000001110001100001000000010000001100000000010000011000011
000010000001000010000011100000000000000110000111000000000000000000000000000000001110100010000000000000000000000011010000000000111100000000000000001100100000010111000010000000000000000000000100000110001101100010000000000001110111000000011011
000001111111000000000011000000000000101000000010100000000000000000110000000000001011101011000000000000000000000000011000000000110000000110000000011100011110010011000010000000100000000000000000001010001100100100000000000000011010000100010010
000000110100100000000110000000000000101110001000000010100000001100011000000000001100011001000000000000000000000100000110001110000000000110000000000000001100100000001100100001010000000000000000011100001110010100000000000000000110000000101100
000000000100000000000001010000000001101000111010000011000010011100001000000000000000011101000000000000000010001000000000010010000000000000000000000000000001000000111101100001100000000000000000100000000100011000000000000000000110000110000000
000000010001100000000000000000000001100000001001000001000101100100000000000110000000011001000000000000110101100100110100011100000000000000000000000000000010000000101000001000000000000000000000010111101110000000000000000000000000001110000000
000000010000110000000000000000000011000110000000000000001101001001010111000110000000000001100000000001000000000001101000000000010100000000000000000000001110000000001010000100000000000000000100000011100101000000000000000000000000001110000000
000000000000010000000000000000000001100010000110000111111110000101010011000100000000001100101100110010000000010011000000000000010010000100000000000000010100001001001010001000000000000000001011000011001011000000000000000000000001110000000000
000000000100100000000000000000000000000010000000011111101000000010000000000000001000001100010100000001000000010000000000000000000100011110000000000000010001001000000000000000000000000000000000000000111111001101100000000000000111000000000000
000000000011000000000000000000000000110100000000100000000000000000000000000000010100010010000000000000001101100000000000000000001100110001000000000000010000110110001011100000000000000000100001000000110001010101100000000010000000000000000000
000000000000000000000000000000000000111000000000100110000000000000000100000000001010000110000000000000000001100000000000000000000101110110000000000000001000000001001000000000001100000000000110000110001110001101100000000100010010000000000000
000000000000000000000000000000000000000000100000111010000000000100000111111000001010001100001000000110000001000000000000001110000110011100000000000000000001100001101000000000001100000001000000001001001100110011000000000000101000000000000000
000000000001110000000000000000000000000001011000000000000100011011000100011000000100100000010100001110000010100000000000000000001110011000000000000000000000000000010000000000000000000000110000000110000101111100000000000100100000000000000000
000000000011110000000000000000000000000101000000000000011000000001000000011000000001110000010100000110000011000000000000000000001100101100000000000000000000000000000000000000000000000000011100000000001111011000000000001100000000000000000000
100000000110001000000000000000000000010001100000010000111000000000100000001001000011001000011100001000000000000000000000000000001000101100001110000000000000000000000000000000000000000000011100000000011110000000000000001100100000000000000011
000000000000000000000000000000000000100010000000100000110000000000100000011000111100001000000000001100110000000000000000000000000111100000000000000000000000000000000000000000000000000001100100000000100100000000000000000100000000000000000001
000000000000001110000000000000111000011100010000100100100000000001000000000000001111110000000000000101000000000000000000000000000010110100000000000000000000000000000000000000000000000000000110000001000100000000010000000001000000000000000000
000000000000000010000000000000101001000000001100011101000000000000000000000011110111100000001110000100000010000000001110000000000000010000000000000000000000000000000000000000100000000001000101000001011100000000011000000111000000000000000000
000000000000001110000000000000000011111000000000011101000000000000000000000000100000000000001001000000000001100000000000000000000000000001000000000000000000000000000000000001010000000000110001001101000000000100100000000000000110000000000000
000000011000000110000000000010010000010100000000000000000000000000000000000000000000000000000010000000000101000000000000000000000000001001000000000000010000000000000000000011010000000000000010001001011000000001100100000000001100000000000000
000000100100000000000000000010000110001110000000000001110000000000000000100000000000000000011100000000001101000000110000000000000000000111001111100100110000000000000000000001011000000110000000000000000110000001100100000000100010000011000000
000000011000000011100000000000000000001000000000001100100000000000110001010000000000000000000000000000001010000000001000000000000000000000011011100101010000000000000000000000011100001111000000000110100010000000010100000000101001000011000000
000000000000000000000000000000100100000000000000000101000000000000000100001000000000000000101000000000000001010000110000000000000000000000011101100000000000000000001100000000000010011100100000000010101010000000001000000111100010110011000000
000000000000000000000000000000011000110000000000000111000011000001100000001000000000000000000100010000001000000000000000001000000000100000001111000000000000000000010010000111011010001000000000000000011100000000000000000000100010010111000000
100000000000000000000000000000000000100000000000000000010111000011000000011000000000000011010101101000000100100000000000001010101011010000000100001100000000000000000000000100001001000111100000000000000000000000000001100000100010001101000000
110000110000000000000000000000000010100000000000000000101010001010000001011000000000000111010110010000000111000000000000000011001000010000000011101000000000111000000100000100000111100111100000000000000000000000000000111011100000000000000000
011000111000000000000000000000000011000000000000000001101100001010000000100000000000001100100010000001100010000000000000100001000111000000000000000100000011001100010000001100000000000101100000000000000000000000000000011010100010000000000001
100011000100000000000000000000010000000000000000000000101100000000001100000000000000001100000010000000110011001111100001010001110001010000000000000000000011100000010000000000000100001000000000000000000000000000000010011000011001001100000110
100100000010000000000000000000011100000000000000001000010000000000001100001100010000000010010110011000000001011000000000100001010000110000000000000000000100000100000000101000000011100000000000011000000010000000000101000000110001100000010111
000100000000000000000000000000001100000000000000011000000000000000011000011100110000000011001000100011000000111010100000000011000000000000000000000000000111111000000110101000000000000000000000011000000111000000000110000000011000100000100000
000000001100000000000000000000000000000000111000111010000000100000100001000001110000010000000000101110000000000001100000001110000000000000000000000000000111000000000000001001000000000000000000001100001110100010100000000000011000000100010100
000000001000000000000000000000000001010000111000110111000000101010000000100110100000010000000000011110000000000000000000001100000000000000000000000000000000000000000000000101000000000000000000101000011001100010010000000000000000101100001000
000011010000110000000000000000000001000001010000011100000001010010011000101010011001100000000000000000000000000000010000000000000000000000000000000111000000000000000000000111000000000000000000011000111000111000010000000000000000010000000000
000000010000110000000000000000000010010101000000110011100001011000000001110000000000000000000000001100000000000000111000000000000000000000000000000111000000000000000000000000000000000110000000010000011000000000110000000000000000000000000000
000000000000000000011000100000000001000001000100100000100100010000000000010000000000110000000000010010000000000001001000000000000000000000000000001000100000000000000000000000000000000110000000000000001101000000000000000000000000000000000000
000000000000000000100000100000000001010000010101111101000100000100000000000000000000100000001000001010000000000001110000000000000000000000000000000110100000000000000000000000000000000000000000000000000101100001000000000000000000000000000000
000000000000001011000000011000000000110001100100100000000000111100000000000000000001000000100010000100001100000000100000000000000000000000000000000111000000000000000000000000001000110000000000000000000001101100000000000000000000000000000000
000000000000011011110000100100000000001101000111000110001010001100000000000000000000000000100010000000010000000000000000000000000000000000000000000000000000000000000000000000110101000000000000000000000000100000000000000000000000000000000000
000000000000001101100001101000000000000010000001100000000010000000000000000000000000000001000000100000001100000000011000000000000000100000000000000000000000000000000010000000110000000100000000000000000001110000000011100000000000000011000000
000000000000000011100011001000000000000000000000100000100100000000000000000000000000000000110100000000000000100000011000000000000001010000000000000000000000000000001101011111010100000010000000000000000011011000000011100000000000000011000000
000000000000000001000101111000001000000100000011011001000100000000000000000000000000000000000100000000000001011000000000000000000111011000000000000000000001000000000011111101100100000000000000000000000001110000000000000000000000000000000000
001000000000000110010110010000010100001010000010100000101000000000000000000000000000000000000100100000000001000100010100000000000110110000000110000000000001000000000001011001100000100100000000000000000000100000000000000000000000000000000000
010100000000000110100001100000010100001010000010000000000000000000000000000001000000000000000100000000000000000100100100000000000110110000001101000000000000000000000100000010001011001000000000000000000000000000110000000110000000000000000000
010101000000000000011011100000000100000100000000000000000011000000000000000011100000000000000000000000000000001101100000000000000001000000001001000000110000000000000100000101011011010000000001100000000000000000110000000110000000000000000000
001000011000000000001000000000000000000000000000000000000010100000000000000110110000000000000000000000000000000000110000000000000000000000100011000000110000100000000000010011010000110000000001100001100011000000110000000110000000000101000000
000100010000000000000000000000000000000000000000000000000000000000000000001110111000000000000001110000000000000001100011011000000000000010011010000000000000000000000000100000111100100000000000000001100011000000000000000000000000000000000000
000000000000000000000000000000010100000000000000000000000001010000000000000110110000000000000001110000000000000000000011011000000000000010111001100000000000000000000000000110010000000000000000000010011001000000000000000000000000000100011000
011100000000000000000000000000000000000000000000001000001000100000000000000011100000000000000000100000000010000000000000100000000000000001010001000000000001000000000000000100001100000000000000000001110010000000000011100000000000000000001011
010000000000000000000000000000000000000000000000000000010100000000011100000001000000000000000001101100000011000010000011000000000000000000001001000000000000110000000001100000000100000000000000000000000110000000000011100000000000000100001101
010111000000000000000000000000000000000000000000000000110100001100000101000000000000000000000000001100000010100101000111100000000000000000001010000000000000000000000001100000000000000000000000000000000000000000000000000000000000000100001110
000000000100000000000000000000000110000000000000000000000101101110010000100000000000011000000001001000100001110010010001000000000000000000000100000000000000000000000010010000000100000000000000000000000000000000000000000000000000000100111110
001000000100000110000000000000000000000000000000100000001100001110010000110000000000100100000001010001011010100000000000000011000000000000000000000000000001100000000010010000001010000000000000000000000000000000000000000010001000000001110100
000001000000001001000000000110000000000000000000000000001111001000100000010000000000011000000000100011000011000000010100110001100000000001000000000100000001100000110000010000011010010000000000000000000000000000000000000010101100000000000010
000001000000000101000000000010110000000000010000001000110000101000101001000000000000000000000000000001100010000000000000110000000001110011000000000100000000000000110000000000001000000000000000010000000010000000000000000001101100000000000001
100000000000000010000000001001110100000000011000000000100000000000100011100000000000000000000000000000000000000000000000000011100000000011000000000000000000010000001000100000001000000000000000100000000011011000011100000000001010000000000000
010000000000000000000000001110110100000000001100000000001110000000011110101000000000000000100000000000000000000000000000000001000000010000100000000000000011001000001001000000000100000000000000111000000011101110010000000000001001000000000000
000000000000000000000000001000000000000000001000000000010010000000001011010000000000000011110000000000000000000000000000000000000011000000000000000000000011011000000000000000000011000000000001000100000000000011100010000000001100000000000000
000000000000000000000000000000000000000000010110000110100010000000000000110000000000000101111100000000000000000000000000000000110101000000000000000000000110010000000000110000000000000010000000010100000001001110100000000000000000011100000000
000000000100000000000000000011000000000000000100000110100000000000000000000000000000001100000010000000000000000000000000000001000110000000000010000000000100100000000001001000000000000101000000011100010001101101101100000000000000010000000110
000000011010000000000000000111000000000000001110000000011000000000000000000000000000000111010001000000000000000000000000000000100000000000110011100000000011000000000000110000000000000010000000000000010000001000010000000000000000010110000110
000000010110000000000001000101000110110001000000100000011000100000110000000110000000000011001010000000000000000000000000000000000010000000101111100000000000000000000000000000000000000000000000000000000000000000001000000000000000001101011100
100000100110000000110010101110000111100001000000110000000011001100010000000110000000000000000000000000000000000000000000000100000100000000011000000000000000000011000000000000000000000000000000001000000000000000001100000000011100000000000011
000000000110000001111110100100000110110000010000101100000011000000110000000000000010000000000000000000000000000000000000010100000000000000010001110000000111000100100000000000000000000000000000010100000000000000010110000000100000100000000000
000101000000000011001100000010000000000110000000011010000001111000100001110000000101000000000000000000000000000000000000000000000000000000001110100000001000110011000110000000000000000100000000100000000011100000100100000000000000010011000000
000000110000000011011000000000000000000111111000010010000000100011100001010000000101000000011000000000000010000000000000100000000000000000111101100000111100000000001001000000000000010010000000100100000101100000011100000000100100000000101000
101110101111000001110000000000000000000111111000100110000000011101000011010000000010000000100100000000011111100000000001000000000000000000010101000000110000100011000110000000000000001100000000110000000100010000001100000000000111001000000001
000010000000100011100000000000000000000000011000011000000000001100000001110000000000000000100010000000011001100000000001000110000000000000010000000000110000000100100000000000000000000000000000010000000100010000001000000000000000100000000000
001110000000010110000000000000000000000000000000000000000000000000001001101000000000011000000100000000000000000000000000001001000000000000001110000000001001000011000000000000000000000000000001001000000010100000101101000000000010110010000100
011110000100111110000000000010000000000000000000000000000000000000011000100100000000000001010000000000001000000000000000001000000000000000000000000000000001000000000000000000000000000000000001110000000001000001000010100000000000110110000000
010000000110000000000000001111000000000000000000000000000000000000011000100000000000000001000000000000001001100000000000010100000000000000000000000000010010000000000000000001100000000000001000000000000000000001000011100000000000000000000001
100000000001100000000111011111000000000000000001110000000000000000111000010000000000000000000000000000010001100000000000000000000000000000000000000000000000000000000000000010010000000000110100000000000000000000000110000000000001110000000000
000000000000100000000111000000000000000000000010000100000000000000010110110010000000000000000000000000001000000000000000000000000000000001100000000000011000000000000000000001100000000000110100000000000000000001001100000000000011010101010000
000000000000000000011110011000000000000000000000000010000000001100001110001000100000000000000100000000001010000100000000000000000010000001100000000000000000001000000000000000000000000001111000000000000000000000000000000000000000000011010000
000000000000000000110000101110000000000000000000000110000000000100000000000100100000000000000100000000000100001110000000000000001111000000000000000000000000010110010000000000000000000011000000000000000000000000100100000000000011000110100000
000000000000000000100000000110000000000000000001110000000000011100000010000011000000000000000100000000000000010011000000000000011000000000000000000000000000010010010000000000000000000011000000000000011000000001100100000000000000000000000000
000000000000000000011101000100010000000000000000000000000000000100000010001000000000000000000000000000000001101010100000000000010111000000010000000000001000001111101000111000000000000001000011000001110100000000111000000000000110100000000000
000000000000000000001110000001100000000000000000000100000000011000000101001000000000000000000000000000000001111010000000000000000011000001101100000000110000000000111000001000000000000000100001000000000110000000000000001100001001000000000000
000000000000000000000100000001000000000000000000001000000000000000000000000100000001000000000000000000000000010011110000001000000000000001101100011101111000000000100000101000000000001011000001000000010000000000000000001010000010100000000000
000000011001110000000000000000000000000000000000000010000000000000000000000000000000100000000000000000000000000001001100001000110000000010011110000100110000011000011000110000000000000000000001000100000000000000000000000100000010000000000000
000000101101101000000000000000000000000000000000010001000000000000000000011010111100110110000001011110000110000000001100000000110000000010000110000100100000010100000000010000000010000001101001000010100000000000000000000000000000000000000000
000000000000001000000000000000000000000000000000010001000000000000000110011011111100011110000010000101000101110000010010000000000000011001010110000110100000000100001100000100000010000001000110000011000000000000000000000000000000000000111000
000000100000110000010000001000000000000000000000000110000000000000001110100110111000000000000001000001100010001000000110000000000000011000100000001010010000100100001100000110001000100010000000000000001011000000000000000000000000000000010110
000000100000110000101000100001000000000000000001000000000000000000001101100001100001000000000000111100010010001000011100001100000000001000001000010001111100001000010010000110000010010010000000000000000111100000000000110000000000000000001100
000000000010000000101001000000000000000000000001001100001100000000000010000001100011000000000000000000010000001000001000010111100000001100001001000000010000000000001100000000000000011000000000000001111100011000000110110000000000000000001100
000000010100000000100000100000000000000000000000011100010100000000000000000000000011000000000000000010000000110000000000010011011000001100000001000000001000100000001100000000000100010000000000000001000110011000000000011100000000000000000100
000000000001000000000000001000010000000000000000001100001000000000000000000000001100000000000000000000000000000000000000000000010111110100000110000000000000100000000000000000001001011000000000000001010010000100001011000100000000000000001010
000000000001110000000100000001010000000000000000010000000000000000000000000000011100000000000000000000000000000000000000000000000000101000000000000000000101000000000000000000011000100000000000000000001000111100011011000000000101000000001100
000000000001000110101000000000000000000000000000000000000000000000000000000000100100000000000000000000000000000000000001100011000011100110101000001100001001000110000000000000010010000000000000000000000000010010000000000000011101000000000000
000000000000000001010000000000000000000000000001000000000000000001010110000000011000000000000000110000100000000000000001100001011101101000101000111010001010001010000000000000110110000000000000001100000000000110000000000000110011000000000000
000000000000000000000000000000010000000000000000000000000000000001110110000000000000000000000001000000110000000000000000010011000000000001000100100010010000001001101000000000001110000000000000001100010000000100000000000001010100000000000000
000000000000000000000000000000010000000000000000000000000010000001100000000000000000000000000000000111110000000111000110010001010000000001000111001100001010000010000100000010000000000000000000000000101000000000000000000001111000000000000000
000000000000000000000000000000010000000000000000001100000100010000000000000000100000000000000000000100110000001110110100010000110000000001100000111000000100000010001000001110001110000000000000000000011000010100001001100001100000110000000000
000000000000000011000000000000000000000000000000010010001100110000000000000001010000000000000000000010010000010000010000100000000000000001100100000000000000000000000000001100000110000000000000000000000000010010001100000000100100110000000000
000000000000000100100000000000000000000011101000001100011101001000000011000001010000000000000000110010010000011001100000000000000000000000111000000000011000000010100000000000000000000000000000000000000000000010000110010000100001101100010000
000100000000000011000000000000000000000010010000000000001001000100000000000000100000000000000000000000001000000111000000000000000000000000001001000000011000000000100000001110000000000000000000000000000000011100000000000000100001001010011000
000010000000000000000000000000000001110001100000000001000110000100000000000000000100100000001000000000000000011011000000000000000000000000000101000000011000110101000110001110111000000000000000000000000000000000000001000000100000010010001000
001010000000000000000000000000000011011000000000000110110100000011000000000000000000000000011000000000000000000111000101000100000000000000000111000000000000000110000010001101110000000000000000000000000000000000001101000000010000000000111110
000100000000000000110000000000000001010000000000000110101000110000000000000000001000111000010000000000000000000000001000110100000000000000000000000000000001001000000000011000110000000000000000000000000000001110010100100000001111000000011011
000000000000000001001000000000000000000000000000000000010100110011000000000000001110000000000000000000000011000000000100000100000000110000000000000001000000100000001110011000000000010000000000110000000000010010010000000000011110000110100110
000000000000000000110000000000000000000000000000011100010000101001100000000000000000000000000000011000000100100001000011110000000001100000000100011010100010100000111110000000000000111000000001111000000000100001011000011000010000001101000000
000000000000000000000000000010100000000000000000010000010100010001000000000000000000000000000000110000001101000001000000000000000000001100111111011100000101100000110000110110000000101000000011001000000000100001000000010100011001000010000000
000000000000000000000000000010010000000000000000001101011101101000100100000000000000000000000000011000001110100010100000000000000010111010000101000011101110000000001011000100000011000000000000001110000000110101100000011000001111000000000000
000000000000000000000000000010100000000000000000000011011000010001001100010000000000000000000000001000110001110001010000000000000000001101000101000000011000000000000110110100000110000000000000000100100000001011100000000000000111100000000000
000100000000001100110000000001000000000000000000000000000111010101101000011000000000000000000000000000011000000001000000000000000110010000010000000000000000000100001000000000000011000100000000000100010000000100100000000000000000110000000000
011011000000001100000000000000000000000000000000110000000010001111011100001100000000000000000000000000000001100000000100000000000110010000100000000000000000001100010000000000000000001000000000000110010000000111000000000000000000101000000000
011011000000001100000000000000000000001100000000110000000000000100001110011111000000000000000000000000001000000001100000000000000001100000010000000000000000010000100110000000000000000000000000000001110000000010000000000110000000001100000000
110111000000000010010000000000000000100010000000000000000000000000001011011001000000000000000000000000000000000000100000011000000001110000000001000000000000001000010000100000000000000001000000000000000000000000000000000111000000100100000000
110100000000000000110000000000000000100001000000000000000000000000111111001101000000000000010000001000001000001100100011000000000000011100000101000000000000001001100100010000000000000001000000000000000000000000000000000001000000010010000000
100100000000000000100000000000000000011100100000000000000000000111111000000100000000000000111000011100101000011000100000000010000000000010000000000010010000000001111100010000000000000001000000000000000000000011000000000110000000011010000000