010000110000000001110000000001100000001000000000000000000000001000000100101000000000001011000100010110010000000010101111010000000000000010000000000100000000000001000100110000000000000000000000000000000000000011000000000110000000011001000000
000000110000000001110000110010010000000000000000000000000000000111101111001000000000001011111100000000000000100000001110001000000000000100000000000110000000000000010000000000000000000000010000000000000000000000000000000000000000001101100000
110000110000000010100001100110110000000000000000000000000000000111011001000000000000001111110000000000000000000000110000000110000000000100000000000001000000000000000000000000000000000000111000000000000000000000000000000000000000000101000001
000010000000001010100000101010101100000000000000000000000000000000000100001010000000000010100000000000000000011111011000111100000000000000000000000001110000000000000000000000000000000001001100000000000000000000000000000000000000000010000010
000010000000001011111101011001010010000000000000000000011000000100000000000100000000000011100000000000000000000000011000001000000000000000000000000001100000000000011000000000000000000001101100000000000000000000000000000100000000000000000101
000110000000000100010011001100000010001000000000000000111000001010000000000000000000000001110000000000000000000010000001000000000000000000000000000001010001100000011000000001000000000001110000000000110110000000000000000011000000000000000100
000000000000000000001110000000000000011100000000000000100100000100000000000000000001100000000000000000000000000010001011100000000000000000000000000001110001010000000000000101000000000000000000001100000000000000000001000001000000000000011100
000000000000000001001000000000000000110111000001100001100100000000000000000000000010010000000100001000000000000010000110110000000000000000000000010000000000000000000001100110000000000000000011111101100001000000000010100111000000000000000000
000000100000000010100110000001101100100011000010100001010000000000000000000000000010100111001100010100000100000000000110011000000000000000000001101100000000101100000001100000001100000000000110111011100011000000000100010000000000000000000000
000001001000000010101101111000010000010111000010010001010000000000000000000000000001000000010100010110000100000000000111001100000000000000000001101100000110001101010000000000000010010000110111000001000100000000111010100000000000000000000010
000010001000000001001110111000000000010100000001100000000000000000000000000000000000000100000000000001100000000000010001101000000000000000000011011100000000000010010000000111110010010000010000000001110000000000000000010000000000000000000110
000010000110000000000000000010000000000000000000100000000000000000000000000000000000000100010000001100000000000000010100010000000000000010001110000000000000000010001001101011001100000000100011000000100000000000000000000000000000011000001000
110010010110000000000000010100000001101000000000000000000000001100000000000000000000000100011000010000100000000000000101000000000000000101001000110000000000000000001101101001010000000000011111000000000000000000000000000000100011111100011000
000001000000000000000001111100000001000000000000000000000000010100000000000000000011000100000000011110100000000000000011000111011100000011110111010000000000000000101100000000001100000000010000000000000000000000000011011000100001111010110001
000001000110001010000111111000000001110001000000000000000000011100000000000000000110100001011000000000000000000000000100000111110001000000000000010000000001000000010000000000010001000000000000000000000110000000000000000000000000000111011001
110001000000100011100100111000000000000001000000000000000000011000000000000000000110101110011000010000000000000000000011101000101101000000000001100000000011000000000000000000000001110000000000000000000111000000000001010000000001111010000000
000010010000101010101011010011000000000001000000000000000000000000110000000000000010000000010000000000000000000000000001011000110111000000000110000000000111000000000000000000000000011011000000000000000011100000000000100000100011111100000000
000011100000011110000011000000010000000000000000000000000000000000110000000000000000000000100000000000000000000000000000010000100000001100000000001000001101000000000000000000001100011000000000000000000001010000000000000000010000011000000000
000000001000000100001011000100011000000000001000000000000000000000000000000000000000100001000000000000000000000000000000110100110000000100000010000000000111000000000000000000000011110000000000000000000010001000000000000000000000000000000000
000000000110111000000110000010001000000000010100110000000000000000000000000000000000000000001110000000000000000001000000001000110000000101000110110000000110000000000000000000000001000000000000000000010010000000000000000000000000000000000000
000000000010000000000000000000110000000000010100110000000000000000000000000000000000001100001001101100000000000001000110000001000000000011000110000000001000001100000000000000000000000000000000000000010000100010110000000000000000000000000000
000000000000000000000000000000000000000000001000000000000000000000011000000000000011000000000100001100000000000001000010001100000000000000000011000000010100010010000000000000000000001000000000000000000000100011000000000000000000000000000000
000000000000000000000000000000000000000000000000000000000000000000100100000000000110000000000111110011000000000000011100001100000000000000000000000000110110010001000000000000000000010000000000000000000001010000000000000000000000000000000000
000000000000000000000000000000000000000000000000000000000000000000101000000000000011000000000000100000010000000000000000010100000000000000000000000000000110001001000000000110000000011000000000000000010000000000000000000000000000000000000000
000000011000000000000000000000000000000000000000000000000000000000010000000000000001110000000000010000001000000000000000100010000000000000000000000000001010001001000000000110000000000000000000000000110110000000000000000000000000000000000000
000000011000000000000000000000000001100000000000000000000000000000000000000000000000010000000000010000001000000000000011110100000000000000000000000000001110000110000000000000000000000000000000000000100000000001100000000000000000000011000000
000000000000000000000000000000000001100000000000000000000000000000000000000000000000011111000000001000011000000000000110001000000000000000000000000000110000000000000000000000000000000000000000000000111000000010010000000000000000110001000000
000000000000001010000000000000000000000000001000000000000000000000000000000000000000001100100000000000000000000000000101000000000000000000000000011000110000000000000000000000111000000110000000000000100000000010100000000000000000011110000000
000000000000011011000000000000000000000000001000000000000000100000000000000000000000001101100000000000100000100000000110000000000000000000000000001011110000000000000000000001001000001110000111000000011000000001000000000000000000011100000000
000000000000011011000000000000010111000000010000000000000001010000000000000000000000000001000000000000000001010000001100000000000000001100000000010011110000000000000000000001110000001001000000000000000000000001100000000000000000010000000000
000000000001010000000000000100010001000000111000000000000011010000000000000000100000001110000000001000000000000010111000000000000000010010000000001100111000000000000000000000100000001010000000000000000000000011100000000000000000010100010000
000000000000100000000000000100000000000000111000000000000000101110000000000000110000000100000000000000000000000100100111000000000000010100000000011000011000000000000000000000010100000000000000000000000000000110110000000000000000000000010110
100000000000000000000010100000100010000000000000001100000000001001000000110000101000100000000110110000000000000010000111000000000000001000000000000001101000000000000000000110100100000010000000000000000000000110110000000000000000000000010110
000000000000000011000010000000111111100000000000001110000000000100100000110000000101110000000111010000000000000001000000000000000000000000000000000000101000000000000000000110010100001110000000000000000000000000110000000000000000000000000011
000000000000000011000010001000000001010000000000000011100000110100100000000000100101001000000000000000000000000000000000000000000000000000000000000110101100000000000000000000000000000000000000000000000000000000110000000000000000000000000000
000000000000000000000000111000000000010000000000000010010000101010100000000000000000110000000100000000000000000000000000000000000000000000000000010000111100000000000000000000000010000000000000000000000000000111100000000000000000000000000001
100000000000000000000000000000001000000000000000000001100011111011000000000000111000000000001010000000000000000000001000000000000001100000000000001110100000000000000000000000001100000000000000000000000000000111000000000000000000111000000010
110000000000000000000000000000001001000000000000000000000011010000000000000000000000000000010001000000000000000000110110000000000001100000000000000100100001011100000000000000001010000000000000000000000000000010000000000000000000000000000110
100000000000000000000000000110000010000000000000000000000011100000000000000000000000000000110010000000000000000000000000000000000000000000000011000001000000000100000000000000000100000000000000000000000000000000000000000000000000000000000000
000000110001000000000000000011101000000000000000011000000000000010000000000000000000000000110000010000000000000000000000000000000000000000000000000100110000000000000000001100000000100000000000000000000000000000000000000000000000000000000000
000000100011100000000000000010101000000000000000011000000000000101100000000000100000110000000110001000000001100000000000011100000000000000000000001100010010000011100110001101100001010000000000000000000000000000000000000000000000000100100000
000000010000000000000000000110000000000000000000000000000000001011100000000000100000110001010111101100000001100000000000000000100000000000110000010001000000000011001001010000010010001000000000000000000000000000000000000000000000000100110000
000000000011001100000001110110000000000000000000000000000000000000000000000000000000000010011011101000000000000000000000000000100000000001001000010101010100001110000100011000010010001000000000011100000000000000000000000000000000000000001010
000110000000000010000000110110000000000000000000000000000000001100000000000000000000000011001011000001000000000000000000000000100000000001010000100001011000010000001000101000110010001000000000000011000000000000000000000000000000000001001110
010010000000000000000000011011000000000000001100000000000000000100000000000000000000000001010110010010100000000000000000000001100000000110001000000010000000001110101011000011000001010000000000110000010000000000000000000000010000000001100001
011110000000000000000000001000000000000000110010000000111000000100000000000100000000000000110111110010100000000000000000000010000000000110011100011100000000000000111000000000000000000000000000001100000000000110000000000000000000001000011100
000100000000000000000000010010000000000000110110000000000000000000000000001010000000000001001100000001000000000000000000000001100001100000000000000000000000000000001000000000000000010100000000000000010000000110000000000000000000010100000110
011100000000000000000000011010000000000000011100000000000000000000000000000110000000000001101000000000000000000000000000000000000001100000010100000000000000000000001000000000000000100000110010000000100000000000000000000000000000010010000010
001111000000000000000000001100111000000000000000000000010110110000000000000000000000000000101100000000000000000000001100000000000000000000001000000010000000000000001100000000000001100011110010000000000000000000000000001100000000001100000001
111000100000000000000000100010000100000000000000000010001010000000000000000000000000000000101110000000000000000000010010000000000000000000000000001101000000000000000000000000000010001011000110000000000000000000000000001100000110000000001001
000010100000000000011110001000000000000000000000000000000000100000000000000000000000000000010000000000000000000000001100000000000000000000000000100000000001100110000000000000000010100110001000000000000000000000000000000000000110000000001010
000000100000011101111111010000000010000000000000011000000010110000000000000000000000000000001000000100000000000000000000000000000000000000000000100000000001100000000000000000000001000100111110000000000000000000000100000000000000000000000100
000011000000100100101000001001011010000000000000010000000000010000000000000000000000000000000000100010010000000000000000000000000000000000000000000010000000000000000000000000000000000011100101000000000000000000101010000000000000000000000000
100011000000100111000011001101100000000000000000010000000101000000000000000000000000000000000000110000011000000000000000000000011000010000000000010101000000011011100000000000000000000100000100100000000000000011010100000000000000000111000011
100000000000110001000001100011001000000000000000001000000001001000000000000011000000000000000000000111001100000000000000000000100100100000000000011010000000011000010001000000000000001110000001000000000000000000001000000000000100001001000011
000000000000001000000010000001001000000000000000000110010001000000000000000011000000000000000000000100101100000000000000000000011000100011000000101000000000010000000010100000000000001000001110000000000000000000000000000000000011010000101100
000000000000001001000110000000101000000000000000000000001110000000000000000000000000000010000010000010000100000000000000000000000000010001100001000001000000000000010010010000000000000111000000000000000000000000000000000000000001010011100000
000000000000000110100000000000000000000000000000000000001110000000000000000000000000000101000011000000001000110000000000001100000000000011000001001100000000000111010001100000000000000010110000100000000000000000000000000000000101010011100100
001101000000000100000000000001101000000000000000000000000000000001100000000000000000000101000100000001001000000000000000000010000000010000000000010000000000000110100000000000000000000000010000011000000000000000000000000000000110000000000000
001110000000000000000000000010001000000000000000000000000000000010010000000000000000000010000000000000100000100100000000000110000000010100000000000000000000000000000000000000001100000011100110000100000000000000000000000000000000000000000000
001000000000010100000000000001001000000000000000000000000000000001010000000000011100000000000011000000000000010100000000000100000000001000000000000000000000000000000111000000010010000011100000010100000011100001000000000000000000000011100000
000000000000011100000000000000110000000000000000000000000000000000100000000000000000000000000001001100000000001110000000000000000000000000000000000000000000000000000110000000001100000010010000000000000110000101100000000010000011000011100000
000000000000001100000000000000000000000000000000000000000000000000000000000000000000000000000010001111100000000000000000011100000000000000000000000000000001000000000001110000000000000000101000001001100010000000000000000101000100001100000000
000000000000000000000000000000000000000000000000000000000000000000000000000000000000000000000001000010000000000000000000101100000000000000000000000000000110100000000010010000100000000000010100011011000001000010001110001000100100001000000000
000000000000000000000000000000000000000000000000000000000000000000000000000000000000000000000001110001000000000000000000111000000000000000000000000000001100110000000010000001010000000000110010001110000000100011010000100100010010001000000000
000000111000000000000000000000000000000000001000000011111100000000000000000000000000000000000000000000000000000000000011110000000000000000000000000000010110100000000100100000110000000000010100010100000001001100100000010001110001010000000011
000011111000000110000000000000000000000000010100000000101000001000000000000000000000000000000000000000000000000000000010000000000000000000000000000000110001000000000101000000100000000000001000001000000010000100100000100010000000110000000000
001110000100001001000000000000000000000000100010000010000100010100000000000000000000000000000000000000000000100000000010000000000000000000000000000000000000000000000001000000000000000000000000000000000010010000100000000011000010000000000000
001110111111000110000000000000000000000000001110000010001000110110000000000000000000000000000110000000000001000000000000000000100000000000000000000000000010000000000100100000000011000000000000000000000000100000101000000110000110000000000001
000011000000000000000000000000000000000010110011100001100000100000000000000000000000000000000100000000000001110011100000000001110000000000000000000000000101000000000000100000000101000000000011000000000000000000100100000110110000000000000010
000001001000000000000001000000000000000111100001100000000000111000000000000000000000000000000011100000000001011011011000011110010000000000000000000000000100100000000011100000001000000000000001100000000100000000000100000110001000000000110100
000001000000000000000010100000000000001000000000000000000000000000000000000000000000000000000010010000000011100011000100001101000000000000000000000000000010100000001000100000000001000000000000000000011100000000100101100100010000000000010111
110110010110000000000010100000000000010011000000000000000000011000000000110000000000000000011001010000000000000000110100010000100010100000000000000000000001100000001111100000001011000000000000100000010011000000101001100000010000000000010000
000000011100000000010000000000000000010010000000000000000000101000000000010110000000100000011001100000000000000011100010010110001111100000000000000000000000110000000010000000000110110000000000101000010000000000100001100010000000000000001100
010000000000000101010000000000000000001010000000000000001100110000000000000000000001010000000010000000000000000011100100001000001000110000000000000000000000001000000000001100000001000000000001000100000010000010010000010011000000000000001101
100000000000000011000000000000000000001111000100000000001111010000000000000000000000110000001001000000011100000000000000000000000000011000000000000000000000101000000000001100000011010000000000100000010100000000010000010001000000000000000000
000000000000000111000000000001110000000100111111110000000001000000000000001001000000000000001001000000000000000000100000000000000000011100000000000000000000001000000000000000011011001000000000111100011000000011001000010001000000000000000011
000000000000000011011100000010110000000011001001111000000001101000000000000000110000000000000111000000000000000001010001100000000000101000110000000000000000000000000000100000011001000100000000000000000000010000001000000010000000000000000111
010000000000000001101001101110000000000000000001000100000000001101111100000011110000000000000010110000000000011011001000001110000000110001010000000000000000000000000001010000000001000100000000000100000000100100000000000000000000000000001000
010000000000000000100000111110000000100000000000111000000000011001000011100011001000000000000010010000000001101110010001101000001010000000100000000000000000000000000010001000000000100000010000000100000000000110000000000000011000110000001000
110000000000010000011011001000000001100000000010100000000000000000000001100010110000000000000000010000000010011111100000110000001000100000000000000000000000000000001110010000000000000001100000000000000000000011000000000000100111101000001101
000000110000110000000010000000000010000000000011100000000000000001000000000000110000000000000100000000100001100000010010000000001000000000000110000000000000000000110000000000000000000001100000000000000000011011000000000000110101001101001000
000000000000100100001000000111100000010000000001000000000000000001000100000101000001000000000100010011110000000000110011100011000011100000001110000000000000000000100001000000000000000000010000000001100000000010000000100000001001011001110000
011000000000111000001000000110000111001000000000000000000000000000111100000000000010100000000010010100011000000000010001010011000010100000001100000000000000000000110001000000000000000001010000000010010000001001010001010000000001010000110000
011000000000110111000000110100000000011000000000000000110000000000000110100000000001011000000001000111011000000000010101000111011100000000000000000000000000000000001010001100000000000000000000000001100000000000001101010000000001100010100000
000001100000111001000001000000001011000000000000001110001000000000000111110100000000000000000000011010100100000000010010010111011100000000000000000001110000000000000100000110000000000001110000000000000000010001011000100010001110000100100000
000010010000000110100001001000000000000000000000001110001000000000001000011100001100011000000010000000001100000000010011100101111100000011100000000000000000000000000000000011001001000000000000000000000000001001110000000010011110000010010000
000110001000000000100110010010011001000000000000000000010000010000010010010000001100000000000010010001001100000000001000001101000111000000010000000000000000000000000000000000000111001100000000000000000001101001000000000001110110000000000000
100010010000000110101011100010001111000001110000000011000001101100001010000000000000000000000010001000101100000000000011101101111011000010000000000000000000000000000000000000000010000000000000000000000000000010000000000000111000000000001000
100001100000001110111111001100000000000001010000000001100001101100000000000000000000000000000001010000011000000000000000101101001100100011100000011000000000000000000000000000000000000000000000000000000000000101000010001100110000000001011101
110000000000000000000000101000011000000001110000001110000110011000001100000000000000000000000000000000000000000000010000100110000011100000000001101100000000010111011010000000000000000000000000000000000000000000000000001111100000000100101110
010000000000000000000000000011001110000000000000011010000110000100010000000001100000000000000000000000000000000000010001000110000001000000000010000100000000100001000000000000000001100000000000000000000000000000000110000010000000000111000111
111000000000000000000000000001110001000000000001110100000000000110011100000001100000000000000110000000000000000000001110000110000100000000000000100000000000010010100001000000100100001100000000000110000000001000000000000011000000000010000000
000000000000000000000000000000000011100000000001100000000000010010010000000011000011000000001001000000001000000000000000000110001001000000000111000011000000001101100010000001000100001010000000000101000000010000000000000110000000000001100000
111000000000000000000000000000000001000000000000000000011100011100110000000011100001000000000010000000001010000000000000000011001011000000000001000000000000000000001100000000100100001010000000000110100000001000000000000100000000000001100000
010011000000000000000000000000000000100000000000000000011100000000010010000011000000000000010010000000001001000000000000001000011011101000000101100100010000000000001000000000010000000100000000000000110000000000000000000000000000000000000011
100001100000000000000000000000001111110000000000000000101000000000001100000001000000011000010000000000000110000000000000010010000000001100000100000110010000000010000000000000000000000000000000000001100000000000000110110000000000000000000101
100010000000000000000000000000000100010000110000000001001000000000000000100000000100011000000100000000000000000000000000010100001001000010000101100110110000000010100000001000000001000000000000000000001000100000000110000000000000000000011100
011000000000000000000000000000000010100000110000000000001101001100000011010000111000000000001000000110000000000000000000010000001000001100000100000110100000000011000000001000000011100000000000000000000101010000000000101000000000000000011000
001000000110000000000000000000000110110000000000000000000011110100000011011000000000000000000000000110000000000000000000001100000000001000000011100100010000000000000000001000000110100000000000000011011101011000000010000100000000010000001000
000000000000001100000000000000000010100000000000000000010110110100000101000000001000000000000000000000000000000000000000001011110110000000000001100010100000000000000000000000001110000000110000000001100101010000000101110110000001101000000100
010001000000011100000100000000000001000000000000000000011100011000000110011000001000000000000000111111000000000001100000000111011101000000000000000001000010000000000000000000001110000001010000000000000000100000001111000000111011001100000101
100000110000000000001011000000000000000100000000000000000000000000001011110110000000000000000001101100100000000001010000011001000011000000000000000000000001000000000000001110000001000110110000000000000111000000001100011000100000001000000100
000000000000000000010010000000000000001110000000000000000000000000001100110010000000000000000000011000010000000001000000001101100000000000000000000000000100000000000000100001000110110001000000000000000000000000000000010010000001101100000000
000000000000011000010000000000000000011011000000000000000000000000000000001010000000000000000000000100100010000000011011111101000000000000000000000000000000100000000000100000000010110000000000000000000000000000000000000101111111100001100000
000000010000001000010010000000100000000001100000000000000000001100000000000000001100000000000000000011001001000000000011110000111000000000000000000000000010100011000011000000000000110000000000000000000000000000000001111100100000011011110010
000110110110000000110010000001110000000000100000000000000001100100000000000000010000000000000000000000010000000000110011001000111100000000000000000000000010110111000011000001000000000000000000000000000000000000000001100100000000000000000110
000100000000000000110110000001000110000001000000000000000001000100000000001000000000000000010000000000010000100000000000011001000110000000000000000000000001000001100001100101100000000000000000000000000000000000000000110000000000000000000100
000110000000000000100110000000100010000000000000000000000001001000000000010000000000010001101000000000011000000000000000110001100000000000000000000000000011010000000000000000000000000000001010000000000000000000000000001110000000000000000000
000000000000000000011000000000011100000000011000000000000000111000110000000010000001101101001000000000000000000000000000100001110000000000000000000000000001000100000000000000000000000000001100000000000000000000000000000000000000010000000000
000000000000000000000000000000000000000000001000000000000000000000110011001110000000010001110001001000000111000000000011000001100000000000000000000000000000100010000000010000000000000000000100000000100000000000000000000000000000111000000000
000000000000000000000000000000000000000000000000000000000000000000000011000000000000000000000001001000000000000000000000000000101100000000000000000000000000100010000001001010000000000000000000000011011000000000000000000000000000100100000000
000000000000000000000000000000000000000000000000000000000000000000000000000000000000000000000011000100000000001000000000000001101000000000100000000000000000000000000001110100000010000000000000000011011000000000000000000000000000111000000000
000000000000000000000000000000000000000000000000000000000000000000000000000000000000000000000011100000000000011100000000000001100100000001010000000000000000000000000000000000000001010000000000000001010000000000000000000000000000110100000000
000000000000000000000001111111000000000000000000000000001000000000000000000000010000000000000011000000000000100010000000000000010100000000110000000000011000000000010001110000000010001000000000000110001000000000001011010000000000000000000000
000000000000000000000001100000100000000000000000000000010100000000000000000000100011000000011001000000000000111100000000000000001000000100000000000000000000000000101000000000000010001000000000000111100000000000010011010000000000100000000000
000000000000000000000000011000011000000000000000000000001000000000000000000000100011000010000000100000000001110101000000000000000000000100000000000110011100000000000100000000000100000000000000000100000000000000001000100000000000000000000000
000000000000000000000000001010001000000000000000000000000000000000000000000000010001100011000101000000100010100000000000000000000000000110000000000110000010000000100010000000000100010000000000000101010100000000000000000000000000010011000000
000000000110000000000000001010000000000000111000000000000000000000000000000000000001110000100110110001010110010110000000000000000001100010000000001110000110000000000010000000000011010000000000000100010010000000000000000000000000010001000000
000011001001000000000000001101010000000001000100000000000000000000000000000000000000010001100000000000011001100001000000000000000001111100000000000010100000000000000000000100000000110000000000000000000000000000001000001100000011100000000000
000010001001000000000000001000000000000000001110111000000000000000000000000000000000000010111101001000000000000000000000000000000000010001000000000000100000000000100100000111000001100000000000000000000010000000011000000010001111100000000000
000000011011000100000001001111110000000000000101011100000000000000000000000000000000000001000001101000000000000000000000000000000000010001000000000000000000000001000000000111000001100000000000000000000100000000110000100000001100000000000000
000010000111001001000010011010001000000001100011000010000000000000000000000000000010000000000101111010000000000000000000000000000001000000000010000000001110000001001000000000000010110000000000000110000000000000111000011110000000000000000000
000001001100000100110111011010011000000011000000001010000000000000000000000000110111000000000100100111000000000000110000000111000000000010000111000000000010000000000000000000000000100000000000000110000000000000111000011100000000000000000000
000101000000000000100011000010000000000000000010000010000000000000000000000010000000010000000010110111100010000001001000000111000011000000001010000000010110000010000000000000010000010000000000000000110000000000000000011000000000000000000000
000110011000000111000000110111000110000000000110110000000000000000000000000010000111001000000000011001100101000001010000000010011010000000100000000000011000000010100010000000111011011000000000000001100000000110000011000000000000000000000010
000000110000001000001001110100000111000000000010101100000000000000000000000010000111001000111000110000101101100000100000000010111010000001000100011100000000000001100001100000000001100000000000000000000000001001000011000000000000000000000011
100000111000000001000101101011100011000000011111000000000000000000000000000000100101001000111000010111101111000000000000000010100000111000000100000100000000000000000011100000110001000000000000000000000001100001000001000000000011000000000100
100000101000001001000000001000110001000000011100000000000000000000000000000000011101001001110000010100011011000010001110000010001000100000100100100000000000000000000100010000010010000000000000000000000001110001000000000000000011000000000100
000000000001011010000000001100100000000000000000000000000000000000000000000000010100000001100001111000011011000010101111100000001000000000011011101100000000000000000100100000011000000000011101001101100001011011100001110000000101000011000000
000000110010011101000000000011111010000000110000000000000000000000000000000000001111000011000001010000001010000101100001000011001001000000000111000010000001110011000100100000001100100000010001000001010000000011100000010000000111000100100100
000000000010011111000010100011000000000011111110000000000000000000000000000000010000010011100001110000000100000101001011000001000001000000000001001000110001010100100011000000000000000000010000001000011111100010000001100001011000000011101000
000000000100000111000000000000000000000111111111000000000000000000000000000000011010000110100000000000000000000101010100000001000110000000000000000000100010010100100000000000000000000000001110000010010011100110000000000000110001000010111000
000001000101100000000000100000000000001000000010000000000000000000111000000000010000101011000000000000000000000010111100000101100000000110000000010100010010111101000011000000100000000000000000010010010000111110000000000000010000000000100011
000001000001000000000100100000000000101000001001000010000000010100101000000000001111000001100000000000000000000000001100001111000000000110000000001000010001100001100000100001010000000000000000011100000010110100000000000000000001000110011100
000000110011100000000010000000000000001000001000000010100011110010011000000000000000100101100000000000000011001100001110010010000000000000000000000000000111000000100011110001100000000000000000100001010000011000000000000000000110001011000000
000000001001110000000000000000000000010100001100000011001101100110001110000110000000010101000000000000100011000001111000011100000000000000000000000000000011000000100011000000000000000000000000000100111000000000000000000000000000000001000000
000000000001010000000000000000000010000110000110000000000001101100001101001000000000010111110000000001100000100000001000001000001000000000000000000000001010000000001000001100000000000000000110000000000001000000000000000000000000100010000000
000000000000010000000000000000000011100011000000000000000010000101001101000110000000001111101100000011000000000011100000000000000110000110000000000000010100000000000000000000000000000000000110000010000000100000000000000000000001111100000000
000000000011100000000000000000000001010110000000011000001000000010000000000000001000010010010100000000000000010000000000000000000110110110000000000000110000101010000010000000000000000000000011000000000000001101100000000000000011000000000000
000000000011000000000000000000000000100100000000100000000000000000000000000000010100000010000000000000000011010000000000000000001101000001000000000000011000111110000101000000000000000000000010000001100001110000010000000000000101000000000000
000000000000000000000000000000000000101000000001101110000000000000000101110000011010000010000000000000000000000000000000000100000001000110000000000000000001010001101001000000001100000000000010000111100011000100000000000000010000000000000000
000000000000100000000000000000000000010000110000111010000000001110001101101000001011001110001000001010000010000000000000000100000000000010000000000000000000000001101000000000001100000000100000001001000000000001100000000000100000000000000000
000000000010010000000000000000000000000011010000010000001000001111000101000100000110101000010100001001000010100000000000000100000001100000000000000000000000000000110000000000000000000000110000000110000000000110000000001100010000000000000000
000000000100001000000000000000000000000001010000000000100100000011100000000100000000010000110110000010000011000000000000000000010011100000000100000000000000000000000000000000000000000000000100000000010000000100000000000010000000000000000001
100000000110110000000000000000000000000001100000000000000000000001100000000100111111001000010100001010000000000000000000000000001000101100000100000000000000000000000000000000000000000000000010000000010001000000000000000010000000000000000011
100000000000001000000000000000010000100111100000110001001000000001100000011000110000001000001000001110100000000000000000000000000110000100000100000000000000000000000000000000000000000000110000000000110000000000000000001110000000000000000011
000000000000000110000000000000101000111100001000100111110000000000000000000000000000010000000100000100100000000000000100000000000110011000000000000000000000000000000000000000000000000001101100000001010110000000011000000101000000000000000000
000000000000000001000000000000101111000100001000100001100000000000000000000001110000010000001110000010000001000000000100000000000000111000000000000000000000000000000000000000100000000000101101000001001100000000111000000011000000000000000000
000000000000001001000000000000010011011000000000010100000000000000000000000000110011000000001001000000000001100000000100000000000000000000000000000000000000000000000000000011010000000000100001001101000100000001101000000010001110000000000000
000000011000001010000000000000000100000010000000001011000000000000000000000000000000000000010010000000001101000000000000000000000000000101100111000000110000000000000000000011010000000000000000001110101100000010010000000000001000000000000000
000000100100000100000000000000000000010010000000000001110000000000000000100000000000000000001100000000001001000000010000000000000000000111111000100010011000000000000000000011000100001001000000000111111110000001010110000000001010000011000000
000000011000000001000000000000000110001000000000001100010000000000000000110000000000000000000100000000001011100000001000000000000000000010100000010010010000000000000000000000110100010001000000000110010011000000110100000010100111100100100000
000000000000000001000000000000011000010000000000000001100000000001010000011000000000000000000000000000000100000000010000000000000000000000000000000000000000000000001100000010100010010001000000000110101010000000001000000010100110111000100000
000000000000000000000000000000011000110000000000000101100101000011100000001100000000000001110110110000000000100000000000000100000001100000010001100000000000000000001100000110011011010000100000000000011100000000000000000010110110110000100000
110000000000000000000000000000000000100000000000000011111000000110100000100100000000000101000101101000001101000000000000000010010101010000001000111100000000010000000000001100011000101000100000000000001000000000000001100000110000001101000000
001000101000000000000000000000000010100000000000000001100001000010000000001000000000001000010100110000000101000000000000000110111000000000000011011000000001111100000000000110000111101000010000000000000000000000000001001010110000000000000001
001000001000000000000000000000000011000000000000000001100010000000000000110000000000000001100011000001110000000111000000100000011111000000000001000000000010001100001000001100000101001100100000000000000000000000000000000010100000000000000011
001111111100000000000000000000010110000000000000000001100100000000001100000000000000001010000011000001110011111111000001010011011001010000000000000000000100101100000000011100000011000000000000000000000000000000000010111101001011100000001100
100100000000000000000000000000010100000000000000011000011000000000000000010100110000000011001111010001100011000000100000100000010000110000000000000000000100001000000001000000000011000000000000011000000111000000000101000000100001110000001100
000000000100000000000000000000010100000000010000100000000000000000011100010111001000000011001101100011000000101100100000000001100000000000000000000000001000111000000001001100000001000000000000000000001000000000000110000000000001100000110101
000000001100000000000000000000000000000000101000000011000000010000010000110000000000000000000000100000000000010001100000001001000000000000000000000000000100010000000000011110000000000000000000000100010000100001000000000000011000011100011000
000000011100000000000000000000000000100001000000000001000001100101010001110110001000010000000000010010000000000000100000001010000000000000000000000010000010000000000000001101100000000000000000000000100010000101110000000000000000011100001000
000000111000110000000000000000000011001011011000000000100001000000000000001011010000100000000000010010000000000000111000000000000000000000000000000101000000000000000000000101000000000000000000101000100101110000011000000000000000011000000000
000000100000110000000000000000000011100001000000100111100010011000000001001000000001010000000000001100000000000000101000000000000000000000000000001000100000000000000000000010000000000110000000011000100000110000110000000000000000000000000000
000000000000000000010000000000000011001010101010000100100010110000000000010000000000110000000000010010000000000001001000000000000000000000000000001000100000000000000000000000000000000110000000000000010101100000100000000000000000000000000000
000000000000000001110000100000000001010001000101001000000000100100000000000000000001110000000000001010000000000001010000000000000000000000000000001000100000000000000000000000000000000000000000000000001100010000000000000000000000000000000000
000000000000011010010000111000000000110011100100000000000100010010000000000000000000000000010100000100001000000001110000000000000000000000000000000101000000000000000000000000011000100000000000000000000010000000000000000000000000000000000000
000000000000010000010001100100000000011101100100000000000101000100000000000000000000000001100001000000010000000000010000000000000000000000000000000010000000000000000000000000100000100000000000000000000000001000000001000000000000000000000000
000000000000011000000010101100000000000110000000100000000010000000000000000000000000000001010000000000001000000000011000000000000000100000000000000000000000000000000110001110000010000000000000000000000010001000000010100000000000000011000000
000000000000000100000000001100000000000000000010000000000110000000000000000000000000000000101000000000000000110000011000000000000001011000000000000000000000000000000100000000010000000000000000000000000010001000000010100000000000000011000000
000000000000000100001100001000001000000100000010010001111100000000000000000000000000000000000110000000000001011000010000000000000100001000000000000000000000000000000100000000011000000000000000000000000010001000000001000000000000000000000000
001000000000000100101100001000010100001010000110110000000000000000000000000000000000000000001110000000000000100100001000000000001000000000001110000000000000000000000001000000110111000000000000000000000001110000000000000000000000000000000000
010110000000000111100000010000000110001010000001000000000000000000000000000011100000000000000000000000000000000101111000000000000100010000001001000000000000000000000010001110001010011000000000000000000000000000110000000110000000000000000000
010110000000000000011110100000001000000100000000000000000011000000000000000100010000000000000000000000000000001111000000000000000011100000011001100000110000000000000000000101011010011000000001100000000000000001001000001001000000000000000000
001110111000000000011101000000000000000000000000000000000010000000000000001000001000000000000000100000000000000010010000000000000000000000001011000000110000000000000000000011000010010000000001100001100011000000110000000110000000000000000000
000000011000000000000000000000000000000000000000000000000001100000000000001000001000000000000001010000000000000001110011011000000000000000001010100000000000000000000000000100000000110000000000000010000100100000000000000000000000000010000000
000100000000000000000000000000000000000000000000000000000000100000000000001000001000000000000000000000000000000000000010001000000000000010000111100000000000000000000000000110100000000000000000000010001101000000000001000000000000000000011100
011000000000000000000000000000000000000000000000000000001000100000001000000100010000000000000000001000000011000000000000110000000000000001000011000000000000100000000000000110001100000000000000000001110011000000000010100000000000000000000011
010000000000000000000000000000000000000000000000000000110100000000001110000011100000000000000001101100000110000010000100000000000000000000011111000000000000100000000001100000001100000000000000000000100110000000000010100000000000000000010001
101010000000000000000000000000000000000000000000000000110100011010010110000000000000000000000001100000000010010101000100100000000000000000001010000000000000000000000010010000000000000000000000000000000000000000000001000000000000001110000001
001110000000000000000000000000000000000000000000000000010100000000001001110000000000011000000000111100110110010010000001100000000000000000000100000000000000000000000010010000000100000000000000000000000000000000000000000000000000000011000000
000000000000000110000000000000000000000000000000000000000000100011110000110000000000100100000001010011010110010000001000100011100000000000000000000000000001100000000000111000011010000000000000000000000000000000000000000001011100000001000000
000000000000001001000000000111000000000000000000000000000011001001100000010000000000011000000000100010010010000000000000110011100000100011000000000000000001100000110000000000011000000000000000000000000000000000000000000010100000000000100010
000000000000000101000000000010011000000000011000000000111111010001100011000000000000000000000000000011100011000000000000110010000000100000100000000000000000100000101000000000001000000000000000000000000011000000001000000001100010000000000001
100000000000000010000000001000000000000000010100000000101100000000100000110000000000000000000000000000000000000000000000000011100000010010100000000000000000000000001000000000001100000000000000101000000100011000011000000000001010000000000000
000000000000000000000000011010010000000000000100000000011110000000011000000000000000000000110000000000000000000000000000000011100000000001000000000000000011001000000000000000000110000000000001111000000010101010010100000000011010000000000000
000000000000000000000000001000000000000000010010000000011011000000011010001000000000000010000000000000000000000000000000000000100011100000000000000000000000011000000000100000000010000000000000000100000010110000110000000000001100001000000000
000000000000000000000000000000000000000000000110000110110000000000000001110000000000001100001100000000000000000000000000000000101101000000000000000000000100011000000000110000000000000010000000110110000001111000000100000000000000011000000000
000000001100000000000000000101000000000000000000000110100000000000000000000000000000001000000110000000000000000000000000000001011110000000000010000000000100100000000001001000000000000101000000010100000001100001101000000000000000110010000110
000000010010000000000000000100100000000000001110000000101000000000000000000000000000001001100111000000000000000000000000000000000110000000111000100000000011000000000000110000000000000010000000001000000000011100110100000000000000010110000000
000000110001000000000001000001000100110000000101110000011101000000110000000110000000000101100000000000000000000000000000000000000000000000100000100000000000000000000000000000000000000000000000000000000000000000011100000000001000001100001000
000000000001000001000010111000001000000000100001101000000110100000001000000110000000000000000000000000000000000000000000001000000000000000100000010000000010000011000000000000000000000000000000001000000000000000010010000000011000000000001111
000000000110000010000010011000000100110010000000100100000000000100110000100000000010000000000000000000000000000000000000001000000000000000010011110000000111100100100000000000000000000000000000011000000001000000010010000000011000000000000001
000000100000000000000010000000000000001100001000100010000010010000000001010000000101000000000000000000000000000000000000000000000000000000100000000000000001100011000110000000000000000000000000111000000010100000100000000000000000000001000000
001000111110000000000100000000000000001000001000110011000001000010100000011000000101000000011000000000001010000000000000000000000000000000100000100000100100110000001001000000000000000010000001100000000100010000010010000000000100000001000000
000110101111000000001000000000000000000100000100100110000000010001100010011000000010000000101100000000010000100000000001100000000000000000000101100001000000000011000110000000000000001100000000111000001100010000000000000000000111000000000000
010000000111100100010000000000000000000011001000011100000000010110000000001000000000000000000110000000010000100000000000000110000000000000010000000000101000000100100000000000000000000000000000011000000110110000000010000000000100100000000000
010001000000000000000000000000000000000000000000000000000000000000011000001000000000000000100000000000011000000000000000001010000000000000001100000000010000000011000000000000000000000000000001001000000011100000011111000000000000001110000000
110010000110110010000000000011000000000000000000000000000000000000000100100000000000000000100000000000000000000000000000011100000000000000000100000000000011000000000000000000000000000000000001110000000001000001100000100000000001111110000000
010100000110001100000010010000000000000000000000100000000000000000000100110000000000000000100000000000011001100000000000001000000000000000000000000000000000000000000000000001100000000000011000100000000000000000000000100000000001001000000000
100000000011100000000101110001000000000000000001100000000000000000100001010000000000000000000000000000011001100000000000000000000000000000000000000000011000000000000000000010010000000000100100000000000000000000001000000000000011011000000000
000000000001100000000000000010000000000000000001100000000000000000100011111000000000000000000000000000011101000000000000000000000000000001100000000000000000000000000000000001100000000000000100000000000000000000001110000000000011011001000000
000000000000000000110000111000000000000000000000000010000000001100001011011101000000000000000000000000001000001110000000000000000011000001100000000000000000001100000000000000000000000010001000000000000000000000001100000000000000101000010000
000000000000000000100100000010000000000000000000100110000000010010000010000110100000000000001110000000000100001001000000000000011011000000000000000000000000010110000000000000000000000000010000000000000000000001100000000000000000000110100000
000000000000000000100000000000000000000000000000100000000000000110000000000111000000000000000000000000000000110000000000000000010000000000000000000000000000010000011000010000000000000000100000000000011000000001000100000000000100000000000000
000000000000000000010000000101100000000000000000100000000000000100000111000100000000000000000000000000000001001010000000000000010101000000111000000000010000001110001000011000000000000011100011000000110110000001111000000000000111000000000000
000000000000000000010000000011100000000000000000000000000000001000000010001100000000000000000000000000000001001010010000000000000101000001000100001001000000000110001000101100000000000010100001100000010110000000010000001100000000100000000000
000000000000100000001110000001100000000000000000000100000000000000000000000000000000000000000000000000000000011110111000000000000000000010000000001111001000000000100000101000000000000001000011100000000000000000000000001010000110000000000000
000000011111010000000000000000000000000000000000000000000000000000000000001100011001110000000000001100000000000011000100000000110000000010110000000100001000011000010000101000000000000010100011100000000000000000000000000100000001000000000000
000000001111001000000000000000000000000000000000000011000000000000000000011010000100100010000000001110000111100000010010000000110000000111110001001100100000010100010100111000000000000001100101000110000000000000000000000000000000000000010000
000000010001001000000000000000000000000000000000001001000000000000001011100000000000110010000011100101100101110000000010000000000000011101101110001010110000000110001100001110000101000011100110000011000000000000000000000000000000000000111100
000000000000101000010000000000000000000000000000000010000000000000000000101100000100001100000001110101100110101000010010000000000000000100111100001010000000001100010010001000000101000011000000000000000000100000000000000000000000000000100010
000000000001110000101000000000000000000000000000001010000000000000001000100000000011000000000000111000010000011100010010001101000000000000010000000001000000000000010010000110000000111100000000000000100000110000000001110000000000000000010000
000000000000000001100001100000000000000000000000110100001100000000000111000001100000100000000000011100000000001000011100010000110000010000000000100000000100000000010010000000000000111000000000000001110000001000000001000000000000000000000010
000000000010000000010000000000000000000000000000010010010100000000000000000000000001000000000000000000000000010000000000001100011111100010000101000000000000000000001100000000000000000000000000000011000010010100000000010100000000000000000010
000000000011000000000000000000100000000000000000000100001000000000000000000000010000000000000000000000000000000000000000000000110111100100000010000000000001100000000000000000011100011000000000000000101011100100011011100100000000000000001010
000000000011000000000000000000100000000000000000001000000000000000000000000000010010000000000000000000000000000000000000000000000100001010000100000000000011100000000000000000011101110000000000000000000000110110011011000000000100000000001100
000000000001000011111000000000000000000000000000000000000000000000000000000000100100000000000000000000000000000000000001100011101110001101000000001100001001000110000000000000000011000000000000000000000000110010000000000000110101100000000000
000000000000000011110000000000000000000000000000000000000000000001010110000000011000000000000000100000110000000000000001010000001100110110101100101010011100001010000000000000110001000000000000001100000000001110000000000000000001000000000000
000000000000000000000000000000000000000000000000000000000000000010010110000000000000000000000000100010000000000010000011010011010000000001101100100010011000000011000000000000011010000000000000001100010000000110000000000001000110000000000000
000000000000000000000000000000111000000000000000000000000000000001010000000000000000000000000000000110001000001001101110111011010000000011000111001100001100000110011100000010000000000000000000000000101000001000000000000010001000000000000000
000000000000000000000000000000000000000000000000001100001110110000000000000000100000000000000000000100001000001000110110110000110000000010000101111100000100000000000000001010001010000000000000000000011000001000001100000000001000110000000000
000000000000000011000000000000000000000001000000010010010000111000000000000001010000000000000000000111011000010010011000000000000000000000001000010000001000000001000000001010001010000000000000000000000000001110001001100000110000000000000000
000000000000000100100000000000000000000011110000001100010001011000000000000001010000000000000000000000011000011101100000000000000000000001101100000000011000000001000000000010000000000000000000000000000000010010001110000001110011001100011000
000000000000000011000000000000000000100010010000000000010001001100000000000000100000000000000000000000000000000000000000000000000000000000001110000000100100000010100000001011010000000000000000000000000000001100000010000001110001001010011000
000010000000000000000000000000000011011001100000000011110110000100000000000000000000000000011000000000000000001000100000000000000000000000001101100000011000001101000110010000001000000000000000000000000000001000000010000000110000000101100000
000010000000000000000000000000000010001000000000000100110110000010000000000000000000100000011000000000000000001101000000101000000000000000000101000000000000110110000110000000000000000000000000000000000000000100001101100000011110000000100011
000100000000000000110000000000000011011000000000000110100100110000000000000000001000010000011000000000000000000010001110100110000000000000000010000000000000000100000010000001010000000000000000000000000000001110010110000000000001000001000001
000000000000000001001000000000000000000000000000000010110001001011100000000000001100010000000000000000000011000000000110000000000001110000000000000001000000110000000010011000000000111000000001001000000000011011010000010000010001001111111111
000000000000000000110000000000000000000000000000011000110000101000100000000000000100000000000000111000001100100000000011100000000001101000010100110011000010110000100011100100000000101000000010001000000000110011011000011000100010001001000000
000000000000000000000000000001000000000000000000010010010111001001000000000000000000000000000000100000000001100011100001100000000000001100010001010000111000100000100000101110000000101000000011000000000001100001010000100100010001000110000000
000000000000000000000000000110110000000000000000001101000110101001101100000000000000000000000000101000000000010010100000000000000000000011110001001111100011000000011010000100000111000000000000001010000000111100000000011000010000000000000000
000000000000000000000000000010100000000000000000000111010000010011001100011000000000000000000000011000100011110011000000000000000111100110001000000001111000000000001010101000000100000000000000000000000000011000010000000000001000010000000000
001110000000001100000000000001000000000000000000000000001111110100000000010100000000000000000000000000111000010000100000000000000110010000100000000000000000001100001100000000000111000000000000001100110000001000100000000000000010000000000000
010001000000010010000000000000000000000000000000110000000111000001000010000000000000000000000000000000011000000001100000000000000100010000110000000000000000001100011100000000000000000000000000000111011000000101000000000000000000101100000000
000000100000001010000000000000000000000100000000110000000000001100000001100001000000000000000000000000000000000001100000000000000000000000000000000000000000010100111000000000000000000000000000000011110000000111000000000101000000001100000000
000001000000000100110000000000000000010110000000000000000000000000000000000001100000000000000000000000000000000000110000000000000001000000000010000000000000011001011110000000000000000000000000000000100000000000000000000101000000010110000000
000100000000000001110000000000000000101111000000000000000000000010000001110100000000000000111000011100010000011101110000000000000000011100000010000000000000000001000100110000000000000011100000000000000000000000000000000001000000110010000001
111000000000000000110000000000000000011011100000000000000000000110000010000000000000000000100100010010001000000001100100000000000000001100000000000000000000000000000100011000000000000000000000000000000000000011000000000110000000011011000000