111000110000000000001000000001100000011101000000000000000000001000001000010000000000000010000110001110000000000000100001000000000000001010000000000110000000000000001000111000000000000000000000000000000000000011000000000110000000000000000000
010001001000000010000001110110010000000000000000000000000000001000100001110000000000011000000100000000000000000001100001001100000000000110000000000110000000000000000000000000000000000000111000000000000000000000000000000000000000010101100000
100001110000000110000001001010100000000000000000000000000000000100010001000100000000001000000000000000000000011111100000000010000000000000000000000001000000000000000000000000000000000000100100000000000000000000000000000000000000001101100001
000001000000000010001010001010001100000000000000000000000000000100001000000100000000000000000000000000000000001111000000010010000000000000000000000010010000000000000000000000000000000001000000000000000000000000000000000000000000000010000010
000011000000001010001101000011111010000000000000000000101000000100000000000100000000000010000000000000000000001001111000101100000000000000000000000010000000000000011000000000000000000010000100000000000000000000000000000010000000000000000100
000110000000000111000001111100000000011100000000000000100100001010000000000000000000000010010000000000000000000000011111100000000000000000000000000010010001100000011000000010000000000001011000000000000000000000000000000011000000000000000100
000000000000000000011011000000000000100000000000000000000100000100000000000000000001100000100000000000000000000111000000010000000000000000000000000001010001000000000000000101000000000000100001100111010010000000000001000100100000000000001100
000000000000000001011000000000000000100001000001100001011000000000000000000000000010010010001100001000000000000000001000001000000000000000000000111000100000111000000001100110000000000000000110000000100011000000000011100011000000000000001000
000000000000000010100011110000111000100000100010110011011000000000000000000000000010100010000110010110000000000000001000000100000000000000000001000100000000011110000001100000000100000000001000000000000011000000011110110010000000000000000000
000001010000000010100000001000111000110101000010010000000000000000000000000000000001000100000100000111000000000000001100000100000000000000000000000010000000011000100000000011111010000000110101110000010010000000011100110000000000000000000110
000011001000000001011010001100000000000100000001110000000000000000000000000000000000000000001000000001000000000000000101101100000000000000000000010100000000000011111000000100111010000000011100000001010000000000010000000000000000000000000110
000111000010000000000100100100000000111000000001100000000000000000000000000000000000001110011000001001100000000000000001010000000000000010001010000000000000000000011111101000001100000000100001000001110000000000000000000000000001000100011000
100011001110000000000000010110000001100000000000000000000000001100000000000000000000001110011000010011000000000000001101100010001000000100000000110000000000000000000001100111110000000000111101000000000000000000000000000000000010000000101000
000011101000000000000000000100000010000000000000000000000000010010000000000000000111000010100000011101000000000000000101000100011000000011111111011000000000000000000110000000111000000000010110000000000000000000000000000000000010000000000001
000011100000000110000100000000000001100000000000000000000000100100000000000000000000111000111000010100000000000000000100101000000000000001100000010000000011000000011000000000001011000000000000000000000101000000000011011000000000000000011001
100011100001000010111000000100000000100011100000000000000000010100000000000000000000010110000000000000000000000000000011101010000101100000000011100000000100100000000000000000000001011000000000000000000000100000000000100000000010000001000000
000010000000101000110000011000000000000000000000000000000000000000110000000000000111000100111000000000000000000000000011001001100101000000000011000000001000100000000000000000000000000100000000000000000100000000000000100000000010000000000000
000011110000010011010000000010111000000000000000000000000000000000110000000000000000000000100000000000000000000000000000000001001010001100000110000000001000100000000000000000000111000100000000000000000000010000000000000000000001000100000000
000001000100100010000000000000011000000000001000000000000000000000000000000000000000000000000100000000000000000000000000110001000000000100000111010000000001000000000000000000000111011000000000000000000011000000000000000000000000000000000000
000000000111011000000111000000101000000000010100110000000000000000000000000000000000000000001111000000000000000000000000011001010000000101000000000000001001000000000000000000000011000000000000000000000001000000000000000000000000000000000000
000000000111010000000000000000010000000000010100110000000000000000000000000000000000000000001001011100000000000011100110001100100000000011000000100000001010001100000000000000000000000000000000000000000001000010100000000000000000000000000000
000000000000000000000000000000000000000000001000000000000000000000011000000000000111000000001100000000000000000000100010001110000000000000000111000000110110010110000000000000000000000000000000000000000001110011100000000000000000000000000000
000000000000000000000000000000000000000000000000000000000000000000100100000000000100000000000111111110000000000000001100010010000000000000000000000000110000011011000000000000000000010000000000000000000000100000000000000000000000000000000000
000000000000000000000000000000000000000000000000000000000000000000101000000000000100000000000010000000000000000000001000010110000000000000000000000000010001011011100000000110000000011000000000000000111010000000000000000000000000000000000000
000000011000000000000000000000000000000000000000000000000000000000010000000000000011010000000000110000011000000000000000000110000000000000000000000000001001001001000000000110000000000000000000000000111000000000000000000000000000000000000000
000000011000000000000000000000000001100000000000000000000000000000000000000000000000000110000000011000001100000000000110111100000000000000000000000000001010000110000000000000000000000000000000000001000100000001100000000000000000000011000000
000000000000000000000000000000000001100000000000000000000000000000000000000000000000010011000000000000011000000000000100011000000000000000000000000000100100000000000000000000010000000000000000000001100000000010010000000000000000110001000000
000000000000011011000000000000000000000000000000000000000000000000000000000000000000000000100000000000010000000000001001000000000000000000000000011100001000000000000000000000111000001010000010000000100000000010100000000000000000000010000000
000000000000000000000000000000000010000000011000000000000000100000000000000000000000001101100000000000000000100000000000000000000000000000000000001010001000000000000000000001001000001001000010000000010000000010000000000000000000100010000000
000000000000000011000000000000001011000000100000000000000011010000000000000000000000000001100000000000000000100000000010000000000000001100000000010000000000000000000000000001010000011001000010000000000000000000000000000000000000110100000000
000000000000011000000000000000001001000000000000000000000011010100000000000000110000001110000000000000000000000001100000000000000000010010000000000110000000000000000000000001001000000100000000000000000000000100000000000000000000001000001000
000000000000100000000000000000000000000000101000000000000001101110000000000001100000001110000000010000000000000110100001000000000000010100000000011101000100000000000000000001111000000100000000000000000000000000000000000000000000000000110111
000000000000000000000001000000101010000000010000001010000000011001000000110000101001110000000100110000000000000011000101000000000000001000000000000001101100000000000000000111110110000010000000000000000000000110001000000000000000000000000000
000000000000000011000110000000111100100000000000001000000000010111100000110000011101010000000101010000000000000000000010000000000000000000000000000010101000000000000000000111001000000110000000000000000000000000001000000000000000000000000111
000000000000000011000001001000011101010000000000000000100000110110110000000000000001001000000100000000000000000000000000000000000000000000000000000000100000000000000000000000000000000100000000000000000000000010000000000000000000000000000011
000000000000000000000000011000000000100000000000000010010000000010100000000000101000110000000100000000000000000000000000000000000000000000000000000000100100000000000000000000000100000000000000000000000000000100010000000000000000010000000001
110000000000000000000000010000000000000000000000000001100010001011000000000000010000000000001110000000000000000000011100000000000001100000000000001110101000001000000000000000001010000000000000000000000000000000100000000000000000010000000110
110000000000000000000000000000000100000000000000000000000100001000000000000000010000000000111111000000000000000000011100000000000001100000000000001100100000001100000000000000001010000000000000000000000000000111000000000000000000010000000110
110000000000000000000000000110010100000000000000000000000010100000000000000000000000000000001000000000000000000000000000000000000000000000000000000011010000000100000000000000000100000000000000000000000000000000000000000000000000000000000001
000000110011100000000000000000100100000000000000011000000001000011000000000000000000000000111110000000000000000000000000001000000000000000000000001110110000000011000000001110000000100000000000000000000000000000000000000000000000000000000000
000000100011100000000000000000100000000000000000011000000000000100100000000000000000110000010100101100000001100000000000001000000000000000000000001110010000000010100110010110100001110000000000000000000000000000000000000000000000000000110000
000000000000100000000000101000000000000000000000000000000000000110100000000000000000110000110000101100000001100000000000001000000000000000110000010100001000000000101000110100010011011000000000001000000000000000000000000000000000000000110000
000000000000000100000001010001000000000000000000000000000000001011000000000000000000000010010000001100000000000000000000000001110000000001001000111001010000001111001100001000011111011100000000001110000000000000000000000000000000000000101010
000110000000000100000001000000000000000000000000000000000000001100000000000000000000000011000000010001000000000000000000000000110000000001111000000001011000010001011011101101110011011000000000100110000000000000000000000000000000000001111011
110001000000000000000000100011000000000000011100000000010000000110000000000000000000000011010000010010100000000000000000000001100000000101100100011110000000001101101001000001100000000000000000011110000000000000000000000000000000000001100000
110010000000000000000000001011000000000000100010000000010000000000000000000100000000000001010001110010100000000000000000000010000000000110011100001100000000000101101000000000000000101000000000011000000000000110000000000000000000001000111100
000000000000000000000000010000000000000000000010000000010000000000000000001010000000000001000001100001000000000000000000000001000001100000010100001000000000000000001100000000000000000000000000000000000000000110000000000000000000010100000010
010000000000000000000000010011010000000000110110000000000000000000000000000110000000000001100000000000000000000000000000000000000001100000001000000000000000000000011000000000000001110010010000000000000000000000000000000000000000010010000111
000011000000000000000000001011011000000000001000000000001111000000000000000000000000000000100010000000000000000000001100000000000000000000001000000110000000000000001100000000000001110110011011000000000000000000000000001100000000001100000011
111000100000000000001100011000011000000000000000000000001010110000000000000000000000000000100010000000000000000000010010000000000000000000000000000110000000000000000000000000000010110000011110000000000000000000000000001100000110000000000111
110000110000001000000000110000000000000000000000000000000100110000000000000000000000000000010000000000000000000000001100000000000000000000000000010000000001100000000000000000000010001000100000000000000000000000000000000000000110000000001011
000010100000011111000001011000000100000000000000011000000001110000000000000000000000000000000000000000000000000000000000000000000000000000000000000000000001100000000000000000000001000100100010000000000000000000000100000000000000000000000100
000010100000100000001000111111010100000000000000110000000011010000000000000000000000000000000000110000011000000000000000000000000000000000000000000010000000110001000000000000000000000111100001000000000000000001111010000000000000000010000011
100011000001101101100011111100001100000000000000011000000010100000000000000000000000000000000000110101110100000000000000000000011000000000000000010101000000011101100000000000000000001000000001100000000000000001110100000000000000000111000010
100000000000111101000000100100010000000000000000001100000001100000000000000011000000000000000000001111100000000000000000000000100100110000000000100010000000100101100001000000000000001010001001000000000000000000001000000000000010001101100000
000000000000001000000110000011101100000000000000000100001101000000000000000011000000000000000000000100010010000000000000000000011000110011100000101100000000011000000010100000000000001001000110000000000000000000000000000000000011011010110111
000000000000001011000110000000010000000000000000000000010001000000000000000000000000000010000011000000010100000000000000000000000000000000100001111100000000000010100010010000000000000111111100000000000000000000000000000000000001011010001100
000000000000001111000000000001100000000000000000000000001010000000000000000000000000000101000111000000001100000000000000000100000000000011100000101000000000000101010001100000000000000110110000010000000000000000000000000000000101000010100000
001000000000000110000000000001010000000000000000000000000100000001100000000000000000000101000010000000010000110000000000001010000000001010000000001000000000000100100000000000000000000010011000011000000000000000000000000000000110000001000000
010010000000001000000000000010101100000000000000000000000000000010010000000000001000000010000010000000000000001000000000000110000000010000000000000000000000000000000010000000001100000010010000010100000001000000000000000000000000000001000000
001000000000010100000000000001101000000000000000000000000000000001010000000000001000000000000011000000000000010000000000000110000000001000000000000000000000000000000101000000010010000100010000001000000111000011100000000000000000000010100000
000000000000010010000000000000110000000000000000000000000000000000100000000000001000000000000001001001000000001110000000000100000000000000000000000000000000000000000100000000001100000010010000001000000100000011100000000010000010000000100000
000000000000010100000000000000000000000000000000000000000000000000000000000000000000000000000011001001000000000100000000010100000000000000000000000000000011000000000101110000000000000000101000011111100111000011000100000111000100001111000000
000000000000000000000000000000000000000000000000000000000000000000000000000000000000000000000011011000100000000000000000100000000000000000000000000000001110110000000010010000100000000000000100010000100001000011001100001110101110011000000000
000000010000000000000000000000000000000000000000000001111000000000000000000000000000000000000001100000000000000000000000000100000000000000000000000000000000110000000111000001010000000000110110000001000001100011111100011001011010011000000000
000000001000000000000000000000000000000000001000000001101100000000000000000000000000000000000000100000000000000000000010001000000000000000000000000000110110110000000101000001010000000000110100010010000001001100110000110011110001011000000000
000010000100000110000000000000000000000000011100000010100000001000000000000000000000000000000000000000000000000000000110100000000000000000000000000000111011000000000001100000110000000000001000001000000011000101110000000010000001110000000000
001000000000001001000000000000000000000000010010000001011100110110000000000000000000000000000000000000000000000000000000000000000000000000000000000000000000000000000001100000000000000000000000000000000001000001100000000001000111000000000000
001000111110000110000000000000000000000001101000000010000000110110000000000000000000000000000110000000000001010001000000000001110000000000000000000000000010000000000001100000000011000000000000000000000000000001100000000000100110000000000000
000000000010000000000000000000000000000110111000100001000001000100000000000000000000000000000100000000000011011110110000001111010000000000000000000000000101000000000010110000000101000000000011100000000000000000011100001000011100000000000010
000001100000000000000001000000000000000110110010100000000000110000000000000000000000000000000111100000000000001000011000010000010000000000000000000000000100100000000000110000000010000000000011100000000100000000001100001001101000000000110101
100001101100000000000010100000000000001000100000000000000000100000000000000000000000000000000110010000000011110110000100000001100000000000000000000000000010110000001000010000000111000000000001100000010100000000011101100110011000000000010111
100010110110000000000000000000000000011111000000000000000000011000000000111000000000000000011111010000000001000000011110010001000010100000000000000000000000000000001010100000000000000000000000010000110110000001100000010000000000000000010001
011000010110000000100000000000000000011010000000000000000000101000000000111000000000100000011111100000000000000010001110010100011010000000000000000000000001110000000010000000000100100000000001110000000011000001100001010011000000000000010110
100000001000000001000000000000000000011000000000000000001000001000000000000000000001010000011110100000001000000010100000001100001010001000000000000000000000101000000000001100000100010000000001110000001000000000110000010011000000000000001110
100000000000000000000000000000100000001001110101100000001001010000000000000000000000110000000111000000001000000000100000000000000000000100000000000000000000001100000000001100000100000000000001100100010100000011111000111001100000000000000100
100000000000000100001000000001010000001000110000001000000100010000000000000000100000000000001001100000001000000000100000000000000000100100000000000000000000010000000000000000011000001000000000111000011000000000011000000011000000000000000100
100000000000000100011100000010010000000011101000001000000001111100111000000010010000000000000100000000000000000011010000000100000000100100110000000000000000000000000000100000011101101100000000010100000000000010000000000000000000000000000101
100000000000000010001101100000000000000000000001000100000000100111111111000010001000000000000000110000000000111001011000001100000001110001010000000000000000000000000001110000000001100000000000000000000000001110000000000000000000000000001010
011000000000000001101110000010000001100000000000111000000000011111011110100100001000000000000001011000000001100000010001101000000101110000100000000000000000000000000011111000000000000000100000000000000000000101000000000000011110110000011000
110000000000110000010111101000000001100000000010000000000000000000000010100010001000000000000000000000000010000001110000110000011000000000000000000000000000000000011110000000000000000001010000000000000000001000000000000000100100001100011100
100000000000111000011011000111000001100000000010100000000000000000000000000010010000000000000000000000110001111110010010010000000100100000001010000000000000000000111110000000000000000001010000000000000000000000000000000000110100000111001100
000000000001000000000100000101000101000000000011100000000000000001010100000000100001000000000110001011001000000000111010100011000110100000000000000000000000000001000000000000000000000001010000000001100000011010100000100000011001010111001000
011000000001000000000000000000000010101000000000000000000000000000110000000000000010110000000010100100000000000000010000000000001010100000001010000000000000000000110011000000000000000000100000000010010000000000001011010000000011011000000000
011000000001000111000000101110000000111000000000000100010000000000010000110000000001110000000000110001000100000000110001000000010010000000000000000000100000000000011110001110000000000001010000000001100000000000000111010000000101100000100000
000001100000100000100001011000000000000000000000001011001000000000001000000100000000100000000000001010100100000000110100000000000010000001000000000000100000000000000100001001000000000000100000000000000000000001000100100000010000000110110000
000110110000011110100001100000011111000000000000001010011000000000001000000100001100000000000000011001010010000000011111110000000000000001100000000000100000000000000000000111000101000000100000000000000000101011011000000010000001000000000000
000111011000000000100100010100011001000000100000000001000000111000011000010000001100000000000111000000000010000000000100000000000001000010100000000000000000000000000000000000000101000000000000000000000000010111000000000001000010000000000000
100110110000001010100000111010011111000001010000000011000001000100000100000000000000000000000011111000100000000000000001100001010000100010100000000000000000000000000000000000000111000000000000000000000000000111000000000000000100000000011101
000001100000001010101000001100010010000010001000000000100000000000001000000000000000000000000000000000011100000000000000100001001000100011000000111100000000000010000000000000000000000000000000000000000000000010000000001000001000000000100000
010000000000000100011111011010011000000001010000011010000100110000001000000000000000000000000000000000000000000000000001110001000110100001000001100100000000000011100000000000000000000000000000000000000000000000000110001000110000000100100000
000000000000000000000000000011000110000000100000000010000110000110010000000001100000000000000000000000000000000000010111001001000001100000000000111100000000111100010000000000000000000000000000000000000000000000000000000000100000000101001000
111000000000000000000000000011111000100000000001000100000000001110110000000000000000000000000110000000000000000000001110001001000010000000000100000010000000011110100000000000000010011100000000000110000000000000000000000001000000000100100011
000000000000000000000000000000100010100000000001010000001000010011000000000000000011000000000001000000000100000000000100000000001001000000000011100000000000001111110110000001101110011010000000001001000000011000000000000101000000000010100000
111000000000000000000000000000000010000000000000000000010100011100111000000100100011000000000111000000011000000000000000000011001000000000000100000010000000000000011100000000101000001010000000000110110000000000000000000110000000000001100001
001011100000000000000000000000000100010000000000000000100000001000110100000000000000000000000000000000001001000000000000000111011010111100000001100110000000000000001100000000000000000100000000000010010000000000000000000000000000000000000010
010000100000000000000000000000001111010000000000000000100000000000001100000011000000011000001000000000000110000000000000010100011110111100001100001001011000000001000000000000000000000000000000000001100000000000000111000000000000000000000100
100001000000000000000000000000001000010000110000000000001000000000000111100000111000011000001000000000000000000000000000110000000000000010001100001000110000000110000000000000000011100000000000000000000000100000000110100000000000000000010111
011100000000000000000000000000000010100000110000000000001101011100000010011000011000000000000000000110000000000000000000010100000000001100000100001000100000000011000000011100000100100000000000000000010101011000000111000000000000000000000000
011000000000000000000000000000000110110000000000000000000000000110000100011000001000000000000000000110000000000000000000011111111100001100000010100100110000000000000000000000001000100000000000000011010101011000000010000110000000110000011100
000000000000010100000000000000000110110000000000000000010000000100000101000000000000000000000000010001000000000000000000001000010110000000000010100011100000000000000000000000000000000000110000000011110101011000001000101110010011101100001110
100000100000010100000110000000000001000000000000000000010110111000001000011100000000000000000001100011000000000001100000010000010001000000000000000001000000000000000000000100001001000011001000000000000100100000000001000101110011101100001100
100000100000001000001011000000000000001110000000000000001000000000001000000110000000000000000001000001100000000011000000010000011111000000000000000000000010000000000000000110001001100010010000000000000011000000001000111001100010100000000010
000000000000000000011111000000000000010001000000000000000000000000001110000011000000000000000000110000110000000000011001000001100000000000000000000000000000000000000000010110000110011011100000000000000010000000000000010110001100101100000000
000000000000011000111000000000000000011000100000000000000000000000000000010100000000000000000000001111110000000000000110000101000000000000000000000000000001000000000000100000000110001000000000000000000000000000000000000101111110000000010000
000000111000011000011000000001110000000010100000000000000000001100000000000000001000000000000000000011110000000000101000000101000100000000000000000000000000100101000010100000000001110000000000000000000000000000000001010101101111110010010110
000110111000000000000011000001010000000000100000000000000001100110000000000000001000000000000000000000111000000000000010001001000010000000000000000000000010110100000000000011100000000000000000000000000000000000000000000100000000000001101110
001001000000000001000001000001010110000000000000000000000011001100000000000000000000000000110000000000110000000000000001001001000110000000000000000000000000011001100011100011100000000000000000000000000000000000000001110010000000000000000110
000110000000000000100010000000110010000000000000000000000001001100000000000000000000111011101000000000011000000000000000101010010000000000000000000000000011000000000000000000000000000000001000000000000000000000000000011100000000000000000000
000000000000000000011100000000011100000000011000000000000000111000110000001010000000101000001000000000001110000000000000110010010000000000000000000000000011000000000000000000000000000000001010000000000000000000000000000100000000111000000000
000000000000000000000000000000001000000000011000000000000000010000110011000110000000111011110000000000000010000000000001000000001000000000000000000000000001100110000000000000000000000000001100000001110000000000000000000000000000101000000000
000000000000000000000000000000000000000000000000000000000000000000000011000100000000000000100001101100000010000000000000000000001100000000000000000000000000000000000001001100000000000000000000000010001000000000000000000000000001000100000000
000000000000000000000000000000000000000000000000000000000000000000000000000000000000000000000000000000000000011100000000000000001000000000100000000000000000000000000001111100000000000000000000000000000000000000000000000000000001000100000000
000000000000000000000000111110000000000000000000000000000000000000000000000000000000000000000100100000000000011100000000000001000100000001010000000000000000000000000000001000000011000000000000000101010000000000000000000000000000100000000000
000000000000000000000001011111000000000000000000000000001000000000000000000000000000000000000100000000000000100010000000000000110100000000110000000000000000000000010000100000000011011000000000000100010000000000000111000000000000110000000000
000000000000000000000001000011110000000000000000000000010100000000000000000000110011000000000011100000000000000100000000000000001000000000000000000000000100000000011000100000000110000000000000001001000000000000011010010000000000000000000000
000000000000000000000000111100011000000000000000000000001000000000000000000000110000000011001011100000000000000110000000000000000000001100000000000110001100000000010100000000000110000000000000001100000000000000000001100000000000000000000000
000000000000000000000000001000011000000000010000000000000000000000000000000000000000010011000101010000100110000100000000000000000000000110000000000001000010000000000110000000000100100000000000001100101000000000000000000000000000000011000000
000000000110000000000000011011000000000000111000000000000000000000000000000000000001010010100111100000010110010010000000000000000001000010000000001000000110000000000000000000000011011000000000000010101000000000000000000000000001010011000000
000011001001000000000000011010000000000000100010010000000000000000000000000000000000010000000001110000111111100010000000000000000001001110000000000010000000000000000000000100000010010000000000000000000000000000011000000100000000010000000000
000011001001100000000000010000010000000000001001100100000000000000000000000000000000000010011011110000000000000000000000000000000000000010000000000001000000000000000000001001000000000000000000000000000000000000101000000100001000100000000000
000000011000100000000000000011110000000000001000000100000000000000000000000000000000000001110100001000000000000000000000000000000000100000000000000000000100000001100000000101000010000000000000000000000000000000000000011010001001000000000000
000000010001001110100100000000001000000011100011110010000000000000000000000000000111000000000000001011000000000000000000000010000000000000000111000000000110000000000000000010000000010000000000000110000000000001000000100010000000000000000000
000001001100000001110100011011011000000011100011000011000000000000000000000000000111000000000100000000100000000000110000000101000011000000000001000000000001000000000000000000000001100000000000000111000000000000101000100010000000000000000000
000101110100000100110100000000001100000000000111010100000000000000000000000001001000100000000001100000000010000001001000000000100111000000000011000000010110000001000000000000111001011000000000000010110000000000010000110100000000000000000000
000111011000000111000010010101000101000000000110111100000000000000000000000111000101111000010001000100001101100001010000000000001010000000000100001000011100000010100001000000111011011000000000000001110000000110000011100000000000000000000011
000001000000000101000010000000100000000000000000101000000000000000000000000001001000111100101000100100000000100000100000000110101001010000000000001100000000000001100000100000001000010000000000000000000000000101000000100000000000000000000111
100001001000000000000011001011110100100000010001000000000000000000000000000000010001111100000000010111100000000000000100000110101101110000001110010100000000000000000010010000110011100000000000000000000001000011100011000000000011000000000100
000000101000011111000000001010010011000000010000000000000000000000000000000000110100000000001000000101000000100001011000000001010000100000010100111100000000000000000100010000000000000000001000000000000010001000000001000000000100100000000000
000000100000100011000000001110001000000000100000000000000000000000000000000000010001000000010001000000000000000110101000100011011100000000011000110100000000100000001110110000010000000000011010000011100001011100000000110000000100100011000000
000000000011000001000000000000010000000000000100000000000000000000000000000000010110000000000010000000011011000100101000000011000000000000001100011000000001011011000100100000011100000000110010001111010100010000100000010000000101000100110000
000000000110010000100000000010010000000100000001000000000000000000000000000000010001000000100001010000000100001101011111000001100101000000000001000001110011010100100011000000000000000000010110000000010100100000000000100000011101000110001100
000000000101110001000001000000000000000100000001000000000000000000010000000000111000011000100000100000000000000101000000000001000010000000000000001000100010000101100000000000000000000000001100000100110000000001000000000000000000000010001100
000000000001100010000000000000000000011011100000000000000000000000101000000000010000000000000000000000000000000011100010001100100000000110000000001000110010000101000001000000100000000000000100010010000010000000000000000000110000000110100010
000001000000000000000001000000000000001100000100000001000001011001100100000000001111110100000000000000000000000100000000001000100000000110000000001000001100001011100000010001010000000000000000111110100001000010000000000000000010000110111110
000000110010010000000000000000000000001100011000000110000110010011000000000000000111101000000000000000000011000000100010010001000000000000000000000000000100000000110010010001100000000000000000010110011000111000000000000000000010000001101000
000000010000010000000000000000000000000110001010000011000100000010000010000100000000110100010000000001100010100000100000010100000000000000000000000000000000000000010110011000000000000000000000000000111000000000000000000000000000000101000000
000000000001011000000000000000000010101101001110000000000100111000010001001000000000010000011000000010100001000010001000011100000100000000000000000000001011000000000000000000000000000000000110000000010000000000000000000000000001101110000000
000000000010010000000000000000000010101001000000000000000001001100001100000100000000010000000100000011100000000001000000000000001011001110000000000000110100000000000000000000000000000000000000000000000000000000000000000000000010011100000000
000000000010100000000000000000000010011101000000010000000000000010000000000000001000001000110100000000000000100001000000000000000000101101000000000000100000101010000010000000000000000000000001000001000001001000100000000000000000011000000000
000000000010100000000000000000000001100110000001100000000000000000000000100000010100000111000000000000000000100000000000000000001101001001000000000000111001000010000101000000000000000000000110000000100011110110100000000000000001000000000000
000000000001000000000000000000000000101000000001001010000000000100001101010000010011000011000000000000000011000000000000000000000010000111000000000000000000010100101110000000001100000000000000000100000011000000100000000000000000000000000000
000000000000000000000000000000000000010001110001000010000000001001001100001000011000011010001000000100000001000000000000001110000001100110000000000000000000000000001000000000001100000000110000001000100000000101000000000000110000000000000000
000000000000010000000000000000000000000011011000111000000000001000101101101100000110101000110110000011000110000000000000000000000010100000000000000000000000000001110000000000000000000000110000000110000000000111000000000100000000000000000000
100000000101101000000000000000000000000000010000000000000000000000000000001110010000111000110110000011000011000000000000000000000010000000000000000000000000000000000000000000000000000000000000000000000000000110000000000010000000000000000011
000000000110011000000000000000000000000000010000000000000000000000010000000100101110011000110110001010000000000000000000000000001000111100001110000000000000000000000000000000000000000000000000000000011000000000000000000011000000000000000000
100000000000011100000000000000010000100100110000110001010000000001100000001000100110011000001100001010000000000000000000000000001011000100000000000000000000000000000000000000000000000001111100000000010010000000000000001001000000000000000010
000000000000000110000000000000101010110001010001100000010000000000000000000001000000011000000010001000000000000000000000000000000111100100000000000000000000000000000000000000000000000001000110000001010110000000101000001001000000000000000001
000000000000000101000000000000101000000100000000111100010000000000000000000001010000100000001010000000000001100000001110000000000000101000000000000000000000000000000000000001100000000000101100000001000000000001000100000101000100000000000000
000000000000000111000000000000010001101100000000011100100000000000000000000001010000000000011001000000000001100000000000000000000000011000000010000000000000000000000000000010010000000000010010001001110010000001001000000011001100000000000000
000000011000001010000000000000000010111100000000001111000000000000000000000000000000000000010010000000001101000000000000000000000000000100001111000000111000000000000000000100001000000000000000000000000000000010010100000000011010000000000000
000000100100000110000000000000000110000100000000001001010000000000000000110000000000000000001110000000011000000000000000000000000000000100001111100001001000000000000000000010010000000000000000000000000001000001010110000000011010000011000000
000000011000000010000000000000001100011000000000000010010000000000000000101000000000000000001100000000001011100000011000000000000000000110100000000000011000000000000000000010111110011011100000001000000001000000110110000000011000101110100000
000000000000000000000000000000010000111000000000001101010000000011000000100100000000000000101110000000000110100000000000000000000000000000000000100000000000000000001100000110100011011001100000000111100011000000011000000110100000001001110000
000000000000000000000000000000011000110000000000000000001000000100010000000100000000000011101110110000001110000000000000000000000011100000000001101000000000000000001100001011101011011001100000000000000000000000000000000000000110100101100000
110000000000000000000000000000000000100000000000000000001010000100100000010100000000000011010100001000001101100000000000000011110011000000000010000100000000010000000000001000010000001000110000000000011100000000000001100100000000011000000000
001000010000000000000000000000000010100000000000000000000000000111000000101000000000000011001100010000110100000010000000000111100001100000000011000100000001100100000000000010000100101000110000000000000000000000000001100100000000000000000011
011010000000000000000000000000000000000000000000000010010010000000000000010000000000000101100100000001011000010001000000100100000011100000000011100000000010000010000000010000000100011100000000000000000000000000000001100010100001000000000111
011011111100000000000000000000000101000000000000000001001100000000000000111000000000000110100000000010000010111000100001010000000001010000000000000000000110000000000000010100000100100000000000000000000010000000000011111111110010010000001001
001101110100000000000000000000110100000000000000010000111000000000010000000101110000000000001000000000010010000000100000100010011000110000000000000000001100100000000000110000000000100000000000000000000110000000000101111000000000010000000000
000000001100000000000000000000000000000000010000010000000000000000011000010111110000000011001000010011100001111000110000000001100000000000000000000000001100101000000000110010000011000000000000001000001111000000000110000000010001000000100110
000000010010000000000000000000000000000000110000000011000000100000010001000001000000000000000001110011000000011001110000000111100000000000000000000000000100111000000000010001000000000000000000000000010000000011000000000000000000000100100100
000000100000000000000000000000000001000011001000000011100001100000100001000111000000000000000000110000000000000000000000000100000000000000000000000010000000000000000000010001100000000000000000000000110010010011011000000000000000100000011000
000000100100110000000000000000000010010011000000000000100011011000000001001011000000110000000000010010000000000001101000000000000000000000000000000111000000000000000000001101100000000000000000001001110011011001001000000000000000010100000000
000000100000110000000000000000000100110000001100000110110010011000000000011100000001010000000000011110000000000001101100000000000000000000000000001101100000000000000000000010000000000110000000011000111000000000101000000000000000000000000000
000000000000000000010000000000000000010010100111001100100000100000000000000000000000001000000000010010000000000001001000000000000000000000000000011101110000000000000000000000000000000110000000000000010111000000110000000000000000000000000000
000000000000000001011000100000000011011100011100000000000001101000000000000000000001010000000000001010000000000011011000000000000000000000000000001101100000000000000000000000000000000000000000000000001101100000000000000000000000000000000000
000000000000011001011000001000000000000100001100000000000010101110000000000000000000100000100000000100000000000001011000000000000000000000000000000111000000000000000000000000010000000000000000000000000100000000000000000000000000000000000000
000000000000100100000000000100000000110000100000000000000100000000000000000000000000000001011000000000011000000000000000000000000000000000000000000010000000000000000000000100010001000000000000000000000000000000000001000000000000000000000000
000000000000011000000000100010000000000111000000000000000001000000000000000000000000000001010000000000000000000000100000000000000000110000000000000000000000000000000110000100000000000000000000000000000000011100000010100000000000000011000000
000000000000000100000100000000000000000110000001000000110010000000000000000000000000000000111100000000000000111000100000000000000000111000000000000000000000000000001100000100011000000000000000000000000111011100000010100000000000000011000000
000000000000001110011100011000001000000100000010110000111110000000000000000000000000000000010010000000000001001000010000000000000000011000000100000000000000000000000010000000000110000000000000000000000010101000000001000000000000000000000000
001100000000001100101100011000000110001010000110110000111000000000000000000001000000000000001010000000000000110110001000000000001100000000001110000000000000000000000010000100100011000000000000000000000001110000000000000000000000000000000000
010010000000000111100010010000000110001010000011100000000000000000000000000011100000000000000100000000000000000001111000000000000111100000000001100000000000000000000000001111000000111000000000000000000000100000110000000110000000000000000000
010000010000000011000011100000000100000100000000000000000011000000000000000111110000000000000000000000000000001000001000000000000011100000011000100000110000000000000000001001111011100000000001100000000000000001001000001001000000000000000000
001011101000000000010001000000000000000000000000000000000010100000000000001100011000000000000000100000000000000000010000000000000001000000001010000000110000000000000000000101100101000000000001100001000011000000110000000110000000000000000000
001010101000000000001000000000000000000000000000000000000001100000000000011100011100000000000000100000000000000001110011011000000000000000001000100000000000000000000000000100000000110000000000000010001100100000000000000000000000000000001000
001000000000000000000000000000000000000000000000000000000000110000000000001100011000000000000000000000000000000000100010001000000000000000000000100000000000000000000000001001000000000000000000000010111101100000000001000000000000000000001110
011000000000000000000000000000000000000000000000000000011000000000001000000111110000000000000000011100000111000000000000010000000000000000000000000000000000000000000000000111011100000000000000000001110001000000000010100000000000000000010111
000100000000000000000000000000000000000000000000000000100100010000010010000011100000000000000001101100000100000010000000110000000000000000011000000000000000000000000001100000001100000000000000000001110111000000000010100000000000000100000000
101010000000000000000000000000000000000000000000000000000110000000010000100001000000000000000000000000001001001101000011100000000000000000010001000000000000000000000010010000001100000000000000000000000000000000000001000000000000000111000001
011010000000000000000000000000000000000000000000000000110000010110001111010000000000011000000000001111110001110010000001110001000000000000000100000000000000000000000001000000001100000000000000000000000000000000000000000000001000000001000000
000100000000000110000000000010000000000000000000000000000011000010010001001000000000100100000001000011010001000000000000000010100000000000000000000000000001100000000000111000010000000000000000000000000000000000000000000001111000000011100000
000000000000001001000000000111000000000000000000000000011000010000000001010000000000011000000000100100011000000000000001000100100000000001000000000000000000010000110000010000000000000000000000000000000000000000000000000010001100000000000000
000000000000000101000000000011000000000000011000000000100001100000010001010000000000000000000000000011100011000000000000110100000000110010100000000000000001100000101000000000000000000000000000000000000010000000011000000001110100000000000001
000000000000000010000000011000011000000000010100000000100001000001100001100000000000000000000000000001000000000000000000000100100000000000100000000000000001000000010000000000001010000000000001101000000100111100010100000000101011000000000000
000000000000000000000000011000000000000000000110000000100001000000101100010000000000000000000000000000000000000000000000000010010001100001000000000000000000011000000000000000001010000000000001101100000110101100000000000000010010000000000000
000000000000000000000000011100000000000000001010000000000011000000011101110000000000000100011000000000000000000000000000000000100111100000000000000000000010100100000000110000000110000000000001000110000010000100110000000000011100011000000000
000000000000000000000000000000000000000000000110000110101000000000000001110000000000001100001110000000000000000000000000000001100000100000000000000000000000101000000001110000000000000010000000110110000010001001001000000000000000101100000000
000000001100000000000000000010000000000000001000000110100000000000000000100000000000011000000001000000000000000000000000000000110001000000010000000000000101110000000001001000000000000101000000110110000001000101101100000000000000100010000000
000000110110000000000000000001100000000000001111100001101100000000000000000000000000001111100101000000000000000000000000000000000010000000110001000000000011000000000000110000000000000010000000001000000000111001000100000000000000110010000100
000000110011000000000001111000000000000000001100010000010001000000010000000110000000000011100010000000000000000000000000000000000000000001100000110000000011000000000000000000000000000000000000000000000000001000000110000000011000001110001010
000000000001000000000010101000001100000000000010001000000111000000001000000110000000000000000000000000000000000000000000000000000000000000110000010000000110000011000000000000000000000000000000011000000000000000110010000000000100000000001111
000000000010000000000110101000000000011100000000100100000111000000010000100000000010000000000000000000000000000000000000000000000000000000110001110000000100100100100000000000000000000000000000100100000001000000110000000000011000000000000101
000000100000000000000110000000000000001100000001100111000000000001110000011000000101000000000000000000000000000000000000000000000000000000110000010000000100000011000110000000000000000000000001001000000011100000110000000000001000000000000000
000100100001000000000100000000000000001000001101110001000000100000100000000000000101000000011100000000000000000000000000000000000000000000000001100000000001110000001001000000000000000100000001000000001110110000000000000000000100000000000000
001101100000100000001000000000000000000110001100100001000000101100100000000100000010000000000010000000011001000000000000000000000000000000000001100001110000000011000110000000000000000100000001001000001000011000000000000000001101000000000000
001011001000100000000000000000000000000010000000011110000000001011110000001100000000000000011110000000110000000000000000000110000000000000000110000000110000000100100000000000000000000000000000000100001000010000001011000000000101000100000000
011000000000010000000000000000000000000000000000001000000000000000001000010000000000000000000000000000011000000000000000010010000000000000001100000000010000000011000000000000000000000000000001001000000100010000111111000000000001000010000000
110010000111011100000000000000000000000000000000000000000000000000000100100000000000000001110000000000000000000000000000010000000000000000001100000000000000000000000000000000000000000000000001010000000011100000111110100000000001100010000000
011000000000001100000011010011000000000000000001100000000000000000000011010000000000000000000000000000011001100000000000011100000000000000000000000000000000000000000000000001100000000000011001110000000000000000000000000000000000000000000000
000000000100110000000011110000000000000000000000010000000000000000000000000000000000000000000000000000100000000000000000000000000000000000000000000000000000000000000000000010010000000000010100000000000000000000001000000000000000000100000000
000000000010100000000001001000000000000000000001100000000000000000010100000100000000000000000000000000000111100100000000000000000000000001100000000000000000000000000000000001100000000000001100000000000000000000010010000000000010000100000000
000000000000000000110000010100000000000000000001100110000000001100000000000001000000000000000100000000010010001110000000000000000111000001100000000000000000001110000000000000000000000000001000000000000000000000011010000000000001101011100000
000000000000000001100000010000000000000000000000000110000000000010000111000000100000000000000100000000000000001010000000000000011111000000000000000000000000010110000000000000000000000000010000000000000000000001101100000000000000000100000000
000000000000000000110000000011000000000000000001110000000000001110000101001001000000000000000100000000000000111100000000000000110101000000010000000000000000010000011000011000000000000000110000000000111100000010001000000000000100000000000000
000000000000000000110000000000100000000000000000000000000000001110000111000000000000000000000000000000000001001000000000000000000000000000111000000000000000001010001100100100000000000010110011100000100010000001011000000000000111000000000000
000000000000000000010100000000010000000000000000000000000000000000000111001100000000000000000000000000000000100010111000000000001000000001111000001001100000001011010000100100000000000010100000000000110110000000011000001100000000000000000000
000000001111100000001100000010100000000000000000000000000000000000000000000000000000100000000000000000000000011000111000000000000000000010100000001001000000001100010001101000000000000010100000010000000000000000000000001010000011000000000000
000000010000010000000100000000000000000000000000000010000000000000000000011100001001110000000000001010000011111011000100000000110000000000010000000001010000011000111001101100000000000010100100000000000000000000000000000100000010000000000000
000000000000011000000000000000000000000000000000000011000000000000000001111000001000000000000001010001000100010000000110000000110000000000000110001011100000010110010100100000000000000000010100100111000000000000000000000000000000000000110000
000000001101101100000000000000000000000000000000000101000000000000000001100000000000111010000010000000101000000000000111000000000000000000000010011010110000000010010110000000000000000000000110000111000000000000000000000000000000000000101100
000000000000001000010000000000000000000000000000000011000000000000000100100000000011111100000010000101011110000100000111000000000000000111000010000010100000001110010010001000000001011000100000000001000000110000000000100000000000000000100100
000000000001110001100000000000000000000000000000011010000000000000000110110000000011000000000001000010100000000100110010001000100000000000110000000000000000000000111111000100000001000110000000000001110000110000000001100000000000000000000000
000000000001100001100000000000000000000000000000110110001100000000000111000000000010100000000000100100000000000100011100010010110111100000000000000000000000000000010010000000000000100100000000000010010000101000000001011000000000000000000000
000000000011000000100000000000000000000000000000110110010100000000000010000000100000000000000000001000000000000000001000001000000000010000000011000000000000000000001100000000001000100000000000000010000110110100000010001000000000000000000011
000000000100000000000000000000000000000000000000001100001000000000000000000000000000000000000000000000000000000000000000000000110000110110000110000000000010100000000000000000010110011000000000000001000110000100011010101000000000000000001010
000000000000100001110000000000000000000000000000000000000000000000000000000000111000000000000000000000000000000000000000000000000000011010000000000000000010000000000000000000010001011000000000000000000000000110011010100000001010000000001100
000000000011000010001000000000000000000000000000000000000000000000000000000000100100000000000000000000000000000000000001100001010010000001001100011100011001100110000000000000100100000000000000000000000000100001000000000000001001100000000000
000000000000000010001000000000000000000000000000000000000000000000100110000000011000000000000000000000000000000000000000010000000010010100101100001010000100000000000000000000111101000000000000001100000000011001000000000000101101100000000000
000000000000000001100000000000010000000000000000000000000000000011010110000000000000000000000000000111010000000001000000000111010000000100100000101010000000000001001000000000111000000000000000001100010000000010000000000000000110000000000000
000000000000000000000000000000010000000000000000000000000100000000101000000000000000000000000000000110000000000101101000001110011000000010100000000010010100000111001000000100011000000000000000000000101000001000000000000000001000000000000000
000000000000000000000000000000010000000000000000001100001101101000000000000000100000000000000000001001001100011100000010101001110000000011001101000100000100000010001000000011000000000000000000000000011000011000001100000000001000000000000000
000000000000000011000000000000000000000011000000010010010110000000000000000001010000000000000000000110100100010010001100000000000000000001011010010000011100000000000000000011000000000000000000000000000000011010010001000001001001111000000000
000000000000000100100000000000000000000010010000001100111001000000000000000001010000000000000000000010111000011111110000000000000000000000000010000000011100000011100000000010000000000000000000000000000000010010001010000000001011001100011000
000000000000000011000000000000000001110110010000000111010001110100000000000000100000000000000000000000000000010101100000000000000000000000000001000000100100000110100000000111000000000000000000000000000000011100000011000000001011001011001000
000000000000000000000000000000000011111101100000000011000101001110000000000000000000000000011000000000000000001100000000000000000000000000000001100000011000011001000110000000000000000000000000000000000000001000000010000001000110000111100000
000110000000000000000000000000000100000100000000000100000001000000000000000000000000000000100100000000000000001111000101010100000000000000001101100000000000010000000001000000000000000000000000000000000000000010001001000000111110000010100011
100000000000000000110000000000000011011000000000000110000101110110000000000000001100110000011000000000000000000110001010010100000000100000000010000000000000000110000011000000000000010000000000000000000000010001110111100000010101000100001000
000000000000000001001000000000000000000000000000001010001001001101100000000000001100000000000000010000000111000000001000100000000001010000000000000011000001111000000110111000000000101000000000000000000000100000010100011000000011001100011111
000000000000000000110000000000000000000000000000011100000000101010100000000000001100000000000000110000000100100001000100100000000001001100001000110011010000000000000010100010000001101100000010000000000001001100011000111000110011001000011110
000000000000000000000000000011100000000000000000010011010100101101010000000000000000000000000001101000000001110010100010100000000000011111010011010000010110110000100110111010000010100000000011000100000001000101011000100100110000000110000000
000000000000000000000000000110110000000000000000001001000100101100111100000000000000000000000000101000000010010100100000000000000011001001111000101110000101000000011000000010000111000000000000000000000001000100100000011000011000000000000000
000100000000000000000000000110110000000000000000001101100000000111111100011000000000000000000000011000100001011010100000000000000101100110000000000100010000000000000011000000001000000000000000001000000000100000000000000000000000000000000000
001110000000001100000000000001000000000000000000000010001000011001000100010000000000000000000000000000101101010010100000000000001000011001100000000000110000001100000010000000000110000000000000001101111000011100100000000000000000011000000000
001111000000010010000000000000000000000000000000110000001000010110000001100000000000000000000000000000101000000000010000000000000110000000110000000000000000010010100000000000000010000000000000001000001000001101100000000000000000011100000000
000001100000001011000000000000000000001110000000110000000010000000000001000001100000000000000000000000000000000000000000000000000000000000000000000000000000010110000010000000000000000000000000000100001000000101000000000000000000000000000000
000000000000000110010000000000000000010001000000000000000000000100000000010011100000000000010000001000000000001010000000000000000000001000000000000000000000011011000010000000000000000001000000000000110000000010000000000001100000110010000000
111000000000000001001000000000000000100000100000000000000000000110000001100000000000000000111000011100000000001010001000000000000000010100000000000000000000000000100000111000000000000001000000000000000000000000000000000101000000100000000000
111000000000000000001000000000000000000000100000000000000000000110000010001000000000000000100100110010011000001100000100000000000000010010000000000000000000000000001110001000000000000001000000000000000000000011000000000101000000000011000000