000000110000000000000000100011100000001000000000000000000000001000000001011000000000000000001110011110000000000001100010000000000000001011000000000110000000000000001000011000000000000000110000000000000000000011000000000110000000000000100000
001001001000000110000001111110010000001000000000000000000000001100010001011000000000011100000110000100000000001100010000000100000000000110000000000101000000000000000000010000000000000000111000000000000000000000000000000000000000000101100001
100011010000000111000011001010011000000000000000000000000000001100010001001000000000011000000000000000000000010000000000001010000000000000000000000101000000000000000000000000000000000001101000000000000000000000000000000000000000001100100001
000000000000000011001011000010001100000000000000000000000000001110000000001110000000000000000000000000000000000000000000011010000000000000000000000011000000000000000000000000000000000001000000000000000000000000000000000000000000000111000011
000101000000000000001101000011111000001000000000000000010000001110000000000000000000000000000000000000000000001001000010101100000000000000000000000111000000000000011000000000000000000011101000000000000000000000000000000011000000000000000110
000111000000000111010000011111110000011000000000000000011100001010000000000000000000000001000000000000000000000100000111101000000000000000000000000011100001100000011000000010000000000001111000000010000000000000000000000111000000000000000110
000000000000000001011111011000000000101000000000000000110100000100000000000000000001100001011000000000000000000010010011110000000000000000000000010001010001000000000000000101000000000000111111000011100011000000000011100100100000000000001100
000000000000000001001000000000010001110000000001110011010100000000000000000000000010010001001110001100000000000010000000001000000000000000000000111000100000100000000001100110000000000000000111000011100100000000001000010111000000000000001100
000000000000000010100001110000101001100011100010010011011000000000000000000000000010100110000010000001000000000000011000001100000000000000000000111100000000000000000001100100111100000000011001100000000100000000010000000011000000000000000100
000011100000000010100110101100101000111010000010001000000000000000000000000000000001000000001110001101000000000000001110000110000000000000000000001110000000010000100000000011000010000000100110100000100011000000100011110000000000000000000110
000100000000000001111100011100010000000110000010010000000000000000000000000000000000001010011100000100000000000000001101111100000000000000000000000000000000000001000011000110000010000000000101000001011000000000010000000000000000000000000010
000100101010000000001100010000000001111000000001010000000000000000000000000000000000001010000100000000100000000000001100011100000000000000000000111000000000000001000110111000000100000000100000000001010000000000000000000000000000000000011000
000000011010000000000000000110000001100000000000000000000000001100000000000000000010001000101000010000000000000000001101000000011000000100100000111000000000000000000000110111000100000000100101000000100000000000000000000000000011000000001000
100100001000000000000000001110000010000000000000000000000000010010000000000000000011100010100000110101000000000000000101010100011000000010011111001000000000000000001111000010001100000000110110000000000000000000000000000000000000000000001001
100100000000000111011000000000000001100001000000000000000000110110000000000000000011111010110000010110000000000000000100101000001000000010001000011000000011000000001100000000001111100000000000000000000000000000000001110000000000000000000001
000100100000000010101000001000000001100001000000000000000000001000000000000000000011010111000000000000000000000000000100101001000001100000000010100000000110100000000000000000000011101000000000000000000010000000000000100000000000000000000000
000100010000110110000000001100010000000001000000000000000000000000110000000000000010001111110000000000000000000000000010110111101101100000000000100000001101110000000000000000000001100100000000000000000000000000000000000000000011000000000000
000010100000110111010000000000101000000000000000000000000000000000110000000000000010000000101000000000000000000000000001110011000110001100000000100000000001100000000000000000000101100100000000000000000010000000000000000000000000000000000000
000011001101101111000010000001000100000000001000000000000000000000000000000000000000000000001100000000000000000000000000111011000000000100000101000000000001100000000000000000000000001000000000000000000011100000000000000000000000000000000000
000000001000011000000010000000101000000000010100110000000000000000000000000000000000000000001001101000000000000001000000100111000000000101000011100000000111000000000000000000000101100000000000000000000001100000000000000000000000000000000000
000000000101011000000010000000010000000000010100110000000000000000000000000000000010000000010001101000000000000001100110000001100000000011000011000000001011001110000000000000000000000000000000000000000011000010100000000000000000000000000000
000000000010000000000000000000000000000000001000000000000000000000011000000000000110000000001000000010000000000000111010010011000000000000000011000000100110010001000000000000000000000000000000000000000001010010100000000000000000000000000000
000000000000000000000000000000000000000000000000000000000000000000100100000000001100000000001001111100000000000000011100010001000000000000000010000000000010000000100000000000000000011000000000000000010000110001000000000000000000000000000000
000000000000000000000000000000000000000000000000000000000000000000101000000000000100000000000110000100000000000000001100000001000000000000000000000000111000000000100000000110000000011000000000000000101100000000000000000000000000000000000000
000000011000000000000000000000000000000000000000000000000000000000010000000000000010000000000000111000011100000000000100100000000000000000000000000000011111111000100000000110000000000000000000000001000000000000000000000000000000000000000000
000000011000000000000000000000000001100000000000000000000000000000000000000000000000101111000000111000000100000000000110100010000000000000000000000000011010000110000000000000000000000000000000000001001000000001100000000000000000000011000000
000000000000000000000000000000000001100000000000000000000000000000000000000000000000000111000000000000010100000000001101000100000000000000000000001000011100000000000000000000111000000000000000000001100000000010010000000000000000000001000000
000000000000000000000000000000000001000000000000000000000000000000000000000000000000001100100000000000011000000000000000000000000000000000000000011100011100000000000000000000101000000100000000000001110000000110000000000000000000110011000000
000000000000000100000000000000000111000000010000000000000001100000000000000000000000000010010000000000000000000000000000000000000000000000000000000000000000000000000000000001001000001011000111000000000000000001000000000000000000110110000000
000000000000000000000000000000000011000000010000000000000010011000000000000000000000000000100000000000000000000000000000000000000000001100000000001010000000000000000000000011011000011110000000000000000000000000000000000000000000111100000000
000000000000010000000000000000000111000000010000000000000000010110000000000001110000001000000000000000000000000011100000000000000000010010000000010110000000000000000000000011001000000110000000000000000000000000000000000000000000011000011110
000000000000010000000000000000010100000000010000000000000011000010000000000001000000100010000000110000000000000100100010000000000000010100000000001101101100000000000000000000000000000110000000000000000000000110000000000000000000000000011110
000000000000000000000010000000101000000000010000000100000000000000100000110001101111010100000010011000000000000111000001000000000000001000000000001100101100000000000000000100000100000010000000000000000000000000000000000000000000000000001000
000000000000000011000011000000100001100000000000000100000000000000010000110000011101011000001100010000000000000000000010000000000000000000000000000000101100000000000000000100011100000110000000000000000000000110000000000000000000000000000101
100000000000000011000010011000100111010000000000000000000000110000010000000000000111001000001100000000000000000000000000000000000000000000000000000000100000000000000000000010000000000110000000000000000000000000000000000000000000000000000100
000000000000000000000000111000001000100000000000000000010000011000110000000000010000110000000000000000000000000000001000000000000000000000000000000100100000000000000000000000000100000000000000000000000000000000000000000000000000000000000100
010000000000000000000000011000000000000000000000000001100000000011000000000000111000000000000001000000000000000000010100000000000001100000000000001010100000001100000000000000001010000000000000000000000000000101100000000000000000111000000100
001000000000000000000000000000001000000000000000000000000111010100000000000000000000000000000001000000000000000000010100000000000001100000000000001000100000001100000000000000001010000000000000000000000000000011000000000000000000000000000100
010000000001000000000000000000000110000000000000000000000011000000000000000000000000000000000001000000000000000000001000000000000000000000000000000000010000001100000000000100000100000000000000000000000000000010000000000000000000000000000011
100000110010100000000000000001111000000000000000011000000001000011000000000000000000000000100010000000000000000000000000000000000000000000000000001000011000000111000000001011000001110000000000000000000000000000000000000000000000000000000000
000000110010010000000000000000000000000000000000011000000000000100100000000000000000110000000111001100000001100000000000011100000000000000000000010001111000000010110100110001000010001000000000000000000000000000000000000000000000000000110000
000000000000100000000000110000000000000000000000000000000000001000100000000000000000110000110000000010000001100000000000000000100000000000110000100000111000000000101010110110110000000100000000001000000000000000000000000000000000000001001000
000000000000000000000001010000000000000000000000000000000000001001000000000000000000000010010000000110000000000000000000000001010000000001001000111010010000001111000010000010000000000100000000011010000000000000000000000000000000000000001011
100010000000000000000001000011000000000000001000000000000000001001000000000000000000000100000000010111000000000000000000000000000000000000001100100001011000010000000011111111000001010100000000000001000000000000000000000000000000000000001011
011101000000000000000000000111000000000000011100000000000000001110000000000000000000000000000000011010100000000000000000000001110000000100000100010010000000001100001011100011010001101000000000100010000000000000000000000000000000000000000010
110000000000000000000000010111000000000000011010000000111000000000000000000100000000000001000001010010100000000000000000000010100000000111010110000010000000001101101000000000000000000000000000010000000000000110000000000000000000001001111101
010000000000000000000000011100100000000000110011000000000000000000000000001010000000000011000001010001000000000000000000000000000001100000010100001100000000000000100100000000000001000000000000000000000000000110000000000000000000010100010000
100000000000000000000000011111011000000000011110000000001110000000000000000110000000000001100001000000000000000000000000000000000001100000011100000100000000000000010000000000000001011110011000000000000000000000000000000000000000010010000100
001001000000000000000000001011000000000000011100000000001011100000000000000000000000000000110000000000000000000000001100000000000000000000000000000110000000000000011100000000000010000110100011000000000000000000000000001100000000001100000000
001000110000000000000000101100111000000000000000000000001000010000000000000000000000000000110000000000000000000000010010000000000000000000000000001110000000000000000000000000000010000100100011000000000000000000000000001100000110000000000000
001000110000011010000000000000001000000000000000000000000110001000000000000000000000000000000000000000000000000000001100000000000000000000000000000000000001100000000000000000000010111000101010000000000000000000000000000000000110000000001000
000000100000011110000001000010001000000000000000111000000000001000000000000000000000000000000000000000000000000000000000000000000000000000000000000000000000000000000000000000000000001100110000000000000000000000111100000000000000000000000100
000110100001100000100010000010000110000000000000100000000010010000000000000000000000000000000000111000011000000000000000000000000000000000000000000010000001000011100000000000000000001111100011100000000000000001000010000000000000000111000111
100011000001000101100000000000110100000000000000100100000010010000000000000000000000000000000000100100000000000000000000000000011000000000000000000101000000000100000000000000000000001000000011100000000000000001000100000000000000001000100010
100000000001100001100100100101110000000000000000010100000100100000000000000011000000000000000000010000001000000000000000000000100100110001000000100010000000100101100001000000000000011000000101100000000000000000111000000000000011010000010100
000000000000000001000111000011101000000000000000001100001001000000000000000011000000000000000000001101011000000000000000000000011000110001100000000010000000011110100010100000000000001000000010000000000000000000000000000000000011000010110111
000000000000011001000110000010011000000000000000000000010001000000000000000000000000000010000101000000010110000000000000000000000000000000010001000000000000001111100010010000000000001000000110000000000000000000000000000000000001011010101100
000000000000001000000000000001010000000000000000000000001110000000000000000000000000000101000100000000010100000000000000000100000000000110100001100000000000000101010001100000000000000000000100011000000000000000000000000000000101100110000000
000000000000000001000000000010011000000000000000000000000100000001100000000000000000000101000000000000001000010000000000001010000000000110000000010000000000000010100001000000000000000010001000110000000000000000000000000000000110000011100000
011100000000001010000000000010001100000000000000000000000000000010010000000000000000000010000110000000000000101000000000001001000000011100000000000000000000000000000010000000001100000110110000010100000001000001000000000000000000000011100000
000000000000010100000000000000001100000000000000000000000000000001010000000000011100000000000011000000000000010000000000001000000000000000000000000000000000000000000100000000010010000110111000011100000101000010100000000000000000000000100000
000000000000110110000000000001110000000000000000000000000000000000100000000000000000000000000000100000000000001110000000000100000000000000000000000000000000000000001101000000001100000000111000000011001000000100000000000111000000000000100000
000000000000001000000000000000000000000000000000000000000000000000000000000000000000000000000000001101100000001110000000001000000000000000000000000000000011100000000101110000000000000000011000010111100101000100001100001000001000011111000000
000000000000000000000000000000000000000000000000000000110000000000000000000000000000000000000000011000000000000000000000001000000000000000000000000000000110010000000000010000100000000000100110010100100000000100000010010000100010000010000000
000000000000000000000000000000000000000000000000000001001100000000000000000000000000000000000010000000000000000000000000000000000000000000000000000000010000001000000101100001010000000000110110000001000011100000000100100000000011000100000000
000000001000000000000000000000000000000000011100000010001100000000000000000000000000000000000001100000000000000000000111000000000000000000000000000000100110010000000100000001011000000000100110000000000000001100000000111110011011000000000000
000000000000000110000000000000000000000000010100000010000000011100000000000000000000000000000000000000000000000000000111000000000000000000000000000000101011100000000000000000110000000000011000000000000011101100000000000010000000011000000000
000100010010001001000000000000000000000000000000000011111000100010000000000000000000000000000000000000000000000000000000000000100000000000000000000000010111000000000010010000000000000000000000000000000011000000000000000001000100000000000000
000000011110000110000000000000000000000011001100000011101001010000000000000000000000000000000110000000000011010111100000000101010000000000000000000000000010000000000010000000000011000000000001000000000000000001001000000000110001000000000000
000001001010000000000000000000000000000100001101000000000001000110000000000000000000000000001000000000000011010111111000001111011000000000000000000000000101000000000000000000000101000000000010100000000000000000110100000001000010000000000010
100001110100000000000001000000000000001010001001000000000001110000000000000000000000000000001001100000000000000001111000001100010000000000000000000000000100110000000001001000000000000000000000010000001000000000000000011011100000000000110100
000010001110000000000001000000000000010000110000000000000000101000000000010000000000000000000000010000000011111100000010000001100000000000000000000000000001110000000101010000000111000000000010010000110100000000110110111111111000000000010100
000000000000000000000000000000000000000011000000000000000000101000000000101000000000000000010000010000000011000110010000001011010101000000000000000000000000000000000001000000000101000000000000010000110101000001001011011101000000000000110000
010000110010000000000000000000000000100011000000000000000000001100000000101000000000100000100000010000000000000001000010010110011010000000000000000000000001110000000101000000000000000000000001001000011011000000000000011011000000000000010000
100000001100000000000000000000000000000001100000000000000000101000000000010000000001010000010000100000000000000000010100001100011000000000000000000000000001101100000000001100001110000000000010001000001110000010001000000100000000000000000000
110000000000000000000000000000100000001101011000000000001100111000000000000000000000110000010000000000011100000000110000000000000000001100000000000000000000001100000000001100000100000000000000000000010100000001000000111100100000000000000000
110000000000000000011100000001010000000110000000010000000011000000010000000000000000000000001001100000000000000000110000000000000000001110000000000000000000001000000000000000010010011100000001000100011000000010001000010011100000000000001100
110000000000000110010010000000100000000001100000001100000001000100000010000001010000000000000001010000000000010011011000001100000000001010110000000000000000000000000001110000010111101100000000110000000000000010000000000000000000000000001100
100000000000000011100001000000000000000001000000100100000001000000000001000110011000000000000000111000000001110011011000011100000010001001010000000000000000000000000010001000001011110000000000000000000000001001000000000000001100000000011010
001000000000000001100000010000000001100000000001111000000000011000000000100110011100000000000000011000000001100001000001101100001011010000100000000000000000000000001000001000000000000000100000000000000000000000000000000000011110011000000001
101000000000101000000000100001000010010000000000100000000000001110001010000110011000000000000000000000000010001111011000001000001111010000000000000000000000000000100000110000000000000001010000000000000000000000000000000000100000011100100000
110000000001001000010000101101000000000000000110100000000000000000000000000001010000000000000000000001110001111110000100010000000111000000000000000000000000000000100010000000000000000011011000000000000000011100000000000000100110000001100000
010000000001010000001110000101000000010000000010100000000000000000011000000000000001100000000111000111110000111100101101000000001010110000000000000000000000000001000001000000000000000001010000000001100000000000000001100000111101010001001100
011000000011100010000000001000000010101000000001000000000000000000010000000000000010010000000110101101000000000000000001000000001010000000000000000000000000000000110011000100000000000001010000000010010000000000000000010000001100011111000000
011000000001100011000000101100000001101000000000000110000000000000111000000000000000000000000001111111000000000000000000000000000010000000000000000000000000000000110001001110000000000001010000000001100000000000001000010000000001111101110000
001111110000110000100001001000001111110000000000001011101000000000011000001000000001110000000000101110101110000000000100000000000000000001100000000001110000000000000110001001000000000001110000000000000000000011100101100000000011100001110000
000100001000011100110011000000010111000000000000000010111000010000001100001000001100000000000010011101100110000000110001100000000000000010100000000000000000000000000000000111000000000000000000000000000000011000001000000000000000000000000000
001000001000010010110001000100100000100000100000000101100000111000011100000000001100000000000100000000100000000000000100010000000000000010110000000000000000000000000000000010001101100000000000000000000000010000000000000000000010000000001000
000100001000000000100000100010100001000001110000000011100000111000010100000000000000000000000100110000011100000000000001100000100001100110100000011000000000000000000000000000000101000000000000000000000000001000000000000000000100000000011000
100011110000001010101011000010100011000011011000000110000000100000001100000000000000000000000001110000011000000000000000000011001100110010100001111100000000000010000000000000000010000000000000000000000000000111000000000000011000000000101000
000000000000000100011110011011111010000001110000000101000110000000011000000000000000000000000000000000001000000000000000010011100110110011000001000010000000011011100000000000000000000000000000000000000000000000000000000000110000000011110000
001000000000000000001110000000000100000000100000001010000110010011111000000000000000000000000000000000000000000000000000001011100100100000000001111110000000100000010000000000000000001000000000000000000000000000000000000001110000001101110001
110000000000000000000000000010011010000000000000100000000100001000110000000000000000000000000010000000000000000000000001000000000010100000000010001100000000100000001000000000000010010100000000000110000000000000000000000011100000000100110001
000000000000000000000000000000100100000000000000100000001000010000001000000000000011000000000001000000001000000000001110000011000100000000000111000000000000010000000110000001101010000010000000001001100000000000000000000101000000000010110010
111101000000000000000000000000000111000000000000000000011000010110001000000000000011000000000011000000011100000000000000000101101001111000000000000110000000000111000000000001101000011010000000000110110000000000000000000110000000000001100001
001101100000000000000000000000001001100000000000000000110000011100100100000011000000000000000110000000011010000000000000001101000010100100001110000111000000000000010100000000000000000100000000000110010000000000000010000000000000000000000011
110010100000000000000000000000001010011000000000000000010000000000010001000001110000011000000000000000000110000000000000110100110010100010001110011011011000000010000000000000000001000000000000000001100000000000000101000000000000000000001100
100000000000000000000000000000001000010000110000000000011100001000001001110001101000011000000000000000000000000000000000110000001100000010000010011101001000000100000000001000000011100000000000000000100000110000001000100000000000000000001111
000100000000000000000000000000000010100000110000000000001100001110000000001000100100000000000000000110000000000000000000000101111000001010001110011101000000000111000000001000000110110000000000000000100001001000000000000000000000000000010001
010100000000000000000000000000000000000000000000000000001000000010000100111000011000000000000000001101000000000000000000010011110110001100000110010110010000000000000000001000000000000000000000000010010101000100000010001010000000111000010010
010000000000000000000000000000000100010000000000000000001000010110001110100100000000000000000000100101000000000000000000000011000110000000000000000010010000000000000000000000000000000001110000000010010101001000000001001000010010000100000010
000000000000010100000111000000000011111100000000000000010100011000001100001110000000000000000001100010000000000011100000011000110001000000000000000011100000000000000000000110000001100011001000000001101100110000000001000000010100001100001000
000000000000001000010000000000000000001110000000000000001100010000011000000001000000000000000001010010010000000011010000100000011111000000000000000000000000000000000000000000001001110000010000000000000111000000000000110000001010100000000101
000000000000011000100001000000000000010011000000000000000000000000001100001001000000000000000000111100000000000000001110000011111110000000000000000000000000000000000000001110001000111011100000000000000011000000000000110100000000010000000000
000000010000011000100010000000100000011000100000000000000000000000000100000010000000000000000000011100001000000000000110000001000000000000000000000000000000000000000001110000000100001101000000000000000000000000000000100100000000001100001000
000001101000011000101100000001010000000000110000000000000000001110000000000000000000000000000000000000000000000000000010001101100000000000000000000000000000111010000001000001000011110000000000000000000000000000000000000101000001100001010010
000110001000000000000011000011010000000001000000000000000011110010000000000000000000000000000000000000001000000000000000001101100010000000000000000000000001100101100010100010100000100000000000000000000000000000000001010101000111100001110001
001001110000000000000001000001010110000000000000000000000010010000000000000000000000010000110000000000000000000000000001001011100110000000000000000000000010011000000001000010100000000000000000000000000000000000000000110010000000000000001010
000110000000000000111110000000000010000000000000000000000011000000000000000000000000101101101000000000100000000000000001101011101000000000000000000000000011100000000001000001000000000000000100000000000000000000000000010110000000010000000000
000000000000000000011100000000100100000000011000000000000000100100110000000010000001000000001000000000011010000000000001110100011000000000000000000000000000000000000000000000000000000000011000000000100000000000000000000100000000101000000000
000000000000000000001000000000011100000000011000000000000000111000110011001010000000101101110000000000000011000000000000100000011100000000000000000000000011100000000000000000000000000000001100000001110000000000000000000000000001101100000000
000000000000000000000000000000000000000000000000000000000000000000000011000110000000010000110000000000000000001000000000000000011100000000000000000000000000000000000001000100000000000000000000000001110000000000000000000000000001101100000000
000000000000000000000000011100000000000000000000000000000000000000000000000000000000000000000001110000000000010100000000000000001000000000100000000000000000000000000001100000000000000000000000000010000000000000000000000000000001100000000000
000000000000000000000000100001000000000000000000000000000000000000000000000000000000000000000000000000000000100010000000000000110100000001010000000000000000000000000001001100000011100000000000000010100000000000000010000000000001110000000000
000000000000000000000001000000000000000000000000000000001000000000000000000000000000000000000100100000000000010010000000000000110100000000110000000000000000000000011000010000000000100000000000001100000000000000001111000000000000110000000000
000000000000000000000001000000011000000000000000000000010100000000000000000000110000000000000000100000000000000100000000000000011000000000000000000000001100000000110000000000000000000000000000001010000000000000001000000000000000000000000000
000000000000000000000000111111000000000000000000000000001000000000000000000000110000000011000000010000000000001110000000000000000000001110000000000010001110000000010110000000001001000000000000010010000000000000000001100000000000000000000000
000000000000000000000000100010111000000000111000000000000000000000000000000000000000100100101000010000001110001100000000000000000000001010000000000110001010000000001110000000000100110000000000001011000000000000000000000000000000000011000000
000000000110000000000000000011000000000000101000000000000000000000000000000000000000011010000100000000000000100110000000000000000000001001000000000000000110000000000000000000000111011000000000000101000000000000000000000000000000100011000000
000011001001100000000000100011000000000000101101100000000000000000000000000000000000100001011000000000110001100000000000000000000000000011000000000000000000000000000000000000000011111000000000000000000000000000011000000000000000010000000000
000011101101100000000000011110010000000000010101101000000000000000000000000000000000000001011110001000011111000000000000000000000000000010000000000000000000000000000000001100000000000000000000000000000000000000001000000110000000100000000000
000000111000110100000000000001111000000001010110011110000000000000000000000000000010000001110111101100000000000000000000000000000000000000000010000000000110000000000000000101000000000000000000000000000000000000000000011010000000000000000000
000000110100000110111000000100001000000010110110100111000000000000000000000000000101000000101000000101000000000000000000000010000001000000000011000000000110000000000000000010000001100000000000000101000000000000000000100011000000000000000000
000011000110001000000110000000010000000010100000011111000000000000000000000000001000100000000000000001000000000000110000000011000101000000000100100000001001000000000000000000010001001000000000000000100000000000110001100110000000000000000000
000100000100000100010110010101110110000001000000010100000000000000000000000001001000000000000011100000000111000001001000000000000000000000000011000000010110000001000000000000101100001000000000000100010000000000010000010000000000000000000000
000100011000001101000110000000001110000000000100000100000000000000000000000001101101000100010001000000000111100001010000000001001000100000000010001100010110000010100000000000100011000000000000000001010000000110000000000000000000000000000101
100001011000000101000110001100011010000000000010101100000000000000000000000001101010000000010000100101000001100000100000000110001001010000001010010100001000000001100001100000001000011000000000000000100000000100100000100000000000000000000100
000001110000000001000011000010011011000000000000000000000000000000000000000000010001000100010000000101100000000000111000000100101111010000001110100010000000000000000000110000010001100000000000000000000000000111100011100000000011000000000101
000001100000011101000000011000010111000000110000000000000000000000000000000000110011011000000000001101100000000011111100000100000011110000010011000110000000000000001001011000110001000000011100000001000011111011000011000000000100100000000000
000000010001111000100000001010011000000000000000000000000000000000000000000000010100000000000000000000000001000110101100000000011000000000010000000100000000110000001011110000010000000000101000000000100010110100000000110000001101100011100000
000000000111100011100000000010011000000000000000000000000000000000000000000000110011000000000011100000001110000000100011000000010110000000011100011000100011011111001000110000011000000000100011000100010010010000000000010000000101100100111000
000000000100010001100000000000000000000000000010000000000000000000000000000000000110000000000001100000001110001101011110000000100010000000000000011001110011010100100011000000001000000000110010001001010000000000000000000000001100000111000100
000000000100010001000000000000000000000101000000000000000000000000010000000000101000000000000000100000000000001100011001000011000010000000000000000000000110000101100011000000000000000000000000000000111000000000000000000000100000000000011010
000000000011010000000000000000000000010011000000000000000000000001101000000000100011000000000000000000000000000101100000001101100000000110000000011100111010001100000000000000100000000000001100110010110000000000000000000000000000000000100010
000000100001100000000000000000000000000001111000000010000010111010110000000000001000011000000000000000000000000010100000011101100000000110000000000000011110000110010000100001010000000000000000100000010001110000000000000000000000000100001010
000000110000000000000000000000000000000000011000000100000110111110100000000000001000000100000000000000000011000000000000010000000000000000000000000000001100000000011110110001100000000000000000110010001000110000000000000000000000000100001000
000000110000010000000000000000000000010000000010000111001100101111000000000000000010000000011000000001100010100001010000110110000000000000000000000000000110000000111110011000000000000000000000000000100000010000000000000000000001001101100000
000000000000011000000000000000000000001001001010000000000010111000001110001100000000010000011000000010010001000001000000010100000110000100000000000000011110000000000000000000000000000000000000000000111000000000000000000000000001100000000000
000000000010011000000000000000000110100001100100000000000000101100001000000000000000011000100100000010100000000011000000001000000111011010000000000000111111000000000000000000000000000000000010000000000000000000000000000000000001000010000000
000000000110110000000000000000000010000001000000100000000000000100000000000000001000001111101000000001000000000000000000000000001000100001000000000001000000000100000010000000000000000000000010000000000011011101000000000000000000110100000000
000000000010100000000000000000000001100010000001110000000000000000000000100000010110000100000000000000000000100000000000000000000111011001100000000000110000111011001001000000000000000000000010000000000000011100110000000000000000000000000000
000000000001000000000000000000000001101111100011000100000000000000001110110000110110001000000000000000000011100000000000000100000110101001000000000000010000000000011010000000001100000000000000000000000010001100100000000000000000000000000000
000000000000000000000000000000000000010011011001001000000000001100000001001100011000111010111100000010000101000000000000000100000010100101000000000000000000000001001000000000001100000000110000001010000000000101100000000000000000000000000000
000000000000110000000000000000000000000011001000110000000000000000011110000010010101100001100010000101000100000000000000000100000010100000000000000000000000000000110000000000000000000000110000000100000000001001000000000000000000000000000001
000000000101101000000000000000000000000000010000010000000000000000011000010010010000100101000001000000000111000000000000000000000100101000000100000000000000000000100000000000000000000000000000000000000000000101000000000111000000000000000001
100000000111000000000000000000000000000000011000000000000000000000100000000011101011000100100000000010000000000000000000000000000010111100000100000000000000000000000000000000000000000000111000000000011000000000000000000111000000000000000010
000000000000010010000000000000010001110000011001110000100000000000100000000001111010100100011000011000000000000000000000000000001000000110000100000000000000000000000000000000000000000001111110000000010010000000000000000101100000000000000001
000000000000000000000000000000101101111010010001000000011000000000000000000001000000101000001010000100000000000000000100000000000100111100000000000000000000000000000000000000000000000001000010000000001110000000000000001101100000000000000001
000000000000001001000000000000101100000110000001000100110000000000000000000011000000010000011011000000000001100000000100000000000010101100000000000000000000000000000000000001100000000000111000000011011110000001111100000101101100000000000000
000000000000001001000000000000010001100010000000100001100000000000000000000000000000000000011011000000000000000000000100000000000000011100000011000000010000000000000000000011110000000000011100000001100000000011101100000011110010000000000000
000000011000001000000000000000000110100010000000000001000000000000000000000000000000000000010011000000011111100000000000000000000000000100001000100000111000000000000000000110011000000000000000000000100000000011010110000000100010000000000000
000000100100000011000000000000001011100100000000001001000000000000000000110000000000000000010010000000010000100000000000000000000000001100011000100000000100000000000000000111100000000001000000000000000000000001010000000000100001000011000000
000000011000000110000000000000001110100100000000001011011000000000000001101000000000000000000000000000011010100000000000000000000000000110000110100000011000000000000000000010101111111110100000000111000001100000000010000000101100011000010000
000000000000000000000000000000010100000000000000000110111000000010000000011100000000000000100001000000000000100000000000000000000001000000000001110000000000000000001100000000000000000000010000000111000011000000111100000000011101001000010000
000000000000000000000000000000011001001000000000000000011100000101100000000110000000000010000001010000000000100000000000000001100010100000000001110000000000000000001100001010100111000100000000000011111110000000000000000110000000000111010000
110000000000000000000000000000000000100000000000000000000100001101100000010100000000000100010000101000000001000000000000000100010000000000000010101100000000100000000000000010111111101100000000000000001000000000000001100000000000011000000001
001100000000000000000000000000000001000000000000000000000100000111000000101000000000000100010110000000100110100000000000000100010000000000000100100000000001100000000000000000001000000000110000000000001000000000000010010110000000000000000100
000010000000000000000000000000000011000000000000000000001100000010000000000000000000000100111100000001011100111001000000101101000010010000000010100000000110000000000000001000001110101100000000000000000000000000000000000000110000000000000100
000000000100000000000000000000001010000000000000000001000100000000000000111000100000000110110000000000111101111001100001010000000010010000000001000000001011000000000000010000000000101000000000000000000110000000000000000010110000100000000101
011100000010000000000000000000001010000000000000000000111100000000011000100100010000000100010000000010100010000001100000100001110000110000000000000000000001010000000000000000000010100000000000000000001000000000000100000011010000100000000110
000000000110000000000000000000000000000000110000000001110000000000111000001100010000000000000000010010100001101000000000000100000000000000000000000000000011101000000000001000000001000000000000000000001001000000000111110000000000000000000110
000000011100000000000000000000000000000001111000000010100001100000111000101000000000000000000001001010100000001001010000000100100000000000000000000000001100101000000000011011100000000000000000000000110001000011101100000000000000000000100110
000000110000000000000000000000000000000010010000000010100010000000000011100100100000000000000001001011000000000000000000000101000000000000000000000111000000010000000000010000000000000000000000000001001011111100011000000000000000001000011000
000001110000110000000000000000000011010011001100000100000010001000000000110001000000110000000000000010000000000001101100000000000000000000000000001000100000000000000000001100100000000000000000011001000111111011001100000000000000000000000000
000000000000110000000000000000000000111010001100001110110010001000000000011110000000011000000000110011000000000010001100000000000000000000000000010000010000000000000000000111000000000110000000011001000000100001101000000000000000000000000000
000000000000000000111000000000000011000100000000001111110000101000000000001000000000011000000000010011000000000000000000000000000000000000000000010000010000000000000000000000000000000110000000000000100001100000110000000000000000000000000000
000000000000000000000000000000000000110110010000000000000000101000000000000000000000110000000000001010000000000011000100000000000000000000000000010000010000000000000000000000000000000000000000000000000001100000000000000000000000000000000000
000000000000011010011000000000000001000100000100000000000010101100000000000000000000100000110000000100000000000011011000000000000000000000000000001000100000000000000000000000000000000000000000000000001110000000000000000000000000000000000000
000000000000100100000000000100000000001101000000000000000011000100000000000000000000000001011000000000000000000000110000000000000000000000000000000111000000000000000000000000000000000000000000000000000000001000000001000000000000000000000000
000000000000011100000000000000000000001101000000000000000010000000000000000000000000000001000100000000000000010000000000000000000000101000000000000000000000000000001110001110011000000000000000000000000010110100000010100000000000000011000000
000000000000010010000100010000000000001001000001100000100011000000000000000000000000000000000100000000000000111000110000000000000000000000000000000000000000000000001000000000001100000000000000000000000111000000000010100000000000000011000000
000000000000000010010010011000000100001000000110010001000010000000000000000000000000000000100010000000000001000000010000000000000000101000001110000000000000000000000010000000011111000000000000000000000100000100000001000000000000000000000000
001100000000000000100010100000001010001010000100000000100000000000000000000011100000000000001010000000000000111111001000000000001101110000001111000000000000000000000000001101000111110000000000000000000000000000000000000000000000000000000000
010100000000001000110010011000001000001010000110110000010000000000000000000100010000000000000100000000000000011111101100000000001000100000010011100000000000000000000000001000000100010000000000000000000001110000110000000110000000000000000000
011110110000000100000010100000000110000100000001000000000011000000000000001000001000000000000000000000000000000000001000000000000100000000011100100000110000000000000000001000011110000000000001100000000001000001001000001001000000000000000000
011010101000000000000011100000000000000000000000000000000010100000000000010001000100000000000000000000000000000000011000000000000011100000001001000000110000000000000000001101001100010000000001100000000111000000110000000110000000000000000000
011010100000000000000000000000000000000000000000000000000000000000000000010010100100000000000000000000000000000001010011011000000000000000000101000000000000000000000000001101100000100000000000000010100000100000000000000000000000000000001000
001000000000000000000000000000000000000000000000000000000001110000000000010001000100000000000000011000000010000001110011101000000000000000000000000000000000000000000000001001101000000000000000000010000101100000000001000000000000000000010001
011100000000000000000000000000000000000000000000000000011000110000000000001000001000000000000000110100000110000000000000111000000000000000000000000000000000000000000000000111110100000000000000000010000000000000000010100000000000000000000001
000100000000000000000000000000000000000000000000000000010110000000011000000100010000000000000000100100001101000110000000010000000000000000011000000000000000000000000001100010000010000000000000000001011011000000000010100000000000000100000000
101010000000000000000000000000000000000000000000000000111110001000010000100011100000000000000000010001111011011101000010000000000000000000010000000000000000000000000010000000010010000000000000000000100010000000000001000000000000000101000000
111010000000000000000000000000000000000000000000000000000101000110011111010000000000011000000000000100011011011110000010010001000000000000000000000000000000000000000001001000010100000000000000000000000000000000000000000000101000000100000000
001100000000000110000000000111000000000000000000000000101000101110001101011000000000100100000000001000000001000000000001000010100000000000000000000000000000100000000000111000001000000000000000000000000000000000000000000001100000000011100000
000000000000001001000000000100000000000000000000000000010010000000000011011000000000011000000000000100011011000000000000101111000000000001000000000000000000010000110000111000000000000000000000000000000000000000000000000010000100000001000000
000000000000000101000000001001100000000000011000000000100001100000100011010000000000000000000000000011110000000000000000100110000000000000100000000000000001100000101000000000000000000000000000000000000000011000011000000001100000000000000000
000000000000000010000000011100000000000000010110000001110011000001101011010000000000000000000000000011100000000000000000001110000001010000100000000000000001010000010000000000000000000000000001101100000100100100010000000001001011000000000000
000000000000000000000000100000000000000000000010000000000001100001100100010000000000000000000000000000000000000000000000000001110000100000000000000000000001111000000000000000001011000000000010001010000110100010111000000000100011000000000000
000000000000000000000000010100000000000000001001000001010011000000010101001000000000001100011000000000000000000000000000000000110010010000000000000000000001100100000001010000000110000000000001000000000010010110110000000000011100011100000000
000000000000000000000000001100000000000000001010000110010000000000001010000000000000010100011110000000000000000000000000000001000000100000000000000000000010001000000001001000000000000010000001010001000011001101001100000000001000101100000000
000000011110000000000000000001000000000000001000000100101100000000000001110000000000010001001001000000000000000000000000000001110001000000110000000000000000010000000001001000000000000101000000100010000001100101111100000000000001101010000000
000000100001000000000000110001000000000000010011100011101000000000000000000000000000011000100001000000000000000000000000000000000000000001010000100000000100000000000000110000000000000010000000011100000000111111100000000000000000111011000100
000000111101000000000001101000000000000000001000110000110001000000000000000110000000000000100010000000000000000000000000000000000000000001000000110000000000000000000000000000000000000000000000011000000000001000101110000000001000011110001001
000000000001000000000110001100000000001000000100011000001100100000011000000110000000000001000000000000000000000000000000000000000000000000000001001000000100000011000000000000000000000000000000011000000000000000111110000000000100000100001001
000000000000000000000000000000000000010100000000111100000101000000011000011100000010000000000000000000000000000000000000000000000000000001001000011000001100000100100000000000000000000000000000100100000011100001001000000000011100000000001101
000000000000000000001001000000000000000000000010001101000011000001010000010000000101000000001000000000000000000000000000000000000000000000110000010000000011010011000110000000000000000000000001100000000000010000110000000000011100000000000000
001110110000000000001110000000000000001010001100010001100000010000000000001000000101000000001100000000000000000000000000000000000000000000000001010000100000100000001001000000000000000000000011100000001010001000000000000000000110000000000000
001000110001100000000000000000000000000110001111000101000000001110000000001100000010000000000010000000111000000000000000000000000000000000000000100001010000100011000110000000000000000000000000000000011000001000000000000000001100000000000000
000011100000110000000000000000000000000110000000011110000000011011110000001100000000000000001110000000100000000000000000000110000000000000001111000001001000000100100000000000000000000000000000001100001100110000001001000000001101100000000000
101011000111010000000000000000000000000000000000011000000000000001111000011000000000000000000100000000111000000000000000001110000000000000000000000000110000000011000000000000000000000000000000101000000111010000100000100000000001000110000000
100100000010110100000000000000000000000000000000000000000000000000000111110000000000000000100000000000000000000000000000110100000000000000001100000000000000000000000000000000000000000000000011011000000011100000100000000000000001100000000000
111000000101000100000010010000000000000000000000100000000000000000000011100000000000000000100000000000010000000000000000011000000000000000000000000000000000000000000000000001100000000000011011010000000001000000000000000000000000000000000000
000000000001111000000000011000000000000000000000010000000000000000000010000000000000000000000000000000011100000000000000001000000000000000000000000000000000000000000000000010010000000000010110100000000000000000000000000000000000000000000000
000000000001110000000011001000000000000000000001010000000000000000000000000000000000000000000000000000000111001110000000000000000010000001100000000000000000000100000000000001100000000000010100000000000000000000010000000000000001001101000000
000000000000000001110000110000000000000000000001100110000000000100001100000000000000000000000000000000000110011010000000000000000001000001100000000000000000001010000000000000000000000000011100000000000000000000000010000000000001001011000000
000000000000000001000000001010000000000000000000011110000000000010000101000001100000000000001110000000000000000010000000000000110000100000100000000000000000010010000000000000000000000000111000000000011000000001100000000000000000000111000000
000000000000000000000000000001000000000000000000100000000000001001001000100000000000000000000000000000000000100000000000000000110101000000111000000000000000010010011100011000000000000001001001000000111100000010000000000000000100000000000000
000000000000000000000000000001100000000000000000100000000000001010001000101100000000000000000000000000000001001000010000000000011000000001000000000000000000011011100100100100000000000000000001000001000010000000100100000000000110000000000000
000000000111000000110100000001110000000000000000000000000000000100000101000000000000000000000000000000000000101101101000000000000000000000001000000001100000011011110000101100000000000110100001100000110110000000111000001100000100000000000000
000000001111100000000110000000000000000000000000000000000000000000000010010000000001110000000000000000000000001010000100000000010000000000001000000011000000000011000000001000000000000110110000000000000000000000000000001010000011000000000000
000000001111011000001100000000000000000000000000000011000000000000000000000100000001110000000000000000000011000101110110000000110000000000000000000100000000010010100010001100000000000000111000000010000000000000000000000100000011000000000000
000000001000000100000000000000000000000000000000000101000000000000000001000100000001001000000000000001000111011000001001000000110000000000000110011010000000010111000100110000000000000000000100000101000000000000000000000000000000000000111000
000000000000100100000000000000000000000000000000000100100000000000000010000000000000000000000011000011100010000000001000000000000000000010000011011010010000000001110111000000000000000000001110000100100000000000000000000000000000000001101100
000000000010001100100000000000000000000000000000001001000000000000000100000000000010000100000011000011001100000000001000000000000000000011100000000100110000000111000000000000000000101100000000000000000000110000000001100000000000000000011100
000000000001010001010000000000000000000000000000111000000000000000001000110000000100001000000001000111111100001110110001000001110011000011100000000000000000000100100001000000000001010110000000000011010001001000000001000000000000000000000000
000000000000010000010000000000000000000000000000000001001100000000000000100000000010000000000000000100000000000000100100011101110011100000000000000000000000000000100001000000000001100110000000000010011000001000000011011000000000000000000000
000000000011100001100000000000000000000000000000100000010100000000000111000000000000000000000000000000000000000000011100000001001010011000000111000000000000000000001100000000001101101000000000000011001110110100000110101100000000000000000111
000000000011000001010000000000000000000000000000011110001000000000000000000000100000000000000000000000000000000000000000000000000000100110000111000000000001000000000000000000010111001000000000000000000111000100011010000000000000000000001011
000000000011000001110000000000000000000000000000000000000000000000000000000000111000000000000000000000000000000000000000000000010000111011001010001000000110100000000000000000110100111000000000000000000000000110111000010000000101000000001100
000000000001000010101000000000000000000000000000000000000000000000000000000000100100000000000000000000000000000000000000100000000000010111011100011100001111000000000000000000100100100000000000000000000000011101100000000000001000100000000000
000000000000000010010000000000000000000000000000000000000000000001101110000000011000000000000000000010000000000000000000100001000000001011101100000010001000000010000000000001000110000000000000001100000000010011000000000000011000100000000000
000000000000000001000000000000000000000000000000000000000000000001010010000000000000000000000000000101000000000011100000000001111000001110100000010011001000000001000000000000000000000000000000001100010000011100000000000000010011000000000000
000000000000000000000000000000111000000000000000000000001110000001111100000000000000000000000000001000101000000101100000011000001000000110110000000010001000000101011100000011001000000000000000000000101000011100000000000000001000000000000000
000000000000000000000000000000000000000000000000001100000001000000000000000000100000000000000000001001001100010101011000011011111000000010001110000000010110000111000000000101100000000000000000000000011000000000001000000000011100110000000000
000000000000000011000000000000000000000011000000010010100000100000000000000001010000000000000000000110100100100000111100000000100000000011111011000000010010000010000000000100000000000000000000000000000000100000010010000000011011111100000000
000000000000000100100000000000000000100000100000001000000101000000000000000001010000000000000000000110111000110000011000000000000000000000000111000000100010000110100000000000000000000000000000000000000000100010000110000000011000000010011000
000000000000000011000000000000000010000000010000001000010001010110000000000000100000000000000000000000010000010000010000000000000000000000000011100000100100001100100000000111000000000000000000000000000000010100000011000000001000001000001000
000000000000000000000000000000000010000001100000000001100001011110000000000000000000000000011000000000000000010000100000000000000000000000000000000000011000011111000010000010000000000000000000000000000000011000000110000000100000000000110000
000000000000000000000000000000000100000110000000000101000001010000000000000000000000000000100100000000000000000001000110100000000000000000000100100000000000010110000101000000000000000000000000000000000000000001111000100000110001000000110001
100000000000000000110000000000000010001000000000001010000001010111000000000000001100000000011000000000000010001001001011010000000000100000000111000000000000000100000100010000000000010000000000000000000000000001110101110000110001001110001000
000000000000000001001000000000000000000000000000010010000011000000100000000000010010000000000000110000000111000010001001110000000001011000000000000011100000111100000100110000000001101100000000000000000000111000000100001000111100101100000001
000000000000000000110000000001000000000000000000010001001001100000010000000000001100000000000001001000000100010001000100110000000000000000000001110011001010001000000000000000000000101100000011000000000001101110000100100100110011001010010001
000000000000000000000000000110110000000000000000010011101001100001000000000000000000000000000001001000000011011010100001000000000011110001000101000001100111100000011110110011000100110000000011000000000011100100001000100100000000000100001100
000000000000000000000000000000000000000000000000011000001000000000000100000000000000000000000001101100000010000110110000000000000011000000011001111110000101100000011000110100000111000000000000000000000001100010110000011000111000000000000000
001110000000000000000000000100010000000000000000001101100000000000000010011000000000000000000000011000010101010010110000000000000101100110000000001110111000000000000111000000001001000000000000001100110000110100000000000000000000000000000000
000001000000001100000000000011100000000000000000011111010000010000010110011000000000000000000000000001101110011100110000000000001001111111110000000000110000001100000011000000000110000000000000011100111000010111100000000000000000010100000000
001000100000010011000000000000000000000100000000110000000100010110000011100000000000000000000000000000001100000000000000000000000100000001110000000000000000010011000000000000000110000000000000001010101100010001100000000000000000010100000000
000101100000001001000000000000000000001110000000110000000000001110000001000010100000000000000000000000000000000000000000000000000000000000000000000000000000110000000000000000000000000000000000000000001000001101100000000000000000100100000000
010000000000000100100000000000000000011111000000000000000000000110000001000010100000000000111000011100000000000000000000000000000000001000000000000000000000011011000001010000000000000000000000000000010000000010000000000011100000110000000000
101000000000000010011000000000000000000001100000000000000000001000000001110001000000000000101000100100000000011010000000000000000000010100000000000000000000000001000011011000000000000011100000000000000000000011000000000001000000110011000000
000100000000000000011100000000000000011001100000000000000000001010000001110000000000000001100110100010000000001100000000000000000000010010000000000000000000000000011101000100000000000000000000000000000000000011000000001101000000000000000001