100001100000000000000000101100001000010100000000000000000000110000000101000000000000001000000010100000000000001100100000000000000000001000100000001111000000000000001110111100000000000000001100000000000000000011000000000100000000001101010000
110001010000000000000001011000000000001000000000000000000001001000000011000000000000001000000000011011000000000011000000001100000000000111000000010000100000000000001101010000000000000000001100000000000000000000000000000100000000001110111001
110000000000000000000100010110010110000000000000000000000001000000000001011100000000000000000000000100000000000000000000010010000000000111000000001100010000000000000000000000000000000000000000000000000000000000000000000000000000010001100001
000000000000000000000000100010010010001000000000000000000000000100000000010010000000000000000000000000000000000000000000000110000000000000000000000110100000000000000000000000000000000000000000000000000000000000000000000000000000000111100000
000010000000000100000100100000001010001100000000000000000100100000000000001100000000000000100000000000000000000000001110010110000000000000000000000100000000000000011000000000000000000000000000000000000000000000000000000010000000000111000000
000001000000000010001000001000000000010010000000100000001010010010000000000000000000000001111000000000000000000110001000001100000000000000000000010110000001100000011000000110000000000011000000000000000000000000000001111000010000000000000000
000010000000000011000011100000100100001110000001100000010001001110000000000000000001100001100100000000000000000110000010010100000000000000000000100000000001100000000000100001100000000011000000000000000000000000000010111000010000000000000000
000011000000000111111000000011000100000001000011000001010010000000000000000000000010010000010000000000000000000000010000000100000000000000000000000000000000000000000001100000100000000001001000000001110000000000000111000000010000000000000000
000011000000000110110000110001101101100001100010000011000100000000000000000000000010100000001010000000000000000000100011001000000000000000000000001001000000000000000011100110000000000000000111000001110110000000110111001000000000000000000110
000100000000000110000101100001101110001001001110000111000000000000000000000000000001000000011010000000000000000000010011011100000000000000000000000010000000000000000000000000000000000000100011000001100000000000110010000100000000000000001001
000010110000000010000110001001010100000100000000000000000000000000000000000000000000000000000000000000000000000000000001111000000000000000000000000000000000000000000000101000010011000000010000000011100000000000000001000000000000000000001011
000001110000000001100000001000000100111100000000000000000000001000000000000000000000011001100000010100000000000000000000001000000000000000011000000000000000000000000000100100101001100000011011000001010000000000000000000000000000000000110011
100000010100000010010000000111000000111100000000000000000000011100000000000000000000100001100000000100000000000000000111101000000000000001011000111100000000000000001100101011111100000001110011000000110000000000000000100000000000000000001100
011100011100000110110000000000000100000000000000000000000000011010000000000000001010011001100001000010000000000000001110001000000000000110000000100100000110000000011110000101000100100001001010000000000000000000000000100000000000000000000100
001100001100000000101000011000000110100000000000000000000000110011000000000000000000000001000000101110000000000000011000000110000001000001000001000100000111000000001010000010000010100000111100000000000000000000000001010000000000000000000010
110000010000010000100000010100010001100011100000000000000000011111000000000000000000000000000000000000000000000000001011000111100011011000000000101000001010000000000000000000000001011000001000000000000000000000000000100000000000000000000000
000000000000110111000000001000111000000000000000000000000000011101110000000000001110000000111000000000000000000000000111000011100100000100000001011000001100000000000000000000000001000100000000000000000000000000000000100000000000000000000000
000010001110000000000000000011010100000000000000000000000000000000110000000000000000000000001000000000000000000000000010001000000011100100000001010000000000000000000000000000000010011000000000000000000000000000000000000000000000000000000000
000010001111100001100000000011101110000000001000000000000000000000000000000000000000000000000000000000000000000000000000000100000110110100000001010000000000000100000000000000000001000000000000000000000011100000000000000000000000000000000000
000010001001010001100111000001010100000000010100110000000000000000000000000000000000000000000001100000000000000011100011000000000000000101000111000000000000001110000000000000000000000000000000000000000001100000000000000000000000000000000000
000000001100011000000000000000111000000000010100110000000000000000000000000000000110000000000001000000000000000010000011100011000000000011001110000000000000010011000000000000000000000000000000000000000100000000000000000000000000000000000000
000000000101010000000000000000010000000000001000000000000000000000011000000000011011000000010110001010000000000010100101000010000000000000001000000000001000100100100000000000000000000000000000000000001000010000000000000000000000000000000000
000000000010000000000000000000000000000000000000000000000000000000100100000000010010000000001011111110000000000001100101000001000000000000000000000000110110010100110000000000000000011000000000000000001101010000000000000000000000000000000000
000000000000000000000000000000000000000000000000000000000000000000101000000000010010000000001100000010001100000000000100100000000000000000000000000000001000000110100000000110000000011000000000000001001110100000000000000000000000000000000000
000000011000000000000000000000000000000000000000000000000000000000010000000000001100001001000010001100010010000000000000000000000000000000000000000000000110000100000000000110000000000000000000000011001000000001000000000000000000000000000000
000000011000000000000000000000000000000000000000000000000000000000000000000000000000010000100010000100010011000000000011100000000000000000000000001000000000000110000000000011111000000000000000000110011000000011100000000000000000001000000000
000000000000000000000000000000000000000000000000000000000000000000000000000000000000010001100000110000100110000000000001000000000000000000000000010100110100001100000000000001101000000000000000000010100000000010100000000000000000100100100000
000000000000000000000000000000000000000000000000000000000000100000000000000000000000011000010000000000111100000000000000000000000000000000000000110000100100000000000000000010110100000100000010000000110000000101000000000000000000000000100000
000000000000000000000000000000000111000000010000000000000000100000000000000000000000000001110000000000000000000001000000000000000000000000000000110000011100000000000000000011000000000100000010000001100000000010000000000000000000100000100000
000000000000000000000000000000001001000000111000000000000011001010000000000001010011110001110000000000000000000010100000000000000000001100000000100000000000000000000000000000100000000000000010000000000000000010000000000000000000011110001100
000000000000000000000000000000010000000001101100000000000011010001000000000010010100011000000000011000000000000110110000000000000000010010000000100001000000000000000000000010101000000001000000000000000000000000000000000000000000000000001000
000000000000000000000000000000110001000000111000000000000011111100000000000010000000010110000000111000000000000100100000000000000000010100000000010000100000000000000000000000100000000010100000000000000000000000000000000000000000000000000000
000000000000000000000010000001000000000000010000000000000000111110000000110011000001000110000100100100000000001101100000000000000000001000000000000000101110000000000000000111000010000000000000000000000000000000000000000000000000000000000100
000000000000000011001100000000001101100000000000000000000000010010001000110001010001100110001010011000000000000101000000000000000000000000000000001000000100000000000000000000000000000000100000000000000000000000000000000000000000000000011100
000000000000000011000110000001111100010000000000000000000000010000101100000000000101001000001100000000000000000010000000000000000000000000000000000000000000000000000000000000000001000000000000000000000000000000000000000000000000000000111000
000000000000000000000010001000001101100000000000000000000000000000011000000000001100010000000000000000000000000000001000000000000000000000000000000010000000000000000000000000001001000000000000000000000000000000000000000000000000010000000000
000000000000000000000000001000001101100000000000000000000011100000000000000000010100010000000001000000000000000000010100000000000001100000000000000110000000001100000000000000011010000000000000000000000000000001100000000000000000010000000000
011000000000000000000000000000000100000000000000000000000101111110000000000000011111000000000010100000000000000000010100000000000001100000000000000101000000001110000000000000000100000000000000000000000000000010100000000000000000010000000000
011000000000100000000000000000000110000000000000000000000100110000000000000000010000000000001111000000000000000000001000000000000000000000000000000001001000001001100000010000000000000000000000000000000000000001000000000000000000000000000100
000000110000010000000000000001100110000000000000011000000000000100000000000000000000000000001110000000000000000000000000001000000000000000000000000000111000000100111011110000000000001000000000000000000000000000000000000000000000000000010100
000000110001010000000000000000000000000000000000011000000000000000000000000000000000110000000101000000000001100000000000001000000000000000010000100000010000001000101010000110000000000100000000001000000000000000000000000000000000000000111100
000000000000100000000000111000000000000000000000000000000000000000000000000000000000110001110011110000000001100000000000001000100000000000111100000000000000001000011000011000100000000110000000011000000000000000000000000000000000000000100100
110100000000000000000001000000000000000000000000000000000000000000100000000000000000000000000000100100000000000000000000000001010000000000100000001000100000011111100111000101010000100011000000110110000000000000000000000000000000000000111011
000010000000000000000000000100000000000000011000000000000000000001000000000000000000000000000000000100000000000000000000000011011000000000010000000100011000010101001100001000000000001110000000000110000000000000000000000000000000000000100000
000010000000000000000000000001100000000000001011000000000000001010000000000000000000000000000000100101000000000000000000000011011000000101011010000100000000011000111101011001110000001010000000000110000000000000000000000000000000000100011100
010100000000000000000000011000000000000000000000100000000000001110000000000100000000000111000000000110100000000000000000000000100000001000011010001000000000001000001000100000000000000010000000000000000000000110000000000000000000001000111100
000100000000000000000000000000000000000000000000100000000000000100000000001010000000000111000001110111000000000000000000000000000001100100011000001000000000000000001011000000000001011000000000000000000000000110000000000000000000010001100011
011000000000000000000000000110001000000000000011100000011001000000000000000110000000000000000001100000000000000000000000000000000001100011010100000100000000000000001110000000000001000010110000000000000000000000000000000000000000010001100001
100101000000000000000000001000000100000000000000000000100010010000000000000000000000000000000000000000000000000000001100000000000000000000000000000000000000000000110100000000000000001010000000000000000000000000000000001100000000001000000000
111111100000000000000000000000000100000000000000000000000010010000000000000000000000000000000000000000000000000000010010000000000000000000000000000000000000000000011000000000000000001010001010000000000000000000000000001100000110000000000000
000101100000000011000000001100000110000000000000110000010000000000000000000000000000000000000000010000000000000000001100000000000000000000000000000000000000000000000000000000000001000010000000000000000000000000000000000000000110000010000100
001111100000100100100000000001011110000000000001001000001011000000000000000000000000000000000000101000000000000000000000000000000000000000000000000000000000000011000000000000000001010010001001000000000000000000000110000000000000000111111010
001111100001110010000000000000111011000000000011100000000110000000000000000000000000000000000001101100000000000000000000000000000000000000000000000010000000000010100000000000000000000001000000000000000000000000000110000000000000001011100000
110111000010010010000000000000100010000000000001100000000000000000000000000000000000000000000000100100000000000000000000000000011000000000000000000101000000000000100000000000000000000000011000100000000000000000000110000000000001110000000000
100010000011011000001011000000001110000000000000000010001100000000000000000011000000000000000000010010011000000000000000000000100100110001100000000101000000001000110001000000000000110000001000100000000000000000110100000000000011100100100000
000000000001011110001001000010000000000000000000000110011000000000000000000011000000000000000000010100001110000000000000000000011000111011100000000010000000100100000010100000000000001000000111000000000000000000011000000000000001100001100111
000000000000000100000111000110000000000000000000000100011000000000000000000000000000000010000000000000110110000000000000000000000000001101100000100000000000101000000011110000000000000000001000010000000000000000010000000000000010001010101000
000000000000000110000000000100110000000000000000000000011001000000000000000000000000000101000000000000010010000000000000001000000000001101100000010000000000000001000000110000000000000010000010001000000000000000000000000000000000101000100000
001000000000110010000000000111100000000000000000000000001110000001100000000000000000000101000000000000001100010000000000011000000000001001100000100000000000000011001110000000000000000010001001101000000000000000000000000000000101101011000000
001000000000111110000000000010001000000000000000000000000100000010010000000000001000000010000000000000000000101000000000011000000000011010000000000000000000000001100100000000001100000000001000010000000000000011000000000000000010000010010000
001000000000010000000000000001101100000000000000000000000000000001010000000000001000000000000000000000000000100000000000000000000000001000000000000000000000000000000000000000010010000011100000000000000100000101000000000100000000000000001000
000000000000111110000000000001100000000000000000000000000000000000100000000000001000000000000000100000000000100000000000001100000000000000000000000000000000100000010100000000001100000011000000000001101100001010000000001010000000000100000000
000000000000010010000000000000000000000000000000000000011000000000000000000000000000000000000000001000000000010010000000001100000000000000000000000000000000110000001101100000011000000001100000000001001100011000000101101000000000001101110000
000000000000011100000000000000000000000000000000000001111000000000000000000000000000000000000000100000000000000100000000000000000000000000000000000000011100011000001101100000111000000001010000000001110000010010000101111110000101000000000000
000000000000000000000000000000000000000000001000000011000010001000000000000000000000000000000000100000000000000000000010000000000000000000000000000000011100001100000001000001011000000011011111000000000000011110000000000010000001000000000000
000000000000000000000000000000000000000000000110000110010010010100000000000000000000000000000000100000000000000000000101000000000000000000000000000000001001100000000000000001000100000000010001000000000001100010000001100011010000000000000000
000000000000000110000000000000000000000000001110001100000000000100000000000000000000000000000000000000000000000000000101000000000000000000000000000000011101110000000000000000111000000000010010000000000000100100000000000000110000000000000000
000000111101001001000000000000000000000000001000000100110001010110000000000000000000000000000000000000000000000000000010000001110000000000000000000000000111100000000000000000111000000000011100000000000000010000010000000000111000000000000000
000001111100100110000000000000000000000100001100000010000000010110000000000000000000000000000101000000000011000000000100000011111000000000000000000000010111100000000000000000000011100000000001100000000000000000100000000001010000000000000000
000001000000000000000000000000000000001110010010000000000000000010000000000000000000000000000100100000000100001110010100000111001100000000000000000000001100010000000000000000000000000000000001110000001000000000010000000001100000000000000000
000111000110000000000000000000000000011001000100000000000011100000000000000000000000000000000001100000000010010110010010010010000000000000000000000000000001010000000011100000000000010000000000000000010110000000000000000000000000000000000000
000000000111000000000000000000000000001000010100000000000000001000000000010000000000000000000000010000000010000110000100010100001110000000000000000000000001101000000000100000001101100000000000000000010000000000000010100000000000000000010000
000000000111000000000000000000000000000101101000000000000000010100000000101000000000000000000000001100000001010100010100100000111110000000000000000000000000101000000010100000010010000000000000000000001101100000101111110000000000000000101000
000000000110000000000000000000000000001000000000000000000000100000000000101000000000100000000000101000000000100010101000010011110010000000000000000000000000101100000000000000010000000000000000000000000000100000011110010000110000000000110000
000000011100000000001000000000000000000100010000000000000000100000000000010000000001010000001001010000001000000010011000001011001100000010000000000000000000001000000000000000001100000000000000000000000011100000001101011110110000000000000001
100000001000000000011100000000100000000001011000001000000010001000000000000000000000110000010011010000001000000000000000001110001100000111000000000000000000011100000000001100001100011000000000000000011100000001000001010100110000000000000011
100000000000000000000010000001010000000101010000110100000000001100000000000001011000000000010010010000001000000000000000000000000000000110100000000000000000000000000000000000000000110100000000000000011000000000100000101011100000000000000100
000000000000000110000110000000100000000100010001000110000000001100000000000011111000000000000001110000000000100000000000000000000110000010010000000000000000000000000000000000000000100100000000000000000000000011000000000001100000000000010000
000000000000000100000100000000000000000011100010001000000001100000000000001100000010000000000000100000000000110000000001110000000010000011010000000000000000000000000000010000000001001000100000000000000000000010000000000001110000000000100010
000000000000000000000000110000000001100000000100000000000001101000000000001100001010000000000000000000000010010001101011001000000011110111100000000000000000000000000001101000000000101001110000000000000000000000000000000000001010000000010011
000000000000010001000111110011000000010000000110000000000000001000001000001100000010000000000000000000000100100001001100011000000000111000000000000000000000000000100000000000000000000001110000000000000000001000000000000000000011101110011001
100000000000101000111111000001100001110000000110001000000000001000010100000011111000000000000000000000000010100001101101000000000000000000000000000000000000000011010001001000000000000000000000000000000000001000000000000010000101010100000000
100000000000101100010010000011000000010000000010010000000000000000110000000001011001100000000110000000000001000000000101100000000000000000000000000000000000000011001001000100000000000000000000000001100000001000000000000001010011111110101000
000000000001110000000110000011000000011000000011100000000000000000001000000000000010010000000000000000000000000000000000000000000000000000000000000000000000000011000100100011000000000000000000000010010000000000000000110000000110010000111000
000000000000000011000011000110000000001100000000000000000000000000000000000000000101011000000000000001101100000000000000000000000000000000000000000000100000000000100001101011000000000000000000000001100000000001010000110000000101000000000000
000100000010000000000111000100000000101000000000000000000000000000000000000000000100010000000000000001101011000000000000000000000000000000000000000000100000000000100010001000000000000001110000000000000000000001101100000000000110000000011000
001100000000001100000110001110011000000001110000000000000000111000000000000000001000100000000000000000000011000000000010100000000000000010010000000000100000000000001100001101100000000001110000000000000000011110010000000000000110000001011000
010000001110001101101000001011100001000000000000000000000001100000000100000000000011000000000110110001110111000000000000010000000000101010110000000000000000000000000000001101111101100000000000000000000000010001000000000000001100000000000000
001000000000000000010110100111011100110100000100000000000001100000000100000000000000000000000100011001000000000000000001010000001010000010100000000000000000000000000000000010001000100000000000000000000000011011000000000000000010000000010100
000100000000001100000110101000000100000100000100000001100000010000000100000000000000000000000011010000110000000000000000100010000010000010100000000110000000001100000000000000000111000000000000000000000000001001000000000001000100000100010000
000000000000000110010110101011110000000100000100001001100110100000000000000000000000000000000001100000000000000000000000000100000000110000000110001000000000000000011000000000000010000000000000000000000000000110000000000001000000000100100010
100000000000000000000000000111100011000000000000001110000000010000000000000000000000000000000000000000000000000000000000001000000110000000000101101000000000101100000100000000000000010100000000000110000000000000000000000000100000001010010011
111000000000000000000000000011011100100001110000000100000111001100001000000000000000000000000000000000000000000000000100001000000000000000000000000000100000110000100100000000000000010010000000000000010000000000000000000000000000000010000000
000000000000000000000000000000100000000000000000000000000011100100001100000000000011000000000011000000011100000000001000001010000100010000001100100000100000000000000010000001100000100010000000001000001000000000000000000110000000000100011000
000001110000000000000000000000011100010000000000000000011100111000010110000000000011000000000101100000010100000000000100011110101000101100000000000100000000000111001110000001100000000010000000001000000000000000000010000110000000000000000001
111010010000000000000000000000000000100000000000000000011000010000010001000000000000000000000101100000010010000000000000010111001101100010011000100011110000000111001110000000000010000000000000001001000100000000000101000000000000000001100001
111000100000000000000000000000000011000000000000000000000000110100011111000000010000011000000010000000001010000000000000100000000011000011101000000000101000000000000000000000000100000100000000000000101100110000000000000000000000000000100000
000000000000000000000000000000000001010000110000000000000000010010000000001000111000011000000000001110001110000000000001111000000001000101100000100000000000000010000000000000000100000000000000000011011001111000000111000000000000000000011100
011000000000000000000000000000000000110000110000000000001000010100000000010000000100000000000000001110000000000000000001110000110000001011000100010011100000001100000000001100000110110000000000000000000101110100000000000000000000011000000011
010000000000000000000000000000000000000000000000000000110000011000000000011000111000000000000000000101100000000000000000100000000101001110000101100011100000000110000000000000000000000000110000000000000111001110000001000000000100100100000011
000000000000000000000000000000000000000000000000000000110111110001000000000000010000000000000011000011100000000001110000010000100000000000000000000010010000000000000000000000000000000000111000000010100001110100000011110000001110110100000101
000000000000000000000000000000000011000000000000000000010010000010000000011011000000000000000011000001100000000010000001110000100000000000000000000100010000000000000000000000000000011000011000000001001000111000000000000000010011110000000110
000000000000001110100011000000000001110011000000000000001101101000001100011000100000000000000001100010000000000001000010000000000010100000000000000010100000000000000000000100000100001100011000000001001000100000000011011000001100001000000000
000000000000010001100110000000000001101011100000000000000000000000010100000011000000000000000000000110000000000000010000110010000010000000000000000001000000000000000000000010001100000000110000000000010000000000000000000000000000000000000000
000001110000010000010111000001100000101010100000000000000000011110001100000000000000000000000000000110000000000000000000111010000000000000000000000000000000101010000011000011001010010100000000000000000000000000000001011000000000001100000000
000111101000011111101101100011011000000011010000000000000001000011000000000000000000000000000000000000000000000000000100000010000010000000000000000000000011001001000110100011000100000000000000000000000000000000000000000000000000000001100110
001110001000000000110001100110010100000001100000000000000110000000000000000000000000000000100000000000000000000000000100000100000011000000000000000000000011010101000110110010100000000000000000000000000000000000000000110010000001010110010001
001010011000000000110000000011111110000000100000000000000100100000000000000000000000010001010000000000000000000000000000001000001010000000000000000000000100000110000110110010100000000000000000000000000000000000000000000010000110111001101110
000111100000000000100001000001110111000000000000000000000011110000000000000000000001110011001100000000000110000000000010001011000000000000000000000000000110100000000001000001000000000000000000000000000000000000000000100101000000000000000000
000111000000000000100001000001110011000000011000000000000000100000110000000000000011100001000100000000000001000000000001000000000000000000000000000000000010110000000000000000000000000000010000000001110000000000000000111110000001000000000000
000000000000000000000000000000110010000000011000000000000000101100110011000101000001110000001100000000001101101000000000000001000000000000000000000000000000000000000000000000000000000000010100000000100000000000000000001100000000000100000000
000000000000000000011100011000011100000000000000000000000000101000000011000011000000010000100000100000000111111100000000101110000000000000000000000000000000000000000001011000000000000000011000000011100000000000000000000000000000010100000000
000000000000000000000000100100001000000000000000000000000000010000000000000010000000000000000001110000000001101100000000000000000000000000100000000000000000000000000110111000000001100000000000000001000000000000000010000000000000001100000000
000000000000000000000001100000000000000000000000000000000000000000000000000000000000000000000001000000000000110000000000000000000000000001010000000000000000000000111111010100000010010000000000001101000000000000000111000000000000000000000000
000000000000000000000011000000000000000000000000000000001000000000000000000000000000000000000000010000000000000110000000000000011000000000110000000000000000000000111110000000000001100000000000000000000000000000000000100000000000000000000000
000000000000000000000011000001100000000000000000000000010100000000000000000000110000000100000000001000000000000110000000000000111000001111100000000000001110000001000100000000000000100000000000000111000000000000000011000000000000000000000000
000000000000000000000011100010010000000000100000000000001000000000000000000000110000000100000000110000000000000110000000000000011000010001000000000110011011000000100010000000000000000000000000000111000000000000000000000000000000000000000000
000000001011000000000001100011010000000001010000000000000000000000000000000000000000010101000000000000000000111100000000000000000000000010100000000110011001000000100010000000001110110000000000000101000000000000000000000000000000000011000000
000000110011000000000000100001001000000010000000110000000000000000000000000000000001100000000000000000000001100010000000000000000000011010100000000000000110000000001100000000001011001000000000000000000000000000000000000000000000000011000000
000000000001000000000000000010101000000001001001000000000000000000000000000000000000110000000000010000010000101100000000000000000000001111100000000000000000000000000000000100000110000000000000000000000000000000011000000100000000000000000000
000000010100011100000000010001101000000000001000010000000000000000000000000000000011100000000000110111000000000000000000000000000000000010000000000000000000000000000000001000000001001000000000000000000000000000011000011110000000000000000000
000000101100011100110000001010100000000000110110000000000000000000000000000000000111000000000001010010000000000000000000000000000000000000000010000000000110000000000000001000000000011000000000000000000000000000000000111110000000000000000000
000011000000110000100010000001000010000001000000010000000000000000000000000000011001000000000000100000000000000000000000000011000000000000001111100000011000100000000000000000000000111000000000000000000000000000000000000001000000000000000000
000011100000000000100001000010000010000010001110011000000000000000000000000000011100000000000011100000000110000000110000000101000000000000001111100000000000100000000000000000000000011000000000000000000000000001010001011101000000000000000000
000100110010000000011011000110001100000001100000110110000000000000000000000001101000000000000111000000000000000011001000000000000000000000000000000100100000100001000000000000011101001000000000000000110000000010001000111011000000000000000010
001000100100000000000010101000110000000000000000010001000000000000000000000010101001000000001111000000000000000011001100000000000000010000001010101110010001000010100000110000000111111000000000000000110000010100010001000000000000000000000101
100000101000000000110001101010000000000000000000001010000000000000000000000010001001000000110000000000000000000010101000001100111000101000011101000011001110000001100000000000000000001000001000000000000001000100000000100000000010000000001000
000110110000000000111010111111100000000000000000000100000000000000000000000011001000000000000000001010000000000111000000001100111000000100011010001111000000000000000010100000010111100000001000000000000010000001000001110000000111100001000101
000000000000000000011001111001110000000000000000000000000000000000000000000000111000000000000000001010000000000000000000000000100100101000011000001001100001110000101000000000010110100000111000000000000100000011000001011000001000000010010010
000000001100000000110000001001000000000000000000000000000000000000000000000000001001110000000001000100000110001001000000000000111110010000000101101000100001001101111011000000101000000001100000000000000000000110000011011000001100011000001000
000000001100000001010000001000000000000000000000000000000000000000000000000000100110000000000010100000001001011000100000000010000001000000101110100000110001010001000000000000101000000011000001100000000110000100000000100000001000011101011000
000000010001110000000000000000000000000000000000000000000000000000000000000000101000000000000010010000001010001100000000000000001101000000010000110100011000010000001001000000100000000001000001100000000000000000000000000000000101100110100110
000000001110000100000000000000000000000001000000000000000000000001010000000000011101100000000001100000000100001000100000000100000010000000000000010001010000011000010101000000111000000000111110010000000000110000000000000000000100000010111001
000000001100000000000000000000000000000001111000000000000010000000001000000000000111000000000000000000000000000100110000000100000000000110000000001100000000011000100000000000110000000000001000010000111000100000000000000000000000000000000000
000000000000111000000000000000000000000001111100000000000101000010000000000000000110000000000000000000000000000111010000011000000000000110000000000000000000001011100000000001010000000000000001010000111001010000000000000000000000000110010011
000001100001100000000000000000000000000000100100000010001001000000001000000000000100000000000000000000000011000001110000100100000000000000000000000001001000001101111100001001100000000000000000000000111001001000000000000000000000001110001100
000000000000000000000000000000000000000000010000001100000110100001110100000000000000011000111000000001100010100000000001000101100000000000000000000001001000000000010000101000000000000000000000000000000000111000000000000000000001011001000000
000000000010001000000000000000000011000000100111000110000001001000000010000000000000000011100100000010010001000010100000100010000000000000000000000000000000001000000010110000000000000000000000000001001000000000000000000000000110101011000000
000000000110000000000000000000000011110000010000010000000001000100001100000000001000110110111000000010100000000010100000011100010000010000000000000001000011101100011011100000000000000000000000000000110000000010000000000000000001000000000000
000000001101000000000000000000000100000000000100010000000000100100001110000000100111100000011000000001000000000000000000001000010000001000000000000011011100001100001100000000000000000000000111000000000000100000010000000000000000000000000000
000000000110010000000000000000000010001000000010100000000000000000001110000000000001101011001000000000000001100000000000000000001000111000000000000001001111100010000100000000000000000000000000000000000001001000001000000000000000000000000000
000000000011011000000000000000000011000100000011000000000000000000001110000000000000011111000100000000000110110000000000000000000011101000000000000000111000000011001010000000001100000000000000000000000001100000010000000000000000000000000000
000000000010011000000000000000000000100111100011000000000000000000000011000000000110000011000110000010001110000000000000001110000010111110000000000000000000000010100000000000001100000000110000000000000000001100010000000000000000000000000000
000000000001011000000000000000000000110011000011000000000000000000101001000010000000100110101010000010011011100000000000000000000100111100000000000000000000000011100000000000000000000001001000000000000000001000100000000110000000000000000001
100000000011010000000000000000000000000000010000000000000000000000101001000000000010101000001100000100001001100000000000000000001101101110000000000000000000000000100000000000000000000000110000000000000000001111000000000110000000000000000011
110000000010000000000000000000001101000010000011000000000000000000000000000111000010000110000010001100000110000000000000000000010000110000001110000000000000000000000000000000000000000000010000000000101000000000000000001010000000000000000110
100000000000000000000000000000011100010100000010100000000000000000000000000000011010000111100010000010000000000000000000000000001100000000000000000000000000000000000000000000000000000010100000000001000100000000011000001100000000000000000011
000000000000000000000000000000100000000110010100000001001000000000000000000000000001100000000001001100000000000000000000000000000110000000000000000000000000000000000000000000000000000000010000000010000011000000100000010010000000000000000001
000000000000001100000000000000100000000101110011000001101000000000000000000000000000100000011110000000000000000000001110000000000000101010000000000000010000000000000000000000000000000001010000000010000001000000000000001010001110000000000000
000000000000001100000000000000000000001000000001000011110000000000000000000000000000000000110000000000000011000000000000000000000000010110001000100000111000000000000000000000011000111100000000000010000010000000011010000110001011000000000000
000000011000000000000000000000100001000100000000000010000000000000000001100000000000000000110000000000110010100000000000000000000000100001001100010001111100000000000000000000000100111111100000000000011000000000000010000011100101010000000000
000000100100000011100000000000100000000000000000001110000000000000000001110000000000000000000000000000110010010000000000000000000000000010010000010000000000000000000000000000001110111110100000000001100001100000000000000010010010011000000000
000000011000000011000000000000000101011000000000001110000000000010000001001000000000000000000000000000000000000000000000000000000000010010001100100000000000000000000000001100000010000000000000000001000001100000001000000001010101101100110000
000000000000000010000000000000100000010000000000000000000000001001000000100011000000000000000001100000000000000000000000000000000000001100001100000000000000000000001100000000011110000000000000000010111110100000110000000000010111100000111000
000000000000000000000000000000111001100000000000000000000100010001000000000001000000000000000000110000000000000000000000000000100000000000000000000000000000000000001100001011000110110100000000000011111100000000000010100000001110000110010000
100000000000000000000000000000001110100000000000000000000110010000000000111111000000000000000000110000000101110000000000000001100000000000000110000000000001000000000000000100000000000100000000000001100000000000000011011000000000001110000001
000110000000000000000000000000000111000000000000000000000000111001000001101110000000000011000100000000000100010000000000000001000000000000000000000000000001110000000000000000000000000000000000000000000000000000000001010100000000000110000111
001010000000000000000000000000001101000000000000000000000111000000100000101100000000000000000100000000000000000110000000100011000000000000000100100000000010011000000000000000000100001100000000000000000100000000000000101110000000000000001010
011100000000000000000000000000000111000000000000000000000100000101000001101110000000000000000000000001111000000000100001010011000000101000000011000000000010001000000000000000000100000100000000000000001100000000000001000100100000000000010011
011100000000000000000000000000000010000000000000000000000000000000000001100010000000000000000000000001100000000000100000101100100000101000000000000000000100001000000000001000000000101000000000000000001000000000000001100000000000000000100000
000000000111000000000000000000000000000000000000000000000000000000000100011100000000000000000000001010000000000000010000000100100000010000000000000010001000001000000000011000000000100000000000000000000000001000100010010000000000000000100001
000000111111000000000000000000000000000111001100000101000000000000010100011100000000000000000000010010111101100001110000001101100000000000000000000111000111111000000000111001100000000000000000000000000000010000010000100000000000000000100001
000001011100000000000000000000000000011110110000001001110110000000010100001100000000000000000000100111100000000001100000000010000000000000000000001111100010000000000000110000110000000000000000001011000000001000110000000000000000000000010100
000001010000110000000000000000000000100000000110000101110101100000000000010010000000111000000000111100000000000011100000000000000000000000000000010000010000000000000000011001100000000000000000010000000000000111100100000000000000000000011100
000000000000110000000000000000000001000010010000000101000000010000000000010000000000000000000001000000000000000011000000000000000000000000000000110010011000000000000000000011100000000110000000010011000000000010000000000000000000000000000000
000000000000010000000000000000000001000111011100000100010000000000000000010010000000000000000000000100000000000000000000000000000000000000000001110101011100000000000000000011000000000110000000001100000000000001000100000000000000000000000000
000000000000011100000000000000000000000000000000000000000010100000000000001000000000110000010000000011000000000000000000000000000000000000000000110010011000000000000000000000000000000000000000000000000010100001100000000000000000000000000000
000000000000011100000000000000000001001000000000000100100100111000000000000000000000110000111000000110000000000010110000000000000000000000000000010000010000000000000000000000000000000000000000000000000010110000000000000000000000000000000000
000000000000100001000000000000000001000000000000000000001001101000000000000000000000000001000110000000000000010011111100000000000000000000000000001111100000000000001100000100000000000000000000000000000000001000000001000000000000000000000000
000000000001000000000000000000000000001010000000000000001001001000000000000000000000000000100000000000000000101100001100000000000000000000000000000111000000000000011000000100011000000000000000000000001110011100000010100000000000000011000000
000000000000100000000010000000000000101010000010000000001101100000000000000001000000000000001000000000000001111101011100000000000001000000000000000010000000000000000100000010000000000000000000000000001100001000000010100000000000000011000000
000000000000011000000010011100000000000000001100000001100000000000000000000011100000000000000001000000000011000000001000000000000111100000011000000000000000000000000000010100000000000000000000000000000100000000000001000000000000000000000000
011100000000000000011000001000000000010000001100000001100000000000000000000101010000000000000111000000000001100000111100000000001111010000101001010000000000000000000000010100000000000000000000000000000000000000000000000000000000000000000000
100100000000000001011000110000001100001000001100000000000000000000000000000100010000000000000000000000000000101100110000000000001100111000000000000000000000000000000000011000000000000000000000000000000010100000110000000110000000000000000000
000000110000000000111100100000000000001000000010000000000011000000000000011000001100000000000000000000000000000001000010000000000000110000101010000000110000000000000000110000000000000000000001100000000010000001001000001001000000000000000001
010000110000000000000110100000000000000000000000000000000010100000000000100001000010000000000000000000000000000100001110000000000011100000010010010000110000000000000000101000001000000000000001100000000011100000110000000110000000000000000001
000000000000000000000011000000000000000000000000000000000000110000000001110010100111000000000000111000000000000000000001001000000011000000000011100000000000000000000000101000001100000000000000000000000000010000000000000000000000000000000001
110000000000000000000000000000000000000000000000000000001010101000000000100001000010000000000001000100000111000000000110010100000000000000000000000000000000000000000000000000000100000000000000000110010011010000000001000000000000000000000000
001000000000000000000000000000000000000000000000000000011000100100000000111000001100000000000001000100001100100000000000000100000000000000000000000000000000000000000000001010000000000000000000000110010000000000000010100000000000000000000000
000111000000000000000000000000000000000000000000000000101010101100010011000100010000000000000000010100001011000101100000000100000000000000011000000000000000000000000001110000000000000000000000000010110111100000000010100000000000001110000000
100011000000000000000000000000000000000000000000000001110001111000001100011111010000000000000000110000000000010001000011000000000000000000011000000000000000000000000010010110000000000000000000000000000011000000000001000000100000000010000001
000011000000000000000000000111000000000000000000000000100101111010110110011001100000011000000000011000010000010000000011011000000000000000000000000000000000000000000010000100000000000000000000000000000010000000000000000001010000000000000000
000100000000000110000000001001000000000000000000000000100000000000010000000001000000100100000000011000010100001110000011111000000000000000000000000000000000000000000001000100000000000000000000000000000000000000000000000011011000001111110000
000000000000001001000000011001000000000000001100000000110000000011100000010000000000011000000000000000000010000000000000001100000000000000000000000000000000000000110000100100000000000000000000000000000001111000000000000110110000000011100000
000000000000000101000000110011000000000000010110000011011000000100100000010000000000000000000000000011100100000000000000011011000000100000000000000000000011011000101000111000000000000000000000000000000011111000000000000110100110000001000000
000000000000000010000000110001000000000000010110000011000010010001110000100000000000000000000000000011000000000000000000001000100000100000000000000000000000000000010000000000000000000000000000001100000101111000000000000000100110000000000000
000000000000000000000000100110000000000000001111000111010010100001100000101000000000000100000000000000000000000000000000000100000001100000000000000000000100000100000000100000000000000000000011000000001100000000010100000001101000011100000000
000000000000000000000000000110000000000000000011000110110110000000100010001000000000011000000000000000000000000000000000000001000000000000000000000000000100000100000011011000000101000000000111000000000111100000001010000000110000010000000000
000000000000000000000000000000000000000000101000000110110100000000110000001000000000110000000000000000000000000000000000000011000000000000000000000000000000001000000000001000000010000010000010000000000100110000000000000000010000000001000000
000000110010000000000000000000000000000000010100000000100000000000000000010000000001000000000001000000000000000000000000000010000000000000110000000000000001001000000010001000000000000101000010011110000010010000000001000000000001000100000000
000000101000100000000000000000000000000000000000000000000000000000000000010000000000111110000011000000000000000000000000000001100000000001010000100000000000000000000001110000000000000010000010000110000010000000001000000000000001100000000100
000001101000000000000000001000000000000000000010000000000001000000000000000000000000010000000000000000000000000000000000000000000000000001000011011000000000000000000000000000000000000000000000001000000010000011100101000000000000000010000101
100000001001100000000000000100000000000000000011110001100000100000000000000100000000000000000000000000000000000000000000000000000000000001000001101100000000000011000000000000000000000000000000000000000001010010000010000000010000000001000000
000101010000000000000000001000000000011100000000001101001010011000000000011100000010000000000000000000000000000000000000000000000000000001001000010000000001000100100000000000000000000000000001100000000011110010010000000000100000000000010101
001010000000000000000100000000000000000000000011100100011011110111110000110110000101000000001100000000000000000000000000000000000000000000110000100000000100011011000110000000000000000000000010010000001111001000100000000000101000000000000100
000000110000110000011011000000000000001010000010010110011011010100100000000000000101000000011010000000110000000000000000000000000000000000000001110000111010010000001001000000000000000000000010001000110111011100000000000000000100000000000000
000011100000010000001010000000000000000001001000100101100000001000010000111000000010000000011010000001010000000000000000000000000000000000000100010001010000000011000110000000000000000000000010001000100101001100000000000000000100100000000000
100000100001010000000100000000000000000010000110010111000000000001100100000000000000000000011011000001000000000000000000000000000000000000000100100001001000000100100000000000000000000000000000000100101000001100000000000000000000100000000000
110010000000000000000000000000000000000000000000000000000000000000111100000000000000000000001011000001010000000000000000111000000000000000000111000000110000000011000000000000000000000000000000000100011010001000000000000000000010000000000000
110000000000000000000000000000000000000000000000000000000000000000010100000000000000000000000100000000001000000000000000100100000000000000000000000000000000000000000000000000000000000000000000001100000100110000000000000000000000000000000000
000100000000001100000011000000000000000000000000010000000000000000011000000000000000000000000000000000101000000000000000100100000000000000000000000000000000000000000000000001100000000000010001001000000100000000000000000000000000000000000001
111100000000011100000011000000000000000000000000101000000000000000010100000000000000000000000000000000001000001110000000011100000000000000000000000000000000000000000000000010010000000000000100011000000011000000000000000000000000000000000000
010000000000001011100011000000000000000000000001001000000000000000000000000000000000000000000000000000000100001001000000000000000001000000000000000000000000001110000000000001100000000000101000000000000000000000000000000000000000001100000000
000000000000000010010000001100000000000000000011000100000000000010000000000000000000000000000100000000000000111000000000000000000010100000110000000000000000011011000000000000000000000000000000000000000000000000000000000000000000001001100000
000000000000000001100000001100100000000000000011011000000000000011000000000000000000000000000100000000000001110101000000000000001100000001010000000000000000100000101100000000000000000000001000000000000000000001110000000000000000000100100000
000000000000000000000000000000100000000000000000101100000000000100100000000000000000000000000100000000000000000000000000000000011101100001010000000000000001101010100110001000000000000000110001000001100110000000010000000000000100000111000000
000000000000000000001110000010010000000000000000000000000000000011000000000000000000000000000000000000000000010001001100000000000000000001010000000001000001101001100100010100000000000001000010100001100001000001001000000000000111000000000000
000000000000010000001110000001010000000000000000000000000000000010000100010000000001110000000000000000000011101011001100000000010000000000000000000001000000001100101000001100000000000110010110100000000110000001001100001100000001000000000000
000000000000110000010001000000100000000000000000000001000000000000000100010000000010001000000000000000000011100100011110000000000000000000000000111101000000000000110000000000000000000011001111000000000000000000111000001010000000100000010000
000000000001000100001110000000000000000000000000000111000000000000000000000000000011011000000000000001011101001001100011000000010000000000000000111000000000000100100000011100000000000010110100000010000000000000010000000100000011100001001000
000000000011100010001110000000000000000000000000000100000000000000000000000000000000000000000000000001000101001000100000000000111000000000001110111100000000011100000000011100000000001110110010000101000000000000000000000000000000000001000100
000000000010000101000000000000000000000000000000000111000000000000000000000000000000000000000000000000000001000010000000000001010000000000000111111010000000000000010001110000000000100100000011001100000000000000000000000000000000000001000100
000000000000000100000000000000000000000000000000001111000000000000000011100000000000000000000001100000100001000110000000000010000000100111000011111110000000001100111000000000000000100010001010001110000000011000000000000000000000000000100000
000000000000000101011000000000000000000000000000011100000000000000000101110000000000000000000000000010110010000101000000001011001001111000000010111100000000000000110000000000000000110100000100001110000000011100000000110000000000000000100010
000000000010000100000000000000000000000000000000101100001100000000000100010000000000000000000000000010011000000011010100001110000010100000100110000000000000000000000000000000000000000000000000000110001100000000000010110000000000000000000000
000000000011100010000100000000000000000000000000000000010100000000000100100000100000000000000000000001110000000000110010001000011000100000011010000000000000000000000000000000011000001100000000000000010001110110001100000100000000000000001101
000000000100100000000100000000000000000000000000000000001000000000000001000001010000000000000000000000000000000000111100000000000010100000001010101000000011000000000000000000011111000000000000000000010010011100001000011000000000000000001001
000000000011100000000100000000000000000000000000000000000000000000000101000010000000000000000000000000000000000000001000000000000000000100001100111000000110100000000000000000101100000100000000000000000001000000001110111000001111000000001010
000000000011000100001000000000000000000000000000000000000000000001000110000001001000000000000000000010000000000000000000000000000000001000100000111000000001000000000000000000001100011000000000000000000001010000000000000000011111100000001110
000000000000000010000000000000000000000000000000000000000000000001001011000000111000000000000000000110000000000001000000000010011000000000000000000000000000000001100000000010100101000000000000001100000000110000000000000000110100100000000000
000000000000000000000000000000010000000000000000000000000110000010011010000000000000000000000000001010001000001000100000000010010100011000000010001000000000000001111000000111000110000000000000001100010001001000000000000000001000000000000000
000000000000000000000000000000010000000000000000000000000111000001000110000000000000000000000000001100001100001001000000111011000000000000001010000000000011000010001000000111000000000000000000000000101000000000000000000000000110000000000000
000000000000000000000000000000010000000000000000000000000001100000101000000000100000000000000000011100000110001010000100010001011000000000010010000010000011000001111000001101000000000000000000000000011000001000000000000000000110110000000000
000000000000000011000000000000000000000011100000010000000000000000000000000001010000000000000000011100011111000000001110000001010000000000001000000000000001100011000000001101100000000000000000000000000000100100000110000000000110110000000000
000000000000000100100000000000000000000011000000010000000000000000000000000001010000000000000000000000101101101000100010000000100000000001000000000000000011101101000000001101100000000000000000000000000000101000001110000000000010100000011100
000000000000000011000000000000000010000010000000011011000000000000000000000000100000000000000000000001101100110000100000000000000000000000010001000000111111001001100000001101100000000000000000000000000000000000110000000000000001000000100000
000000000000000000000000000000000101000000000000001011000000010011000000000000000000000000011000000000110000010001000100000000000000000000010000100000011101000001100100000101000000000000000000000000000000101000000111100000000000111110100000
000000000000000000000000000000000110001110000000000000000000000001000000000000000000000000100100000000000010000000100100000000000000000000001100100000001001000000011010000010000000011000000000000000000000000000010001110010100010000000001100
100000000000000000110000000000000000000000000000000000000001110001000000000000001100000000011000000000001101100001000100011000000001110000001101100001100000000000000000010000000001001000000000000000000001000111100000001000010010000000010001
100000000000000001001000000001000000000000000000000000000010100111000000000000010010000000000001110000000001100000100000111000000001000000000001100010010000000100001000001000000010000100000000000000000001000111000101110000111000000001100010
000000000000000000110000000001000000000000000000000000110001000001000000000000001100000000000011000100010001100000110000011000000000000000000000100001000001000100000000001000000100000100000011000000000100010010011110110000100001110100000101
000000000000000000000000000000000000000000000000000001100010000000000000000000000000000000000110010100010000000000110000000000000101100000000001010001000111001000001001011100001000011000000011000000000000011111110111100110000000100100000010
000110000000000000000000000000000000000000000000000010001000000000000000000000000000000000000010000010000100000000010000000000001000001000010101001001100001000000010001000000000000001000000000000000001000011000000000011000010000000000000000
000110000000001100000000000000000000000000000000000011100000000000001110011000000000000000000001100100100100000000001000000000000001011000100101010010101100100100010001000000010001000000000000011100010000011001001000000000000000000000000000
000001000000001111000000000001000000001110000000000011100000000000001110101000000000000000000000000100101000001000000000000000001111100100000100000010110000111100001010000000011001100000000000100111110000010001001000000000000000000000000000
001110100000010011100000000001000000000001000000000000000000000000000000010000000000000000000000000100010000001100110000000000000100001110111000000001000000111000000100000000000110000000000000111111100000010001001000000001000001110000000000
011101100000011100110000000001000000000001000000000000000000000101000010100000000000000000000000111100000000000000000000000000000000001100000000000000000001001000000010000000000000000000000000000000001110010000110000000010100001000000000000
100110000000001100000000000000000000010100100000000000000000001101000000100000000000000000111001000010000000000000000000000000000000001010000000000000000000111110100011011000000000000000000000000000000000001100000000000000010001000000000000
101000000000000100001000000001000000010100000000000000000000001110000000000000000000000000110111000010000000000011000000000000000000010001000000000000000000110110100001010100000000000000110000000000000000001110000000000110100000100000000000
010000100000000000000001000100010000100010000000000000000000010000001000000000000000000000010000001000000000111110000000000000000000010001000000000100000000000011100001000110000000000000110000000000000000000001000000001000000000000000100000