100011000000000000000000001000000000100010000000000000000001000000000010000000000000000000011000010010000000000010000000000000000000000100110000010001100000000011000110001110000000000000001100000000000000000011000000001100000000000000010000
100000100000000000000000101010001010011100000000000000000000011000000001011100000000000000000000010000000000000010000000000100000000001011100000010000010000000000011000101000000000000000001100000000000000000000000000000000000000000000000000
100000000000000000000000110001010001001100000000000000000000000000000011000100000000000000000000010010000000000010000000000110000000000111000000001100010000000000000000000000000000000000000000000000000000000000000000000000000000001000000000
100000000000000000000000110110000001010100000000000000000000000000000001100010000000000000000000000100000000000000001100000000000000000010000000000000000000000000000000000000000000000000000000000000000000000000000000000000000000001100000000
000000000000000010000001000000001100110010000000000000001101110000000000011100000000000000000000000000000000000000001010000000000000000000000000000001000000000000011000000000000000000000000000000000000000000000000000111000000000001110000000
000011000000000010001111110000000000010001000001100000000000111010000000000000000000000001100000000000000000000110001000000000000000000000000000000110000001100000011000000010100000000001000000000000000000000000000000101100010000000000000000
000111000000000010001001010000001000001000100010110001100000000010000000000000000001100000100100000000000000000110000111001110000000000000000000000100000001100000000001100100100000000000100000000000110000000000000000011000010000000000000000
000100000000000000001111010000000000001000000000000011101011001110000000000000000010010000111100000000000000000000000010001110000000000000000000000000000000000000000010010010100000000001000110000001111000000000011000000000010000000000000000
001100000000000000001111010000000010000100010111000101000000000000000000000000000010100000100000000000000000000000000010101000000000000000000000000000000000000000000000101000000000000000001101000000011000000000100100000000000000000000000110
000101100000000100001100000000000000000000100110000100000000000000000000000000000001000000101000000000000000000000000000000000000000000000000000000000000000000000000001111000000001000000010100000000000000000000101000000000000000000000001011
100011100000000110001101010011010000000100000110000010000000001000000000000000000000000001001000000000000000000000000000001100000000000000010000000000000000000000000001000010000010100000010001000000000000000000011000000000000000000000011001
000000000000000000100010001101110000000010000000000000000000001000000000000000000000000001000000001000000000000000000011001100000000000001101000100100000000000000000011000100000100010000100010000001011000000000000000000000000000000000010100
001000000000000000010000000000000110100100000000000000000000001110000000000000000000110010100000011010000000000000000000000000000000000010001001000010000000000000000000010010001100000000000000000000110000000000000000100000000000000000010001
000100001110000110100000010010001000100000000000000000000000000000000000000000000000000010100000001001000000000000011000110000000001000000100000000010000010000000110000101100001000000001100000000000000000000000000001010000000000000000010010
100100001100011010100000010010010000000000000000000000000000000000000000000000000000000001110000001010000000000000110000111000000010101010000010000000001101100000011111000000000000110000000110000000000000000000000010001000000000000000000100
011000001000101010110000010001110000100011100000000000000000000000000000000000000000000001001000000110000000000000011000000000000100000010000010000000011010000000000000000000000100011000000000000000000000000000000001010000000000000000000000
000000011100000010010000000001100100000000000000000000000000000000100000000000001110000000101000000000000000000000001101000010100010000110000000001100001100000000000000000000000100000100000000000000000000000000000000100000000000000000000000
000010011100001010100000001001000000000000000000000000000000000000100000000000000000000000011000000000000000000000000101000011000111000110000011000000000000000100000000000000000010100000000000000000000001000000000000000000000000000000000000
000010111000101000010000000110000111000000001000000000000000000000000000000000000000000000000000000000000000000011000000100101000001100000000000000000000000001110000000000000000001000000000000000000000000100000000000000000000000000000000000
000010110000001001100111000000000000000000010100110000000000000000000000000000000110000000000001100000000000000100100110100011000000011101000011100000000000011001000000000000000000000000000000000000000000110000000000000000000000000000000000
000000010110000100000000000000010000000000010100110000000000000000000000000000011111000000000011110000000000000100100111000111000000000111011101100000001000110011000000000000000000000000000000000000000000110000000000000000000000000000000000
000000001010101000000000000000010000000000001000000000000000000000011000000000100001000000001010001011000000000110100101100011000000000000000000000000010100110011010000000000000000000000000000000000000000110000000000000000000000000000000000
000000000100010000000000000000010000000000000000000000000000000000100100000000100111000000010101101011000000000001111101000000000000000000000000000000100100000100001000000000000000011000000000000000111100010000000000000000000000000000000000
000000000000000000000000000000000000000000000000000000000000000000101000000000110010000000000000100000001110000000000010100000000000000000000000000000010100001100010000000000000000011000000000000011010011100001000000000000000000000000000000
000000011000000000000000000000000000000000000000000000000000000000010000000000001100000000000001111011100011000000000110100000000000000000000000000000010010000000000000000110010000000000000000000100001001000010100000000000000000000000000000
000000011000000000000000000000000000000000000000000000000000000000000000000000000000111001110000000111101001100000000100010000000000000000000000010000000010001011000000000000011000000000000000001100001000000110110000000000000000000000000000
000000000000000000000000000000000000000000000000000000000000000000000000000000000000100001010000000001000001000000000010100000000000000000000000010000100000000110000000000000010100000000000000000111101000000100100000000000000000000000100000
000000000000000000000000000000000111000000010000000000000000000000000000000000000000001001011000000000100110000000000001000000000000000000000000100000100010000100000000000000011000000000000010000010001000001101100000000000000000001011010000
000000000000000000000000000000001001000000111000000000000000110000000000000000000011000100011000000000100000000011100000000000000000000000000001100000010010000000000000000110000000000000000010000000110000000101000000000000000000010101000000
000000000000000000000000000000000001000001010100000000000000110000000000000000100000011000010000000000000000000100010000000000000000001100000001010000011100000000000000000000110000000000000010000000100000000010000000000000000000000000110100
000000000000000000000000000000100100000011101110000000000110000000000000000110100010000100100000010000000000000110110000000000000000010010000001110000111000000000000000000000000000000000000000000000000000000000000000000000000000010100010100
000000000000000000000000000001000101000001010100000000000000000000000000000100010010100100100000101100000000001000010000000000000000010100000000000000110110000000000000000010110000000011100000000000000000000000000000000000000000000000001100
000000000000000000000000000001001010100000111000000000000000000011001000111000100001000111000111100100000000001101100000000000000000001000000000000000000000000000000000000111100000000000000000000000000000000000000000000000000000000000000000
000000000000000011001000000001001110110000010000000000000000000011001100110010100001001010001011111000000000001000100000000000000000000000000000000000010010000000000000000011000000000000000000000000000000000000000000000000000000000000001110
000000000000000011001010000001100011010000000000000000000000000000100010000001000001000000001100000000000000000111000000000000000000000000000000000000000100000000000000000000001110000000000000000000000000000000000000000000000000000000111000
000000000000000000000110000000000001010000000000000000000001000000001100000000001011000100000000000000000000000000001000000000000000000000000000000110000000000000000000000000010011000000000000000000000000000000000000000000000000010000000000
000000000000000000000000000000000011000000000000000000000011011100001000000000110111100000000000000000000000000000010100000000000001100000000000001101000000000111000000000000000001000000000000000000000000000001100000000000000000010000000000
011000000000000000000000000000000001100000000000000000000101001010000000000000110111000000000000000000000000000000010100000000000001100000000000000101100000011010100000000000011100000000000000000000000000000010100000000000000000010000000000
011000000000000000000000000000000110000000000000000000000010000100000000000000110110000000000000000000000000000000001000000000000000000000000000000011110000011001100011011000000000000000000000000000000000000001000000000000000000000000011100
000000110000000000000000000000000100000000000000011000000000000000000000000000000000000000010000000000000000000000000000001000000000000000000000000000101100010011110110011000000000000100000000000000000000000000000000000000000000000000110010
000000110000110000000000110000000000000000000000011000000000000000000000000000000000110000110000000000000001100000000000001000000000000000110000000000101000001010010010000100000000001110000000010000000000000000000000000000000000000001111100
100000000000000000000000000000000000000000000000000000000000000000000000000000000000110001100000111000000001100000000000001111110000000001100000000000101000001110110111001111100000000001000000101000000000000000000000000000000000000001011000
010000000000000000000000101000000000000000001000000000000000000000000000000000000000000000000000100100000000000000000000000001110000000000101000000000000000000001000010000000010000011110000000110000000000000000000000000000000000000001110100
100110000000000000000000001000000000000000010110000000000000000011000000000000000000000000000000000010000000000000000000000011011000000000010000001100000000111001100010000011010000011011000000000101000000000000000000000000000000000001111000
000001000000000000000000000000000000000000010110000000000000000011000000000000000000000010000000010110000000000000000000000001110000000100000000010010000000110000000000000010110000000000000000000010000000000000000000000000000000000000000011
000000000000000000000000001100000000000000001001110000000000011000000000000100000000000101000000010001100000000000000000000001110000111010000000010010000000011000010110001000000000011001000000000000000000000110000000000000000000011000001000
010000000000000000000000001100000000000000000000010000000000001010000000001010000000000101000011010111000000000000000000000000100001010000000000001100000000000000000011000000000000100110000000000000000000000110000000000000000000000101100101
010111000000000000000000000110000000000000000001010000001011000100000000000110000000000010000000010110000000000000000000000000000001010111000000000000000000000000010101000000000000111101100000000000000000000000000000000000000000011000000000
000111000000000000000000000110001100000000000001100000001011000000000000000000000000000000000000000000000000000000001100000000000000000000000000000000000000000000100000000000000000010110100000000000000000000000000000001100000000000000000011
100000100000000000000000001100001100000000000000100000001000100000000000000000000000000000000000000000000000000000010010000000000000000000000000000000000000000000110000000000000000000100100000000000000000000000000000001100000110000000011000
000000000000100010000000000000000000000000000000000000000101000000000000000000000000000000000000111000000000000000001100000000000000000000000000000000000000000001110000000000000000000100100000000000000000000000000000000000000110000000100100
000000000001010000000000000000000000000000000001110000001000100000000000000000000000000000000001000100000000000000000000000000000000000000000000000000000000000011000000000000000000000011101000000000000000000000000110000000000000011100100100
000000000011010000000000000000000000000000000110000000001000000000000000000000000000000000000010000000000000000000000000000000000000000000000000000010000000000010100000000000000000000000111000000000000000000000000110000000000000100000011000
111011000010100001000010000000000010000000000001000000010001000000000000000000000000000000000000000000000000000000000000000000011000000000000000000101000000000000100000000000000000000000100000000000000000000000011110000000000001100110100001
011011000100100110000111000000000110000000000000000110011100000000000000000011000000000000000001110011010000000000000000000000100100010000000000000101000000000000110000000000000000000000000010100000000000000000000000000000000001100000110110
100010000011100000001000100101000110000000000000001000010100000000000000000011000000000000000000011101101000000000000000000000011000010000110000000010000000001000000011000000000000000000011000100000000000000000100100000000000001111110110000
000000000000001010000111001001100000000000000000000111000000000000000000000000000000000010000000000001000011000000000000000000000000000000111000000000000000001110000000000000000000000000001000010000000000000000000000000000000000100000101101
000000000000000110000111001000110000000000000000000000000110000000000000000000000000000101000000000000100110000000000000001000000000000000110000000000000000000011000010000000000000000000000000000000000000000000000000000000000010100010010000
001000000000001001000000001100101000000000000000000000001011000001100000000000000000000101000000000000011100000000000000000100000000011000100000000000000000000100111010000000000000000000001000001000000000000000000000000000000100110000010000
001000000000000010000000000111001100000000000000000000001110000010010000000000001000000010000000000000000001110000000000010100000000010100000000000000000000000010100010000000001100000001000001110000000000000011000000000000000010100100100000
001000000000000000000000000010100100000000000000000000000100000001010000000000001000000000000000000000000001000000000000010100000000010100000000000000000000000000101000000000000010000001000000000000111100001101000000001000000000001000100000
000000000000000110000000000001111000000000000000000000000000000000100000000000001000000000000000000000000001110000000000010010000000001000000000000000000000110000011111000000000000000000000000000001110010010010000000001100000000001010110000
000000000000010010000000000000100000000000000000000000001100000000000000000000000000000000000000000000000000000000000000001100000000000000000000000000001001101000000001000000000000000000000000000010000100101000000000111000000000001010100000
000000000000011100000000000000000000000000000000000010010000000000000000000000000000000000000000011000000000000000000000000000000000000000000000000000001100100100001100000000000000000000100101000001111000100011000011000000000000000101000000
000000000000011100000000000000000000000000000000000101001100000000000000000000000000000000000000110000000000000000000010000000000000000000000000000000000010101100000111000000001110000000010101000001100001010011000000000011000000000000000000
000000000000000100000000000000000000000000000010001100111000001100000000000000000000000000000000100000000000000000000101000000000000000000000000000000000001101100000001000011101110000001010001000000000001001111000000000000000000000000000000
000000001100000110000000000000000000000000000011011011100000000000000000000000000000000000000000000000000000000000001101000000000000000000000000000000000000000000000000000001100100000000100000000000000001010000000000000011100000000000000000
000000100010001001000000000000000000000100010010001100000001110000000000000000000000000000000000000000000000000000000001000000000000000000000000000000000000000000000000000000111100000000100000100000000000100000000000000000000000000000000000
000000101001000110000000000000000000001110011110000100000000110010000000000000000000000000000000000000000010000100001001000110000100000000000000000000001000000000000000000000011001000000011000000000000000000000000000000011010000000000000000
000011101001000000000000000000000000010010010010000000000001100010000000000000000000000000000000110000000101000110000001000010001110000000000000000000000110010000000001100000000001100000000011010000001100000000000000000001100000000000000000
000011001110000000000000000000000000110000101110000000000010001100000000000000000000000000000001001000000100100000001000011000000010000000000000000000000111011000000010010000000100010000000000100000010110000000000000000000000000000000000000
000011001100000000000000000000000000010000000110000000000001001000000000010000000000000000000001000100000100110010100000101100000011000000000000000000000011001100000010010000001000100000000000000000010011100000000000110000000000000000010000
000000000000000000000000000000000000000000000000000000000001000000000000101000000000000000000000100000000010001101000101000010000011000000000000000000000000001000000001100000010000100000000000000000001011100000000000111000100000000000101000
000000000000000000001000000000000000001010000000000000000000000000000000101000000000100000000001100000000001111100000100000010000011000010000000000000000000011100000000000000110100000000000000000000000000010000000000100101110000000000110001
100000010110000000010100000000000000000101000000000000000000000000000000010000000001010000001000000000001000000001011000010001000010000010000000000000000000010000000000000000010110010000000000000000000000100000000011101111110000000000000010
110000011100000000010010000000100000000000000000111100000000010000000000000000000000110000001000000100001000000000000000011010001010000011000000000000000000011100000000000000001100111000000000000000010000100000000011000000000000000000000110
000000001000000000000010000001010000000000110001000010000000100000000000000101001100000000001000000000001000000000000000000110001010000000000000000000000000011100000000000000000000000100000000000000000100000010000001111100000000000000000000
000000000000000110000001000000100000000011010001010000000000000100000000000100001100000000000011000000000001010000000000110000000111000000110000000000000000000000000000000000000000000100100000000000000000000100100000011110000000000000000010
000000000000000110001000000000000000000011100011101110000001000100000000001000111010000000000001010000000001001000110110010000000111000000110000000000000000000000000000110000000001001110100000000000000000000011000000000000011000000000100001
000000000000000000001110000001000000000011100100000000000001100000000000011110000100000000000000100000000000001001110100001000000000001101100000000000000000000000000000001000000000111011010000000000000000000000000000000000111000010111000000
000000000000011000111000000001100000111000000000000000000000000000010000001000111001000000000000000000000110010010001000001000000000001111000000000000000000000001100001010000000000000000100000000000000000001000000000000000001110011111000000
100000000000000101001000000000100000011000000000100000000000000000101000000100000001100000000000000000000110110001111000001000000000001110000000000000000000000011110010010000000000000000100000000000000000001000000000000000000000010000001010
000000000001000001111000000000000000010000000010010000000000000000001000000101010001110000000000000000000001000000111011100000000000000000000000000000000000000111010110110010000000000000000000000001100000001000000000000000001000001100001100
000000000001000010000000000000000000001000000010010000000000000000110000000000000001001000000000000000000110000000000000000000000000000000000000000000000000000001010000010101000000000000000000000010010000000000000000110000011100001100000000
000000000001000000000000000000000000010110000011100000000000000000000000000000000000100100000000000001101110000000000000000000000000000000000000000000100000000001110000000011100000000000100000000001100000000010111000110000011010100000001000
001100000001001010000000000000100000001100000000000000000000010000000000000000001000001000000000000001101011000000000000000000000000000000100000000000100000000000001100010010100000000001010000000000000000010001000100000000000000000001001000
010010000000000000001000111000000000011001110000000000000000110000000000000000001000110000000000010000001111100000000000000000000000000011010000000000100000000000001100011000011100000001010000000000000000010000011000000000000000000001000000
010100000110001000101111111100100111010000000000000000000001010000000100000000000001100000000110011001111111000000000000100000000000000110000000000000000000000000000000001100111101100000100000000000000000100000000000000000000100000000100000
001000000000000000101001101100000011010100000100000000000000100000000100000000000000000000000100000101010110000000000000010000000000000000110000000000000000000000000000000111001000100000000000000000000000100100000000000000000100000000001000
000000000000001000011011001100010001000100000100000001100001011000000100000000000000000000000100011000000000000000000000000000001101100000000010001000000000000000000000000011000100100000000000000000000000010000100000000000000000000101101100
000000000000001010000100010000001001000000000100000110100001000000000000000000000000000000000010110000000000000000000000001100000101000000000101011000000000010000001000000000000101000000000000000000000000001110000000000000000000000110001101
110000000000000100000100000000010000000000000000011011000000000100000000000000000000000000000001000000000000000000000000010100000001000000000000000000000000101000000110000000000011101000000000000000000000000000000000000000000000000000001100
000000000000000000000000000000111001000001110000001011000000100100001100000000000000000000000001000000001000000000000000011010000000000000001101010000000000101100000010000000000000010001000000000000000000000000000000000000000000000011000000
001001110000000000000000000000100010000000000000000100001110010100010010000000000011000000000011000000110110000000000000011000001000111100000001100000000000011111001011000001100000010001000000000100000000000000000000000110000000000000101001
010001010000000000000000000000111011000000000000000000000110000000010111000000000011000000000100100000110110000000000000110011010011000100110000000010010000000101111011000001100000000010000000001000000000000000000000000110000000000001110001
010110010000000000000000000000011000100000000000000000000110010000100001000000010000000000000101000000000000000000000000111010110000110010100100000010010000001101101010000000000000000000000000001100001100000000000111000000000000000000000011
101100000000000000000000000000000000000000000000000000000000111000100001000000101000011000000011000100011011000000000000111110000101101110101000000000000000001100000100000000001110000000000000000000100110000000000101000000000000000001001001
010100000000000000000000000000000010010000110000000000000000000110010001000000100100011000000000000100011011000000000000001000000111001100010000000000110000001110000000000000001000000000000000000001111100000000000011000000000000000000100001
011000000000000000000000000000000001110000110000000000000011110110000100011000000100000000000000000100000100000000000000000000000011001011100011100001100000001010000000000000001110000000000000000000101000000000000001000000000111111000010001
001000000000000000000000000000000000000000000000000000001100000000000000011000100100000000000000000000000000000001100000100000000000001011000010101101110000001100000000000000000000000000000000000000001110000111000000000000001111111000001101
110000000000000000000000000000000000000000000000000000111100110000000000000101001000000000000000000000110000000001100011010000000000000110000000001000011000000100000000000000000000001000000000000011001000000100000010100000011011000000001101
000000000000001110000010000000000000000000000000000000010000010000000000010101000000000000000000100000000000000001000001010000000000000000000000000000010000000000000000000000000000010100000000000010000000000000000001000000010011100000000111
000000000000000000101110000000000000001101000000000000011111000000001100010110100000000000000001000011000000000000000000001000000000000000000000000100010000000000000000000010001100010010011000000000001000000000000000000000001111111000000000
000000000000110000001111000001100000111101110000000000000111000110010010000000000000000000000001000001000000000000000001101110000000000000000000000011100000000000000010000110011010000100010000000000010000000000000000000000000111111000000000
000000010000100000010000000011111000000100110000000000000000011001101100000000000000000000000000000010000000000000000001100011000011000000000000000000000000001000000011100101011010000000010000000000000000000000000000000000000000000000000000
000000001100100001000010100101011001000110111000000000000111001001000000000000000000000000000000000000000000000000000000011011000011000000000000000000000010011100000111100101010100000000000000000000000000000000000000000000000000000011100000
011100100100010000000010101110000000000110010000000000000101110000000000000000000000000001110000000000000000000000000000010010000000100000000000000000000101100001000000110110110000000000000000000000000000000000000000011110000010010000000001
011101000100000101100010100000000000000001110000000000000100110000000000000000000000000010011100000000000000000000000000001010000101000000000000000000001100001110000111100110100000000000000000000000000000000000000000110011000100000001110110
001101001000000001100000000000000000000000011000000000000000111000000000000000000000000100011100000000000001000000000000000101000010000000000000000000001000000100000011100001000000000000000000000001110000000000000001100001000010000111110110
000101110000000000110000000000000000000000100000000000000001101100110000000000000111000011000010000000001011000000000000000001000000000000000000000000000110110000000001000000000000000000010000000001110000000000000000000000000001110000000000
000000000000000000011000000000000010000000011000000000000001100000110011000010000000000000000111100000010010000000000000000000000000000000000000000000000000000000000000000000000000000000100000000010010000000000000000000000000000000100000000
000000000000000000001100111000110100000000000000000000000001100100000011000001100000000000000011010000001100001100000000001000000000000000000000000000000000000000000000000000000000000000111000000111000000000000000010000000000000000010000000
000000000000000000000101101000011100000000000000000000000000011000000000000011000000000000000011011000000000100000000000000110000000000000100000000000000000000000000000001000000001100000000000000111000000000000000101000000000000001110000000
000000000000000000000000110000001000000000000000000000000000000000000000000000000000000000000000000000000000110010000000000000000000000000010000000000000000000000100000000000000010010000000000000110000000000000001000100000000000000000000000
000000000000000000000000000000000000000000000000000000001000000000000000000000000000000000000000110000000000101011000000000000010000001100011000000000001110000001100000000000000010010000000000000101000000000000000100100000000000000000000000
000000000000000000000000000001100000000000000000000000010100000000000000000000110000000000000000010000000000011010000000000001101100001010000000000000001111000011000010000000000000000000000000001111100000000000000000000000000000000000000000
000000000010000000000000000010011000000001100000000000001000000000000000000000110000000100000000010000000000000000000000000000010000000001000000000110011001100001100110000000000100000000000000001101100000000000000000000000000000000000000000
000000000111000000000001100011111000000010010000000000000000000000000000000000000000011000000000000000000001011000000000000000000000000001110000000110001101000000101010000000001010001000000000000000000000000000000000000000000000000011000000
000000000100110000000001100010100000000010100000000000000000000000000000000000000001101100000000010000000010000100000000000000000000100000110000000000001110000000000000000000001001110000000000000000000000000000000000000000000000000011000000
000000100000001000000000000110001100000000110000000000000000000000000000000000000010111000000000111011000001100000000000000000000000011101110000000000000100000000000000000000000100101000000000000000000000000000011000000000000000000000000000
000001000010110100000000000110101000000000101000000000000000000000000000000000001110000000000000000000000000100000000000000000000000000000000000000000000000000000000000000000000000001000000000000000000000000000011000000010000000000000000000
000001000111000011110000000000110000000000000100000000000000000000000000000000001110000000000000010001000000000000000000000000000000000000000000000000001110000000000000000000000000010100000000000000000000000000000000000000000000000000000000
000011000000000001000000000000000000000000000100001000000000000000000000000000000110000000000011010110000000000000100000000011000000000000000101000000010101000000000000000000000000001110000000000000000000000000000000000001000000000000000000
000100111000000001111101001000001100000010011000010110000000000000000000000000100000000000000100000000000000000001111000000011000000000000011101101100001000010000000000000000001100001110000000000000000000000000010000000000100000000000000000
000111010000000000110000111000010100000001000000111110000000000000000000000001111100000000011100000000000000000010000100000000000000000000001000101100100100010001000000000000001101100110000000000000110000000011010000000011100000000000000111
100101101100000000100000010000000100000000000000110001000000000000000000000110101100000000000010000000000000000001100010000000010000011000011111000001100000100010100000100000000101111100000000000000110000001010010000100000000000000000001000
100010001100000000000000000111010000000000000000011110000000000000000000000100100010000000010110000000000000000100100100001110111000010100010101111000100000100010000000100000001111001100000000000000000000001011000000100000000101000000000000
100001000000000000000001000000111000000000000000001110000000000000000000000100100010000000001100000000000000000101011000001101100100000100000010111000011000000010000001100000011000110000011100000000000000000101000000000000001000000000010000
000000000100000000000101000000100000000000000000000000000000000000000000000010000000100000000000000100000000000101000000000001010000000100000010110000000100001100001000000000111000110001011100000000000110000001100011000000010001010000000001
000000000010000000000000000000000000000000000000000000000000000000000000000001100000010000000001000100000110111000000000000001111100001000010000110000010011001000000001000000000000000010000000000000000000001101000011010000010011010000100010
000000010110100000000000000000000000000000000000000000000000000000000000000000001000000000000010100000001001110000000000000000110000010000010000001000010100111111010001000000000000000110001000100000000000000110000011110000000011110001100010
000000110100010000000000000000000000000000000000000000000000000000000000000000011100000000000010010000001010001000000000000000000101100000010001000001101100110000000000000010000000000011000000010000000000000000000000100000001010000010000010
000000011110000000000000000000000000000000000000000000000000000000000000000000000001100000000001100000000100001000110000000000000110000000001001000100011000000000101000000011010000000001100001010000010000100000000000000000000011001100100000
000000000110001000000000000000000000000000001000000000000010000000000000000000000000100000000000000000000000001100111000000100000000000110000000011100010000000000100100000011000000000000001010011000111011010000000000000000000000001000100001
000000000010001000000000000000000000000000001110000000000101100000110000000000000111000000000000000000000000001110111000110000000000000110000000000000000000000100001000000011000000000000000000010001101101000000000000000000000000001000100000
000000000010010000000000000000000000000000110110000000001000100001000100000000000110000000111000000000000011000000111001000000000000000000000000000000000000001010011100110001100000000000000000000001101111001000000000000000000001110011001010
000000000001100000000000000000000000000001000010001010000110010000000100000000000000000000111000000001100010100000100001000100100000000000000000000000000000000010010001110000000000000000000000000001101000101000000000000000000010101101100100
000000000111000000000000000000000000000000100010011100000000000000100000000000000001110111010100000010010001000000000001000001100000000000000000000001000101110100100000000000000000000000000000000001001000111000000000000000000100110111000000
000000001001000000000000000000000111110000001101101100000001110000101000000000000110111110001110000010100000000000000000000001110000000000000000000010111111110000100010100000000000000000000000000000110000000000000000000000000011000110000000
000000011100100000000000000000001100110000001010100000000000000000011000000000000111001011110110000001000001100000000000010100000000001100000000000100011000000111111111100000000000000000000111000000000000000000000000000000000000000000000000
000000000000100000000000000000000100011000000110100000000000000000011000000000000100101101100000000000000001010000000000000100001101001100000000000010001111000001000010000000000000000000000000000000000001010000011000000000000000000000000000
000000000000001000000000000000000100000110001100110000000000000000001000000000000001101000000010000000000000001000000000000000000111000100000000000001111111000100100000000000001100000000000000000000000001000100000000000000000000000000000000
000000000011000000000000000000000000000000000100100000000000000000011111100000000100000101100011000000011000010000000000001110000000000000000000000000111000000100111000000000001100000000110000000000000000000111001000000000000000000000000001
100000000001101000000000000000000001000101000011000000000000000000001011100000000000110111000011001010110000110000000000000000000001000000000000000000000000000000000000000000000000000001001000000000000000010000010000000110000000000000000011
010000000000000000000000000000000001110010000000000000000000000000000000000010000110010010111011000001011110100000000000000000010000011100000000000000000000000001110000000000000000000001001000000000000000001000100000001001000000000000000101
111000000011100000000000000000000111000110000111000000000000000000000000000111000110011110100010001001001111000000000000000000010000111100001110000000000000000000000000000000000000000001000000000000000000001001000000001011000000000000001110
010000000000000000000000000000110010001110000001000000100000000000000000000000000110000101010111001010000010000000000000000000010000111000000000000000000000000000000000000000000000000001011000000011000111000000000000011011000000000000000101
100000000000000000000000000000011100000001000001000000110000000000000000000000000000100010000001000000000000000000000000000000001010000000000000000000010000000000000000000000000000000001010000000100100101000000111000010010000110000000000011
000000000000001100000000000000000000000000000001000001001000000000000000000000000001100000000010000000000000000000001110000000000100100011000000000000111000000000000000000000000000010000100000000101000011000000001000000111011011100000000001
000000000000000000000000000000000000001010100111000000010000000000000000000000000000000000000110000000000111000000000000000000000000100001110100000001010100000000000000000000000000010000000000000000000000000000001000000001000000010000000000
000000011000001001000000000000000000011000000000000001100000000000000000100000000000000000000000000000111100100000000000000000000000010000010100110001010100000000000000000000011000000000000000000001010001100000000000000000100101011000000000
000000100100000000100000000000000001101000000000000101000000000000000011000000000000000000000000000000111011000000000000000000000000000001010100110000111000000000000000000000011101011000000000000010000011100000000000000000000100010100000000
000000011000000100100000000000000110000100000000001010000000000000000000000000000000000000000000100000000000000000000000000000000000001011110100000000010000000000000000000000011100011000000000000010111110010000000000000000010000000001010000
000000000000000011000000000000000010000000000000000100000000000000000000000001000000000000000000100000000000000000000000000000000000001100010010000000000000000000001100000010000000010100000000000111000011000000000000000000110000000000001100
000000000000000000000000000000000010001000000000000000000110000000000001110010100000000000000001000000000001110000000000000001100000000000001000000000000000000000001100001001000000000000000000000111000101000000000001111000011000001000011000
100000000000000000000000000000000000000000000000000000000111100000000001110001100000000000000000000000000000101000000000000001100000000000000010000000000011100000000000000110000000011000000000000000000000000000000110011000000000011000011001
000110000000000000000000000000000001110000000000000000000000001101000001100000000000000000000000000000010101111000000000000001100000000000000111000000000011111000000000000000000000010000000000000000001100000000000010001100000000000100000000
010011000000000000000000000000000001100000000000000000000111001101000000000000000000000000000000000000111000000000000000110000000000000000000000000000000000000000000000000000000000010010000000000000001100000000000000010011000000000000001000
001110000000000000000000000000001001100000000000000000000101110001000000000100000000000000000000000001011000000000100001000101110000000000000011000000000110000000000000000000000000010100000000000000010010000000000000001110000000000000110100
011100000000000000000000000000000111000000000000000000000000000000000111000011000000000000000000000111000000000001010000000101100000010000000000000010001101100010000000011000000000110000000000000000001100000000000011000100000000000001000100
111000000011000000000000000000000010000001110000000000000000000000000000000111000000000000000000001111001000000001011000100010010000010000000000000111001000000000000000011000100000000000000000000000000000000000000001100000000000000001001010
000000100011000000000000000000000000000001001000000110000010000000000110000111000000000000000000011101101100000000000000001100010000000000000000001010111000000100000000000000110000000000000000000000000000011000011000000000000000000000000111
000000100001010000000000000000000000101110000100001000100101100000000000000110000000000000000001000101101000000000000000001101100000000000000000001000100000001000000000010001010000000000000000001000000000010011001000000000000000000000000110
000000000001110000000000000000000001000000001100010000010100100000000000110100000000111000000001000110000000000000000000000010000000000000000000110000011010000000000000011100000000000000000000010110000000000000101000000000000000000000110110
000000000000010000000000000000000001100000000100001000111001100000000000100100000000000000000001000100000000000000000000000000000000000000000001000010000100000000000000011111000000000110000000010000000000000100000000000000000000000000001000
000000000000000000000000000000000000001000001100000110000001100000000000101000000000110000010000000010000000000000000000000000000000000000000011100101001110000000000000000000000000000110000000001010000000000010010000000000000000000000000000
000000000000000110000000000000000000000100101000000000000011000000000000000000000000110000100100000101000000000000000000000000000000000000000001000010000100000000000000000000000000000000000000000100000000110010100000000000000000000000000000
000000000001100110000000000000000000000110000000000000000000111100000000000000000000110001000000000011000000000100000000000000000000000000000000110000011000000000001000000000000000000000000000000000000000001000000000000000000000000000000000
000000000000001100000000000000000000000000000000000000010001001100000000000000000000000000100010000010000000000100000000000000000000000000000000001000100000000000011000000000000000000000000000000000000110000000000001000000000000000000000000
000000000001001000000000000000000000001000000000000000100000100000000000000001000000000000001100000000000000001010000000000000000000000000000000001010100000000000010100001010000000000000000000000000000110010110000010100000000000000011000000
000000000001010000000000011100000000111000000100000000000111000000000000000001000000000000000010000000000011000100000000000000000000000000000000000111000000000000000000001001000000000000000000000000001000010100000010100000000000000011000000
011100000000110000010100010100000000000000001010000001000111000000000000000000000000000000000001000000000110011100000000000000000000000000011000000010000000000000000000010000000000000000000000000000000000001000000001000000000000000000000000
100100000000000000011100100100000000011000011011000001010000000000000000000101010000000000000101000000000010001000000000000000000000000000011100000000000000000000000000001110000000000000000000000000000000000000000000000000000000000000000000
110100000000000000101100110000000000000000001010000000000000000000000000000111110000000000000011000000000001000111000110000000000100011100000100000000000000000000000000110000000000000000000000000000000011000000110000000110000000000000000000
000000110000000000000000100000000000000000000100000000000011100000000000011011101100000000000000000000000000111111111001000000000110011000000110000000110000000000000001110000000000000000000001100000000100100001001000001001000000000000000011
000000110000000000000100100000000000000000000000000000000110110000000000001101011000000000000000111000000000000100000001000000000010010000001110100000110000000000000001110000001100000000000001100000000110110000110000000110000000000000000011
010000000000000000000011000000000000000000000000000000000110100000000000111110111101100000000000000000000011000000000001000000000001000000000010100000000000000000000000111000010010000000000000000000000000010000000000000000000000000000000011
000100000000000000000010000000000000000000000000000000010101100000000000001101011000000000000001000110001011000000000000001110000000000000000011100000000000000000000000111000001100000000000000000000000000000000000001000000000000000000000000
110110000000000000000000000000000000000000000000000000000000011100000111111000101100000000000000110110011000100001000000000110000000000000000000000000000000000000000001000000000000000000000000000000010100000000000010100000000000000110000000
000101000000000000000000000000000000000000000000000000010000000000000110001000110000000000000000110000000100100110100001000100000000000000011000000000000000000000000001000110000000000000000000000011110100000000000010100000000000000110000000
000001100000000000000000000111000000000000000000000000001000001100100000010000010000000000000000000000000100101000100011010000000000000000011000000000000000000000000010010110000000000000000000000011111110100000000001000001110000000111000000
000011000000000000000000001100100000000000000000000001100111111111100111000001000000011000000000010000000000010000000100010000000000000000000000000000000000000000000011100000000000000000000000000000000010010000000000000011111000000000000000
000010000000000110000000010000000000000000000100000000000001110000000100011000000000100100000000000000001000000000000010000000000000000000000000000000000000000000000000001010000000000000000000000000000000110000000000000010011100000000110000
000000000000001001000000001100010000000000001100000001101000000111111000101000000000011000000000000001101100001100000000000011000000000000000000000000000000000000110001000010000000000000000000000000000001111000000000000110010010000011010000
000000000000000101000000010000000000000000010100000000000000000010010000110000000000000000000000000010100100000000000000111000000000000000000000000000000000000000101000001000000000000000000000000000000100001100000000000110001010000001100000
000000000000000010000000100000000000000000011000000000100010000000000001110000000000000000000000000000000000000000000000011111000001110000000000000000000000000000010000001000000000000000000000000000001100000000000000000110100010011101000000
000000000000000000000000110001000000000000001000000000010000000000000000000000000000001000000000000000000000000000000000000011000001110000000000000000000000001100000000001000000000000000000010000000001100110000001100000011101000011000000000
000000000000000000000000010110000000000000000010000100000001000000000000011100000000100100000000000000000000000000000000000011000000000000000000000000000000001100000000000100000000000000000010000000000000110000001100000001001100011000000000
000000000000000000000000000000000000000000100010000111101101000000000000000000000001000100000000000000000000000000000000000010100000000000000000000000000000001100000010000100000000000010000100001100000100001000000000000000110000100000000000
000000011000000000000000000000000000000000010000000011100000000000000000011000000001000100000011000000000000000000000000000010100000000000110000100000000000000000000000001100000000000101000010011010001000010000000000000000000001100000000000
000001000110000000000000000000000000000000000000000000100000000000000000000000000001000110000011000000000000000000000000000001000000000011010001111000000000000000000000000000000000000010000010001010000000000011000110000000000001100000000000
000011100010000000000000000000000000000000000010100001000000100000000000000000000000100100000000000000000000000000000000000000000000000000000010011100000000000000000001110000000000000000000000000000000101100100100111000000000000000000000110
000100111100000000000000000000000000000000000010101011100001111111000000000000000000000000000000000000000000000000000000000000000000000000000011110100000000000111000000000000000000000000000000000000000000110000100110000000000000000000000011
000000100000000000000100000000000000011000000000000100010001111000010000110110000010000000001000000000000000000000000000000000000000000010010001001000001100000000100000000000000000000000000001110000000000010101000000000000000000000000011010
001000010000000000011011000000000000000000000111110101110000000000010000110110000101000000001100000000000000000000000000000000000000000000110011011000100010100001000110000000000000000000000100001000111000010000000000000000011000000000000000
000100110000111000000000000000000000000010000100000001000000000100010000110110000101000000011010000000110000000000000000000000000000000000000001000000100000100000001001000000000000000000000111000101000000100000000000000000001000000000000000
000110110000001000010001000000000000000010000001110100010000001010100000001000000010000000000000000011010000000000000000000000000000000000000100010001000100000011000110000000000000000000000010000011001111110000000000000000000000000000000000
100000000000010000001110000000000000000010000011111111110000000011001110000000000000000000010000000011000000000000000000111000000000000000001000000001011000000100100000000000000000000000000000000000101011111100000000000000000000000000000000
001000000000000000000000000000000000000000000000000111000000000000001110000000000000000000001110000000110000000000000001001000000000000000001000100000110000000011000000000000000000000000000000000010011010011000000000000000000000000000000001
001000000000000000000000000000000000000000000000000000000000000000100100000000000000000000001110000000001100000000000001000110000000000000000111000000000000000000000000000000000000000000000000001110000111111000000000000000000000000000000011
000100000000001000000011000000000000000000000000010000000000000000110000000000000000000000000000000000000000001110000001100010000000000000000000000000000000000000000000000001100000000000000000010100000101100000000000000000000000000000000001
010000000000110101100100100000000000000000000000000100000000000000111000000000000000000000000000000000010100001010000000010010000000000000000000000000000000001110000000000010010000000000000000000000000011000000000000000000000000000000000001
111000000000011000100011000000000000000000000001000100000000000000000000000000000000000000000000000000001000001001000000011100000001000000000000000000000000010001000000000001100000000000011000000000000000000000000000000000000000001111000000
000000000000001100010000001100000000000000000010000100000000000101000000000000000000000000000100000000000000000110000000000000000011100000111000000000000000000000011100000000000000000000000000000000000000000000110000000000000000010011100000
000000000000000011100000000000100000000000000001010100000000000100100000000000000000000000000100000000000000101010000000000000000000000011000000000000000000101010111110000000000000000000011000000000000000000001001000000000000000001000100000
000000000000000000000100001101010000000000000001111000000000001000100000000000000000000000000100000000000001011111000000000000110000000011011000000000000000001010100001001000000000000001000111000001100000000001000100000000000010001001000000
000000000000000000001110000001011000000000000000000000000000000100100000000000000001110000000000000000000001100000100000000000001000000000000000000000000000100011001010010100000000000011001110100001100011000001000100000000000001100111000000
000000000000101000011011000001010000000000000000000000000000000101000000000000000001110000000000000000000001100000111000000000000000000000000000011111000000100000101000010100000000000011111110100000000000000001000110001100000000100000000000
000000000001001000111011100000100000000000000000000010000000000000000000000000000010001000000000000000011000000000010011000000010000000000000000011110000000010001100000010100000000000000000001100000000000000001100100001010000010010000000000
000000000000000100011011000000000000000000000000000010000000000000000000000000000011011000000000000000001110110001100011000000011000000000000000000110000000000001110000000000000000000000011101100100000000000000111000000100000010100000101100
000000000110001110001110000000000000000000000000000010000000000000000000000000000000000000000000000000011101000100110000000000000100000000001100000000000000001100001000110000000000011101111100100100000000000000010000000000000001100010001100
000000000001000000000100000000000000000000000000000000000000000000000000000000000000000000000000000001010000000101100000000011111000000010000000000000000000001000011000110000000000100001010000001000000000000000000000000000000000000000000000
000000000000000010000000000000000000000000000000000000000000000000000010100000000000000000000000000001110011100100000000000110110000011000000000000111000000000000101100110000000001000110000101100000000000000000000000100000000000000001100000
000000000000000010000000000000000000000000000000000000000000000000001100011000000000000000000000000000101100000100010000011000011000011001000000000100000000000000010000000000000001000010000010000000000000000110000011001000000000000000000000
000000000111001100000000000000000000000000000000000000001100000000001101010000000000000000000000000000001100000011010000011011101100011110111000000000000000000000000000000000000000111000000000000000001111010010001100001000000000000000001010
000000000111000000001000000000000000000000000000000000010100000000000110010001100000000000000000000001101000000001111100011100000110100000011010001000000010000000000000000000000000000100000000000000001111110001001100001000000000000000010001
000000001101110000001010000000000000000000000000000000001000000000000000100010010000000000000000000001100000000000001110000000000000100000000011000000000111000000000000000000000000001100000000000000000000010110010010100000000000000000000001
000000000111110000001010000000000000000000000000000000000000000000000011100010000000000000000000000000000000000000001100000000000000000000001101001100000100100000000000000000000000011000000000000000000011010000001111101000000001000000000011
000000000001000000000000000000000000000000000000000000000000000001101110000010001000000000000000000111000000000000000000000000000000000000001000011100000011000000000000000010000000000000000000000000000001010000001100010000110001110000011011
000000000000000000000000000000000000000000000000000000000000000010000100000001001000000000000000000001000000000000000000000000111000000000000000010000000000000000000000000011000000000000000000001100000001001000000000000000100001000000000100
000000000000000000000000000000010000000000000000000000000010000000001100000000111000000000000000000010001100000001100000110010000000000000000010000000000000000011000000000001000000000000000000001100010000111000000000000000011010000000000000
000000000000000000000000000000010000000000000000000000000000100010001100000000000000000000000000000011011010001011100101000000000000000000001110000000000000000001000100000000000000000000000000000000101000000000000000000000001011100000000000
000000000000000000000000000000010000000001000000000000000001100000000000000000100000000000000000000110011001000110001010100001000000000000000000000000000000000000111000000000000000000000000000000000011000000000000000000000000101100000000000
000000000000000011000000000000000000000010100000000000000000000000000000000001010000000000000000001111010000101000011010010001001000000000000000000000000000000100111000000000000000000000000000000000000000001000011000000000000101000000011000
000000000000000100100000000000000000000100100000111000000000000000000000000001010000000000000000001011100011111000110100000000110000000000000000000000010000000010000000000000000000000000000000000000000000001000011000000000000011111000101100
000000000000000011000000000000000010000111000000000011000000000000000000000000100000000000000000000010000111110001010000000000000000000000000000000000100000110110000000001000100000000000000000000000000000000000000000000000000000000101001000
000000000000000000000000000000000101000111000000011011000000000011100000000000000000000000011000000001000000010010000100000000000000000000111011110001100111111000100100000111000000000000000000000000000000000010001000000000000011000001000000
000000000000000000000000000000000110000110000000000000000000010000000000000000000000000000100100000000000000000010000100000000000001100000010110010000001111000000100010000111000000010100000000000000000000000110000100011000000011000110000011
100000000000000000110000000000000000000000000000000000000001011010010000000000001100000000011110100000010000110010001101010000000001100000001001011001111100000000100100000000000000000000000000000000000000001100110010011000011111011000100010
100000000000000001001000000000000000000000000000000000100010010010000000000000010010000000001111110000000001010010010001101100000000000000000100111010010000000000001000000000000000010010000000000000000001101000111010011100101111000001100000
000000000000000000110000000000000000000000000000000001010011000001100000000000001100000000000101111100000000100001010000010000000011100000000011011100100001100000000000100100000000010010000011000000000000100001010000001101110010001100000101
000000000000000000000000000000000000000000000000000010000000000000000000000000000000000000001100000010000000000000101000000000000000100000000011010000000010010000000001111100000000010100000011000000000001100001000111100110000001001100000010
000110000000000000000000000000000000000000000000000010010000000000000110000000000000000000000111010000000000000000011000000000000011111100000101011000111010010000011010001100000000000100000000011100000001110001011111111100000000110000000000
001101000000000000000000000000000000000110000000000110110000000000001000011000000000000000000011010000100100000000101000000000001000011111001101111010000110000000000000000000010111000000000000011100111001100001000001111000000000000000000000
001011100000011000000000000001000000001100000000000010110000000000000000001000000000000000000000000000100100001100000000000000010001000011110110000110101011000000010000000000000000000000000000100100110101001011111100000000000001100000000000
011001100000111000010000000001000000000100100000000001000000000000000110001000000000000000000000100000010000001100000000000000001101010010011100000001100011100000000000000000010001100000000000100010001100001010000100000001100010100000000000
110000100000111000111000000001000000000100100000000000000000000000000010010000000000000000011000000001000000000000000000000000000000010111111000000000000011100000000000100000000110000000000000100110000110000001110000000000010010000000000000
101111000000010100110000000000000000000000000000000000000000001110000001000000000000000000011101000010000000000000000000000000000000100010100000000000000001100000000100011100000000000000000000001110000000011101000000000110110011100000000000
101100100000001100000000000100000000110001000000000000000000111010000000000000000000000000100001101100000000011000000000000000000000100010100000000000000000000110111001010110000000000000110000000000000000000111000000001001000000000000000001
111011100000000000000000001110000000000000000000000000000000000100000000000000000000000000011100001100000000011000000000000000000000000000100000001000000000000010000010000001000000000000110000000000000000000101000000001010000000000000000001