000110000000000000000000001010000000011100000000000000000000001000000000001000000000000000010100010100000000000100000000000000000000000110010000011000100000000011001111011110000000000000000100000000000000000011000000001100000000000000000000
110001000000000000000000101100000001110010000000000000000000000000000001101100000000000000000000111000000000000111000000000110000000001000010000010000010000000000001100011000000000000000001100000000000000000000000000000000000000000000000001
110000000000000000000001000001000011000010000000000000000000000000000010010110000000000000000000001000000000000000000000000110000000000000100000001000000000000000000000000000000000000000000000000000000000000000000000000000000000001100000001
000000000000000000000001011010001011010110000000000000000000100000000011110010000000000000000000000000000000000000001100000000000000000111000000000000000000000000000000000000000000000000000000000000000000000000000000010000000000010010000000
000000000000000000000100001000000000010010000000000000000001001000000000111100000000000000000000000000000000000000011000000000000000000000000000000010000000000000011000000000000000000000000000000000000000000000000000101100000000001010000000
000101000000000111001100010000001100111001000001110000000001001100000000001000000000000001100000000000000000000110001001000100000000000000000000000110000001100000011000000001000000000000000000000000000000000000000000100100000000000100000000
000101000000000000010000011000000000011000000000110010110001100011000000000000000001100000000100000000000000000110000111001010000000000000000000000110000001100000000001100110110000000001100000000001001000000000000000011100111000000000000000
000000000000000000010000011000000000001100000100100000010000000110000000000000000010010001101100000000000000000000000000000010000000000000000000000000000000000000000000011101000000000000001110000001000000000000011000000000000000000000000000
001100000000000000010001000000000000000000001101000101100000000100000000000000000010100001100100000000000000000000000001011000000000000000000000000000000000000000000000001100000000000000000000000000001000000000100100000000000000000000000111
101100100000000110010001000000000000000000000000000100000000000000000000000000000001000001100000000000000000000000000000011100000000000000000000000000000000000000000001001100000001000000010100000000000000000000101100000000000000000000011000
100010100000000110011000001111010000000000000110000000000000000000000000000000000000000001110000000000000000000000000000001100000000000000110000000000000000000000000000011100000011100000111010000000000000000000011000000000000000000000010001
100001000000000000011110001101011000000110000000000000000000011000000000000000000000000011100000011100000000000000000000001100000000000001101000000000000000000000000011100110001110000000000000000000011000000000000000000000000000000000110011
000000000100000001110000001111111101000000000000000000000000001100000000000000000000000010100000011000000000000000000001111000000000000000100000000110000000000000000001110010001100000001100000000000111000000000000000100000000000000000110010
001100001010001110110000000000001101000000000000000000000000000100000000000000000000000010000000001011000000000000111000101000000001000101000000000000000111000000110111111100001100000000000000000000000000000000000001110000000000000000001011
010100010010011010100000111010011000000001000000000000000000000000000000000000000000000010010000001011000000000000100000101000000011000101000000000000011001000000111111000000000000111000000000000000000000000000000011011000000000000000000000
011000000000001010110000000010011000000001000000000000000000000000000000000000000100000001001000000110000000000000100100110000000111000011000000000000010011000000001110000000000000111000000000000000000000000000000001110000000000000000000000
000000000000010010010000000010010000000001000000000000000000000000000000000000000100000000101100000000000000000000010100000010000001000001000011000000011100000000000000000000000110011000000000000000000000000000000000100000000000000000000000
000001000000010001110000000101100100000000000000000000000000000000000000000000000100000000011000000000000000000000001101100100100100100110000000000000000000001110000000000000000011000000000000000000000000000000000000000000000000000000000000
000110000100001000010010000110000010000000001000000000000000000000000000000000000000000000000000000000000000000011000100100100100001110000000000100000000000010010000000000000000001000000000000000000000001110000000000000000000000000000000000
000000000100011100100010000000000010000000010100110000000000000000000000000000000001000000000010010000000000000100100100100000100000111101101110100000000000100001000000000000000000000000000000000000000001000000000000000000000000000000000000
000000110111011100000010000000000000000000010100110000000000000000000000000000011001000000000110010000000000001100111000000100100000000101101100100000001000000100000000000000000000000000000000000000000001001000000000000000000000000000000000
000000001011011000000000000000111000000000001000000000000000000000011000000000100000100000001000001011000000000110000000100101000000000010001000000000010100111101100000000000000000000000000000000000011000001000000000000000000000000000000000
000000000100010000000000000000000000000000000000000000000000000000100100000001100101000000001111100011000100000011111100000000000000000000000000000000110110010100111000000000000000011000000000000001111110010000000000000000000000000000000000
000000001000000000000000000000000000000000000000000000000000000000101000000000110001000000000010001000100111000000110000100000000000000000000000000000110110001100000000000000000000011000000000000011000011100001000000000000000000000000000000
000000011000000000000000000000000000000000000000000000000000000000010000000000011100010000100001111000101000100000000110110000000000000000000000000000001110001010000000000000011000000000000000001100011111100110110000000000000000000000000000
000000011000000000000000000000000000000000000000000000000000000000000000000000000000110001010000111100010000100000000100110000000000000000000000000000000000000011000000000000110000000000000000001001001100000110110000000000000000000000000000
000000000000000000000000000000000010000000000000000000000000000000000000000000000000101011000000000000010101100000000011100000000000000000000000110000000000001001000000000000100100000000000000001001001100000000000000000000000000000001100000
000000000000000000000000000000000111000000111000000000000000000000000000000000000001000010000000000001100010000001000001000000000000000000000001110000110000000110000000000000011000000000000000000110001000001101100000000000000000001111000000
000000000000000000000000000000000101100000000000000000000000110000000000000000000000010100000000000000000000000011100000000000000000000000000001010000110010000000000000000000101000000000000111000001110000001101100000000000000000001101011000
000000000000000000000000000000000010000010000010000000000001110000000000000001000011001100111000000000000000000100010000000000000000001100000010010000000100000000000000000000000000000000000000000000110000000010000000000000000000000010110000
000000000000000000000000000000000000000010000010000000000000000000000000000111110001010100110000011000000000001110111000000000000000010010000001010000000010000000000000000001000000000001000000000000000000000000000000000000000000000000110110
000000000000000000000000000001101101000010000010000000000000000000000000010111110010001100100010101100000000001000010000000000000000010100000000100000100100000000000000000110110000000001000000000000000000000000000000000000000000000000001100
000000000000000000000000000011101000110000000000000000000000000011001100101101110011101001000100000100000000011101110000000000000000001000000000000000111110000000000000000100010000000001000000000000000000000000000000000000000000000000000010
000000000000000011000100000011011000010000111000000000000000000010111101101000100011100011001000011000000000001000100000000000000000000000000000000000000000000000000000000100100100000000000000000000000000000000000000000000000000000000001100
000000000000000011001010000001100000011000000000000000000000000001010010000001000001100100001111110000000000000111000000000000000000000000000000000000000000000000000000000000001111000000000000000000000000000000000000000000000000000000011000
000000000000000000000110000000000000000000000000000000000011101000011100000000111000000000000000000000000000000010001000000000000000000000000000001110000000000010000000000000001001000000000000000000000000000000000000000000000000000000010000
000000000000000000000000000000000010000000000000000000000001011100001100000000100000100000000000000000000000000000010100000000000001100000000000001001100000001111000000000000010101000000000000000000000000000001100000000000000000111000000000
011000000000000000000000000000000100100000000000000000000101110010000000000001000000100000000000000000000000000000010100000000000001100000000000001100010000010000100000000000001000000000000000000000000000000010100000000000000000000000001000
011000000000000000000000000000000111000000000000000000000010000100000000000000110101000000000000000000000000000000001000000000000000000000000000000010001000100000000111111000001000000000000000000000000000000001000000000000000000000000111100
000000110000000000000000000000000110000000000000011000000000000000000000000000000000000000110000000000000000000000000000000000000000000000000000000000001100010010011100110100000000001110000000000000000000000000000000000000000000000001000010
000000110000000000000000000000000000000000000000011000000000000000000000000000000000110001010000010000000001100000000000011011100000000001110000000001101000011000000000010001000000001110000000010000000000000000000000000000000000000001000100
000000000000000000000000100000000000000000000000000000000000000000000000000000000000110001110000111000000001100000000000001110010000000001000000000000000000001010111101001111100000010001000000101000000000000000000000000000000000000010000000
110000000000000000000000010000000000000000001100000000000000000000000000000000000000000000000000101100000000000000000000000000000000000001100000000000000000000000010000000000010000010000000000111000000000000000000000000000000000000010000100
100010000000000000000000010000000000000000010010000000000000000011000000000000000000000000000000001010000000000000000000000010001000000000010000001100000000101001100000000011011000010011000000000010000000000000000000000000000000000001001111
000010000000000000000000001100000000000000010000100000000000000111000000000000000000000010000000001110000000000000000000000000000000011100000000010010000000000000100110000110110000000111000000000010000000000000000000000000000000000000101101
100000000000000000000000001100000000000000001111110000000000011011000000000100000000000101000000010000100000000000000000000000000000111100000000010010000000111000000111000000000000011110000000000000000000000110000000000000000000001000000101
101010000000000000000000000000000000000000000001011000000000011000000000001010000000000101000000010100100000000000000000000001110001000001000000001100000000000000000001000000000000100000100000000000000000000110000000000000000000000100000000
000101000000000000000000000000000000000000000001010000000011000100000000000110000000000010000000100101000000000000000000000000000000001010000000000000000000000000000001000000000000100000100000000000000000000000000000000000000000001000000001
101100100000000000000000000000001100000000000001010000011010100000000000000000000000000000000000000000000000000000001100000000000000000010000000000000000000000000101000000000000000110000110000000000000000000000000000001100000000000000000001
000011000000000000000000001110001100000000000001100000001000100000000000000000000000000000000000010000000000000000010010000000000000000000000000000000000000000000000000000000000000000100110000000000000000000000000000001100000110000000011111
000000000000100000000000000000000000000000000001010000001101100000000000000000000000000000000000111000000000000000001100000000000000000000000000000000000000000010010000000000000000000100100000000000000000000000000000000000000110001000100100
000000000011010000000000000000000000000000000011100000001100000000000000000000000000000000000001111000000000000000000000000000000000000000000000000000000000000010010000000000000000000010001000000000000000000000000110000000000000011000100100
110000000010010000000000000000000000000000000010000000011000000000000000000000000000000000000000000000000000000000000000000000000000000000000000000010000000000010100000000000000000000000001000000000000000000000000001000000000001100011111000
101011000110110010000111000000000110000000000010000000010100000000000000000000000000000000000001100000000000000000000000000000011000000000000000000101000000000000100000000000000000000000100000000000000000000000001010000000000000010001100111
001000000100110010000111000000000001000000000000000100110110000000000000000011000000000000000000110111010000000000000000000000100100000000000000000101000000000000110000000000000000000000010001000000000000000000010010000000000010000000001010
110111000011110010001000100011100110000000000000001001110100000000000000000011000000000000000000011100010000000000000000000000011000000000101000000010000000001000000000000000000000000000011101110000000000000000000000000000000000001100000001
000000000001000010001000111111010000000000000000000110001110000000000000000000000000000010000000001011010011000000000000000000000000000001001000000000000000001011000011000000000000000000011000000000000000000000000000000000000000001010101000
000000000000001011000101011000000000000000000000000010000111000000000000000000000000000101000000000000110001000000000000000000000000000001001000000000000000001001110100000000000000000000000000000000000000000000000000000000000000100000110000
000000000000000001000010001000101100000000000000000000001001000001100000000000000000000101000000000000011101100000000000000100000000011000110000000000000000000100110011000000000000000000000000110000000000000000000000000000000110110000110000
011100000000000000000000001000101100000000000000000000001001000010010000000000000000000010000000000000001011100000000000000110000000110100000000000000000000000000101000000000000100000000000000110000011000000111000000000000000001101000110000
000000000000000110000000000100000100000000000000000000001110000001010000000000011100000000000000000000000010000000000000110110000000010100000000000000000000000001101001000000000100000000000000100001001100001101000000001100000000011000100000
000000000000000110000000000000001000000000000000000000001100000000100000000000000000000000000000000000000001100000000000010010000000001000000000000000000001110000011111000000000000000000000000000001000010010010000000000100000000011000110000
000000000000010010000000000001100000000000000000000000001000000000000000000000000000000000000000000000000000100000000000001100000000000000000000000000001101001000010001000000000000000000000000000010000101100111000001111100000000001010110000
000000000000100010000000000000000000000000000000000010010000000000000000000000000000000000000000111000000000000000000000000000000000000000000000000000001110100100001101000000000100000000001000000010011001100111000001110000000000000111000000
000000000000010010000000000000000000000000000000001101000100000000000000000000000000000000000000101000000000000000000010000000000000000000000000000000000110100010001101000001011010000000010001100001000001011000100000000000000000000000000000
000000000000000000000000000000000000000000000011010000001100000000000000000000000000000000000000110000000000000000001101000000000000000000000000000000000001101100000001000010100000000000011010000000000011011101000000000000100000000000000000
000000000100001110000000000000000000000000000111010011100000111000000000000000000000000000000000000000000000000000001101100000000000000000000000000000000000000000000000000010000000000001110000000000000001011110000000000001000000000000000000
000000001010001001000000000000000000001110010000010001000001010000000000000000000000000000000000000000000000000000001101100000000000000000000000000000000000000000000000000001000110000000100000000000000000100000000000000000000000000000000000
000000100111000110000000000000000000001010110011001100000000000000000000000000000000000000000000000000000010000110000011100110001110000000000000000000000100000000000000000000100111100000010001100000000000000000000000000011000000000000000000
000010101001000000000000000000000000110011100001000000000001101010000000000000000000000000000000110000000101000110000000101010001010000000000000000000001001111000000001100000001011100000000001100000001110000000000000000011100000000000000000
000100000010000000000000000000000000111000011001000000000010111100000000000000000000000000000001011000001101110111000000111000000000000000000000000000000000010100000010010000000001010000000001100000010000000000000000000000000000000000000000
000011001010000000000000000000000000110000001010000000000011001100000000010000000000000000000001100000000111111111000000101100000100000000000000000000000101100100000010010000001000110000000000000000010000100000000000101000000000000000010000
000000000000000000000000000000000000000000000000000000000000000000000000101000000000000000000000100000000010000001000010000010000100100000000000000000000000000000000001100000110000000000000000000000000110010000000001001001110000000000101000
000000000000000000001000000000000000000110000000000000000000000000000000101000000000100000000001100000000001110100100110000011000100000000000000000000000000010100000000000000110110000000000000000000000000010000000000000000000000000000110001
110000010110000000010100000000000000000110000000011000000000000000000000010000000001010000000000000000000000111000001000011111000010000110000000000000000000100000000000000000110010111000000000000000000000110000000010111100010000000000000110
110000010010000000001110000000100000000000100000111100000000000000000000000000000000110000011100000000011100000000000000011011000011000011000000000000000000100100000000000000001110111000000000000000000000000000000000000001100000000000000110
000000011100000000000011000001010000000001110001000100000000000000000000000010001100000000000100000000000000000000000000100110001000000001100000000000000000010100000000000000000000010100000000000000000000000000000011000010000000000000000111
000000000000000110000000000000100000000010010000011010000000000000000000001110100010000000000011100000000000100000000000111000001000000000110000000000000000001000000000000000000000000001000000000000000000000100000000000010000000000000000000
000000000000000110001010000000000000000100010011111100000001100000000000010010010010000000000011000000000000111001010110111000000101000000000000000000000000000000000000010000000000100000110000000000000000000011000000001100101000000011000000
000000000000001100000000000001100000010110100011000100000001100000000000010001000110000000000000100000000010011101000110011000000010001000010000000000000000000000000000001000000000111010010000000000000000000000000000000000100000010000100000
000000000000001000100000000001100000101101000000000000000000000000010000010010011011100000000000000000000111111010000100011100000000010000100000000000000000000010010000111000000000010000110000000000000000000000000000000000001100110001000000
000000000000001011000100000001100000000000000000000000000000000000001000001110001010010000000000000000000100110001000001010000000000001001000000000000000000000100011110011000000000000000000000000000000000011100000000000000001000010000001000
000000000000000001111000000000000000010000000001110000000000000000101000000010000010010000000000000000000001100001001101000000000000000100000000000000000000000100010111110010000000000000000000000001100000000000000000000000011100010100001100
000000000011100001110000000000000000011100000110010000000000000000010000000000000001001000000000000000001001000000010001000000000000000000000000000000000000000000010000111100100000000000000000000010010000000000010000110000000000011100001100
000000000011100100000000000000000000010010000011100000000000000000000000000000000000011100000000000001101000000000000000000000000000000000000000000000000000000001010000001100100000000000100000000001100000000001111000110000010000000000000000
001100000000000000000000010000000000000001100001000000000000110000000000000000000000101000000000000001100000100000000000000000000000000001100000000001110000000000100100011110101000000001010000000000000000000001000100000000000000000000000000
010010000010000100011010000100000010110100100000000000000000011000000000000000000001110000000000011000000000100000000000000000000000000111100000000000000000000000001100010001000110000001010000000000000000110000001000000000000000000001100000
010100000000000000001010000000000101010000100000000000000001010000000000000000000001110000000110011011000000100000000000000000000000000110010000000000000000000000000000010001100011100000100000000000000000110000000000000000000000000000000000
001000000000000000100000000010000100000000000000000000000001001000001110000000000000000000001100000111010001000000000000000000000000000000000000000000000000000000000000001000000010110000000000000000000000110000000000000000000000000001101100
000000000000000100011011000100000001001000001110000011100001010000000000000000000000000000000110111000000000000000000000001000001101100000000010011000000000000000000000000101001111100000000000000000000000010010000000000000000000000101000010
100000000000001000000100001000011000000000000000001100100000101000000000000000000000000000000011111000000000000000000000001100001101000000000010011000000000010000000100000000000100010000000000000000000000001100000000000000000000000111000000
100000000000000100000000000000100000000000100000011000100000000000000000000000000000000000000011000000000000000000000000010010000010000000001100011000000000101100000110000000000011110000000000000000000000000100000000000000000000000101001110
110000100000000000000000000000101000000000100000011001000100000110001100000000000000000000000001100000011100000000000000100000000000111000000011000000000000100000000000000000000001011000000000000000000000000000000000000000000000000001011100
100001010000000000000000000001000010000000100000000110001011001000010001000000000011000000000011100000100010000000000000000011000001111100011011100000000000010001001000000001100000000011000000000000000000000000000000000110000000000010000000
010101011000000000000000000000101011000000000000000000000001001000111101000000000011000000000100100000110110000000000000000011011001000111110000000000000000010000001000000001100000000000000000001000000000000000000010000110000000000001110001
010110100000000000000000000000101101000000000000000000000111111000110001100000010000000000000101100000100001000000000001000000111000010010101000000000000000000001001011000000000100000000000000001100001110000000000101000000000000000001010010
000000000000000000000000000000000000000000000000000000000000111101110011100000101000011000000011000000011011000000000000100011001100000010101000000000110000010001000100000000001100000000000000000001100010000000000100100000000000000000000000
000100000000000000000000000000000001010000110000000000000000000011000010100000011100011000000000001110010001000000000000001000000100000000010001000001110000010010000000000000010000000000000000000001000010000000000001100000000011110000110011
010100000000000000000000000000000001110000110000000000000111101110000000111000001110000000000000000000001110000000000000000000000101011000100010110010000000010010000000000000001100000000000000000001100010000010000011000000001000001000011001
001000000000000000000000000000000000100000000000000000000000001000000000010100001100000000000000000000000000000001100001100000000000001000100010101111001000001010000000000000000100000000000000000001001000000110000001000000010000001000010101
010000000000000100000000000000000000000000000000000000100100110000000000010101100000000000000000000000000000000010000011010000000000000111000000011100001000001100000000000000000000001000000000000011001000000100000001000000010000000000000000
000000000000000100000010000000000000000000000000000000000001010000000000000101100000000000000000000001100000000001100011011000000000000000000000000000110000000000000000000000000000010100000000000011000000000000000001000000010000000000001101
000000000000011100011000000000000000000101000000000000010001100000001100000111000000000000000001100011000000000000000001001000000000000000000000000011010000000000000000000110011100000110011000000000000000000000000000000000001000001000000010
000000000000110000000001000010000000010001010000000000000001101111110010000000000000000000000000000001000000000000000001101011000000000000000000000011100000000000000010000101100010000000110000000000000000000000000000000000001000001000000000
000000001001100000001000000000001000110000000000000000000000111001111100000000000000000000000000000000000000000000000001000000000011000000000000000001000000011100000000101101000010000000000000000000000000000000000000000000000011110001000000
001000011100110000000000011000001000001000001000000000000101001001100000000000000000000000100000000000000000000000000000011000000010100000000000000000000011111100000100000101000100000000000000000000000000000000000000001100000000000001000000
110110000110000011100110101110000000000100000000000000001100001000000000000000000000000001110000000000000000000000000000010010000000100000000000000000001101100000000000010000011000000000000000000000000000000000000000111111000000000010010010
100001101100000011100000010100000000000011000000000000000010000000000000000000000000000011000100000000000000000000000000001011000011000000000000000000001110001110000100001100110000000000000000000000100000000000000001000001000110000000010101
010001011000000010000000000000000000000001001000000000000000000100000000000000000010000101110010000000000011000000000000000101000010000000000000000000001010010110000100000011000000000000000000000001010000000000000001110011000011100010010110
001101110000000001001000000000000000000000100000000000000000001100110000000000000010000010000000000000000111000000000000000010000000000000000000000000000100000000000011100000000000000000000000000010001000000000000000000000000001101101100000
000000100000000000100100010000000000000000010000000000000010001100110011000001000010000000000100100000010011000000000000000000000000000000000000000000000000000000000000000000000000000000101000000100010000000000000000000000000000100000000000
000000000000000000010111101000110110000000000000000000000001001000000011000000100000000000000000011000001100000000000000000100000000000000000000000000000000000000000000000000000000000000110000000000100000000000000010000000000000001010000000
000000000000000000001111001000100100000000000000000000000000111000000000000011100000000000000011011000000000101100000000000100000000000000000000000000000000000000000000000000000001100000010000001000000000000000000111000000000000000110000000
000000000000000000000001110000011100000000000000000000000000000000000000000000000000000000000001001000000001100111000000000000000000000000111000000000000100000001100000000000000010010000000000001000000000000000001111100000000000000100000000
000000000000000000000000000000000000000000000000000000001000000000000000000000000000000000000000110000000000101011000000000000111000001100011000000000001001000010100000000000000000000000000000000000100000000000000000000000000000000000000000
000000000000000000000000000001110000000000000000000000010100000000000000000000110000000000000000011000000000011011000000000000101000001010000000000000000000100010000110000000000000000000000000000000000000000000000000000000000000000000000000
000000000111000000000000000010001000000001100000000000001000000000000000000000110000001000000000000000000000100100000000000000111000000011000000000110010000100010110011000000000100000000000000001000100000000000000000000000000000000000000000
000000000101100000000001100110001000000010010000000000000000000000000000000000000000110000000000000000000000001000000000000000000000000001010000000110000001100001110010000000001011110000000000000000000000000000000000000000000000000011000000
000000000101110000000001100000100100000000100000000000000000000000000000000000000001000100000000111000000010011000000000000000000000011010001000000000000000000000000000000000001011101000000000000000000000000000000000000000000000000011000000
000000000001001000000000000000001100000000100000000000000000000000000000000000000010101100000000111000000001100000000000000000000000011001010000000000001110000000000000000000000001101000000000000000000000000000011000000000000000000000000000
000001100110111111100000000110101100000000101000000000000000000000000000000000001000010000000000101011000001100000000000000000000000001000100000000000001010000000000000000000000000001100000000000000000000000000011000000000000000000000000000
000001100111100011100000000001110000000000001100000000000000000000000000000000000001000000000000101010000000000000000000000000000000000000000000000000001110000000000000000000000000010010000000000000000000000000000000000000000000000000000000
000011011110000000000000000000011000000000000100001100000000000000000000000000001010000000000010101010000000000001100000000011000000000000000101100000010000000000000000000000000000010000000000000000000000000000000000000000000000000000000000
000100011000000001001000101000001100000000001000100010000000000000000000000001100010000000000100000000000000000001111000000011000000000000010101101100011110100000000000000000001110010001000000000000000000000000100000000010100000000000000010
001100000100000000000000101000000110000000000000000001000000000000000000000010000100000000001110000000000000000010001100000000000000000000000000101111110000110001000000000000000001000000000000000000110000000111011000000001100000000000000111
100100100100000000110000110110100000000000000000000001000000000000000000000110000010000000010010000000000000000011100110000100111000011000010000000101110000110010000000000000000000000000000000000000110000000000000000000001000000000000000110
110010111100000000000000000011010000000000000000100001000000000000000000001100100010000000000010000000000000000000001100001010001000010100010000001001100000000110000000110000010000000100001000000000000000001001100000000000000000000000000001
100000001100000000000010000010001000000000000000010010000000000000000000000111000001000000001110000000000000001101011000001000000000000110000110000000011000000010000001100000100010000000110100000000000000000100000001000000001010100000000001
000000000000000000000010000000100000000000000000000100000000000000000000000010100000000000000000000000000000010100100000000000000100001100000000000000010110001100000001100000101000110000110100000000000000001101100011100000011011000000000001
000000001011000000000000000000000000000000000000000000000000000000000000000001000000000000000001000000000110001000000000000001000000001000000001101000000111100000000000000000010000000111010100000000000000001101100100010000000000011001100011
000000110111000000000000000000000000000000000000000000000000000000000000000000101100000000000010100000001000000000000000000001000110110000111000110000010100000110000000000000000000000100000000000000000000001110000010010000000000010001100111
000000100001000000000000000000000000000000000000000000000000000000000000000000011100000000000010010000001011101000000000000000001101100000011000000000100100100111110000000011000000000100100000010000000000000000000000110000000000011110100000
000000110000000000000000000000000000000000000000000000000000000000000000000000001001100000000001100000000100011000101000000000000111000000000000100110000100000000010000000100100000000011100000010000111001100000000000000000000111001101000000
000000000001000000000000000000000000000000001000000000000011000000000000000000000000100000000000000000000000010010000000000000000000000110000000001100011000000000001100000100000000000000000000011001000011000000000000000000000000011001110000
000000000011011000000000000000000000000000000010000000000111100000100000000000000101000000010000000000000000001010000100100000000000000110000000001000000000000100000000000000000000000000000000011000000000000000000000000000000000101100110000
000000000010110000000000000000000000000000110001000000001000110000101000000000000101000000101000000000000011000100001001000000000000000000000000000000000000000010010101010011100000000000000000000010000001110000000000000000000001100010010100
000000000100100000000000000000000000000001010011011000000100000000000000000000000011100010000100000001100010100000100011100001100000000000000000000000000000111011110001010000000000000000000000000010001010101100000000000000000010000000100100
000000000100000000000000000000000011100000000010100010000011010000010000000000000011000001000010000010010001000000000000000010000000000000000000000001110100011001110000010000000000000000000000000001001000101000000000000000000100110000100000
000000010001100000000000000000001111010000011000100100000000100000101000000000000100000000000000000010100001100000000000000011010000000000000000000011100000010100001010100000000000000000000010000000110000010000000000000000000011101101000000
000000011101100000000000000000001000000000001000100000000000100000100100000000001000000000010010000001000001100000000000001010111000001100000000000111100000000010011000100000000000000000000010000000000000000000000000000000000000000000000000
000000001000010000000000000000000110111100000010100000000000000000000100000000000100101000010110000000000001010000000000001000001101000010000000000011000001000100001010000000000000000000000010000000000000100000000000000000000000000000000000
000000000001000000000000000000000000001100001000110000000000000000000011000000000011101000000011000000000000111000000000001010001101001100000000000001000001000011100000000000001100000000000000000000000000101100011000000000000000000000000000
100000000011110000000000000000000000000100001100110000000000000000010000100000000001000101100100000000111000111000000000000100000001000000000000000001000010000000110000000000001100000000110000000000000000001110000000000000000000000000000011
000000000011100000000000000000000001000010000011000000000000000000011000100000000110110100000000100001000001110000000000000100000000001000000000000000010000000001001000000000000000000001001000000000000000001111110000000110000000000000000000
001000000010010000000000000000000000001001000100000000000000000000000001000111000111000000110000000111000000110000000000000000000000000100000100000000000000000000100000000000000000000011100000000000000000011000100000001001000000000000001000
001000000001000000000000000000000100010001000011000000000000000000000000000111001001010000000000000111110000000000000000000000111000000000000100000000000000000000100000000000000000000011011000000000000010000000000000001000100000000000001000
001000000001000000000000000000110001001001000001100000110000000000000000000010000111010001100101000100000011000000000000000000011001100100000100000000000000000000000000000000000000000011011000000011000101000000110000011000000000000000001000
000000000000000000000000000000111100000110000011100001110000000000000000000000000010100010000101000000000000000000000100000000001101100000000000000000111000000000000000000000000000000001011000000100100100100000011000010000101110000000000000
100000000000000000000000000000001000000001000001100000001000000000000000000000000001100000000111000000000010000000000100000000000101000011000000000000000000000000000000000000000000000000100000000010000011000000001100000101101011100000000011
000000000000001100000000000000000000011100000011000001010000000000000000000000000000000000000110000000010111000000000100000000000000110011010000000001000100000000000000000000000000000000000000000010100010100000000000000001011100011000000000
000000011000000000000000000000000000101000000010000011100000000000000001000000000000000000000000000000100000100000000000000000000000000001010110110001000100000000000000000000010100111000000000000000000010100000000000000000000010010000000000
000000100100000001100000000000000011101100000000000101100000000000000001000000000000000000000000000000100011000000000000000000000000000011010110110000000000000000000000000000100010111000000000000010000000010000000000000000001010110000000000
000000011000000010100000000000000110000000000000001010000000000000000000000000000000000000000000000000010000000000000000000000000000001011010110000000111000000000000000000000010110000100000000000000111000000000000000000000111000000000001000
000000000000000011000000000000000011000000000000000100000000000000000000100001000000000000000001100000000000100000000000000000000000001111010100000000000000000000001100000000001000010000000000000000010001100000000000110000100000000000100100
000000000000000000000000000000000000000000000000000000000100000000000001010010100000000000000000000000000001110000000000000001100000000000000100000000000001000000001100000001000000010000000000000101000001000000000011101000111000011000000000
000000000000000000000000000000000001110000000000000000000101000000000010000001100000000000000000000000000010001000000000000010010000000000000011000000000010000000000000000110000000011000000000000010001110000000000110000000000000011100011000
100111000000000000000000000000000001010000000000000000000000111100000001010000000000000000000000000000110001101000000000000001100000000000000111000000000010010000000000000000000000110000000000000000001100000000000110000110000000001000011000
000001000000000000000000000000000010000000000000000000000101000101100000000000000000000000000000000000000100110000000000100010010000000000000100000000000100110000000000000000000000110000000000000000010010000000000000010001000000000000011000
000001000000000000000000000000000100000000000000000000000101111010000010000010000000000000000000000001001000000000100000101001010000000000000000000000001111000000000000000000000000010000000000000000010010000000000000001001000000000000110100
100010000000000000000000000000000100100000100000000000000000100000000010000001000000000000000000001000011000000001011000000100000000000000000000000111001001000000000000011000000000111000000000000000001100000000000011101110000000000001010110
100100000011000000000000000000000111000001110000000000000000000000000001000000100000000000000000010000011100000000011000001011010000000000000000000000100000000000000000011000110000000000000000000000000000000000000011100000000000000000001000
110000000000000000000000000000000000000101011000000100000011000000000000001000000000000000000000010000001100000000000000011001010000000000000000001010101000000000000000011001010000000000000000000000000000011000011000000000000000000000001000
000000000000010000000000000000000000000110000100001100001101100000000000000001000000010000000000100000101100000000000000001001100000000000000000001101100100000000000000010000010000000000000000001100000000011001101100000000000000000000000000
000000000001011000000000000000000001010100001110011000000100010000000000110100000000010000000011101101000000000000000000000111000000000000000000110000011100000000000000100001100000000000000000010100000000000011010000000000000000000000010010
000000000000010000000000000000000001100000000010001100111010010000000001100100000000001000000000000100000000000000000000000000000000000000000010010010010000000000000000010010000000000110000000010010000000000000010000000000000000000000011100
000000000000000000000000000000000000000000011100000100010000000000000000010000000000110000000000000110000000000000000000000000000000000000000010100101001010000000000000001110000000000110000000001100000000000111000000000000000000000000000000
000000000000000110000000000000000000001110011100000000000010001000000000000000000001001000100000000101000000000000000000000000000000000000000010010010010010000000000000000000000000000000000000000100000000010101000000000000000000000000000000
000000000000000000000000000000000000000110000000000000000010110100000000000000000000110001100000000101000000000000000000000000000000000000000000110000011000000000011000000000000000000000000000000000000000010000000000000000000000000000000000
000000000001111010000000000000000000000100000000000000000001000100000000000000000000000000000100000011000000001110000000000000000000000000000000001101100000000000010100000000000000000000000000000000000110001100000001000000000000000000000000
000000000000111100000000001000000000001000000000000000000000100000000000000000000000000000000110000000000000001010000000000000000000000000000000001010100000000000010000000100000000000000000000000000001010000110000010100000000000000011000000
001000000001011000000000010100000000011000000100000000000100100000000000000000000000000000000110000000000111010010000000000000000000000000000000000000000000000000000000011100000000000000000000000000000100010110000010100000000000000011000000
011100000000110000010100110110000000100000011011000000101101000000000000000010100000000000000001000000000100010100000000000000000000000000010100000111000000000000000000010010000000000000000000000000000000001000000001000000000000000000000000
100110000000000000100010100000000000000000011011000000100010000000000000000101010000000000000001100000000111010000000000000000000000001000010100000000000000000000000000101100000000000000000000000000000000000000000000000000000000000000000000
111000000000000000000101110000000000000000011011000000000001000000000000000000000000000000000011000000000001100000011110000000000110010100000000000000000000000000000001000100000000000000000000000000000011000000110000000110000000000000000000
000000110000000000001101100000000000000000000100000000000110110000000000010000000100000000000001110000000000110000111101000000000110100100000001000000110000000000000000001000000000000000000001100000000100110001001000001001000000000000000010
000000110000000000000010100000000000000000000000000000000000010000000000100000000010000000000000010000000001110101110011100000000111111000001000000000110000000000000000000000001100000000000001100000000111110000110000000110000000000000000100
100000000000000000000111000000000000000000000000000000000000000000000000000000000100000000000000111100000111000000000000000100000000000000000000110000000000000000000000000000010010000000000000000000000000110000000000000000000000000000000011
010110000000000000000011000000000000000000000000000000001101101000000010000001000010000000000000101110011010100000000000001010000000000000000010100000000000000000000001001000001100000000000000000000000000000000000001000000000000000000000001
000100000000000000000000000000000000000000000000000000001000111000000101100001000100000000000001010110011010100011000000000000000000000000000001000000000000000000000001011100000000000000000000000001010000000000000010100000000000000110000000
001101100000000000000000000010000000000000000000000000000000010000000100001000100000000000000000111000000101100110100011101110000000000000011000000000000000000000000011101110000000000000000000000010000000000000000010100000100000001000000000
000000100000000000000000001111000000000000000000000000111111100000100001000000010000000000000000110000000000101101000011001000000000000000011000000000000000000000000010001110000000000000000000000010000011000000000001000010001000000101000000
000010100000000000000000001101000000000000000000000000000110000011100110111000000000011000000000000000000000010000000101100000000000000000000000000000000000000000000011111010000000000000000000000001111010010000000000000010000100000011100000
000011000000000110000000010000000000000000001100000000010100000000000101111000000000100100000000000000011100001000000000000000000000000000000000000000000000000000000010100100000000000000000000000000000000000000000000000000000100000001110000
000000000000001001000000011000000000000000000110000000000000100111111000101000000000011000000000000001101100000000000000010000000000000000000000000000000000000000110000000000000000000000000000000000000001000100000000000001010010000010010000
000000000000000101000000011000000000000000010100000001110000000110011000001000000000000000000000000000111100000000000000100000000000100000000000000000000000000000101000000100000000000000000000000000001110101100000000001000010011001100000000
000000000000000010000000100000000000000000010100000000000000000000000001010000000000000000000000000000000000000000000000100001000001010000000000000000000000000000010000011100000000000000000000000000000010011000000000000000100000010111100000
000000000000000000000000111010000000000000011100000000000000000000000000000000000000000000000000000000000000000000000000001000100001010000000000000000000000001100000000001100000000000000000000000000001100110000001100000100101000100000000000
000000000000000000000000111010000000000000000100000101111010000000000000001000000000001100000000000000000000000000000000000100100000100000000000000000000000010010000000001100000000000000000110000000001100101000001100000010001100101000000000
000000000000000000000000000000000000000000000000000100110010000000000000000100000001101110000000000000000000000000000000000110100000000000000000000000000000001100000000000110000000000010000110011100000000101000000000000000111001100000000000
000000001100000000000000000000000000000000000000000100000000000000000000000000000011101100000011000000000000000000000000000010100000000001110001100000000000000000000000001100000000000101000110010010000000000000000000000000000000010000000000
000011011110000000000000000000000000000000000000000010100000000000000000000000000001101110000011000000000000000000000000000001000000000001010001000100000000000000000000111000000000000010000000011000000000100011000101000000000001100000000000
000010000010000000000000000000000000000000000000010010000001101110000000000000000000000110000000000000000000000000000000000000000000000000000010000100000000000010000000100000000000000000000000000000000001110010101001000000000000000000000111
000010001100000000000000000000000000000000000000010111100000000110000000000000000000000000000000000000000000000000000000000000000000000000000010000100000000000011000000100000000000000000000000100000000001010011100101000000000000000000001001
000000100000000000001110000000000000000000000100000100010001000010100000110110000010000000001100000000000000000000000000000000000000000000110000000100000100000000100000000000000000000000000000110000010000010000000000000000000000000000000111
000000010000010000001110000000000000000000000111101001010000111000111001000001000101000000000000000000000000000000000000000000000000000000110011011000010101000000000110000000000000000000000100011000110000111000000000000000011000000000000000
001111001000011000011011000000000000000000000100000001010000000100110000100010000101000000011000000001110000000000000000000000000000000000000001011001100001000011001001000000000000000000000101000101000010000000000000000000011000000000000000
000111110000101000001110000000000000000111000000000100010000000010111100011100000010000000011000000010010000000000000000010000000000000000000000000001011000000011000110000000000000000000000111000011111000000000000000000000000000000000000000
000100000000000000001110000000000000000000000010000000010000000111011010000000000000000000001100000010010000000000000000111000000000000000001100000001011000000100100000000000000000000000000000000010100000000100000000000000000000000000000000
110000000000000000000100000000000000000000000001110000000000000001010000000000000000000000010010000001111000000000000001001000000000000000001011000000111000000011000000000000000000000000000000000011011000000000000000000000000000000000000011
101100000000000000000000000000000000000000000000000010000000000000100110000000000000000000001010000000011000000100000011000110000000000000000111000000000000000000000000000000000000000000000000001010000000001000000000000000000000000000000011
001000000000011000000011000000000000000000000000000000000000000001000000000000000000000000000100000000000100001010000001100011000000000000000010000000000000000100000000000001100000000000000000000110000100000000000000000000000000000000000001
010000000000100101100100100000000000000000000000001000000000000000101000000000000000000000000000000000001000011011000000010010000000000000000000000000000000001110000000000010010000000000000000000000000011100000000000000000000000000110000001
111000000000100011110011000000000000000000000000001110000000000000110000000000000000000000000000000000001000001001000000011100000011100000010000000000000000001110001000000001100000000000000000000000000000000000000000000000000000001100100000
010000000000011110010000000000000000000000000011100110000000000010000000000000000000000000000000000000000000011011000000001000000011100001110000000000000000010001000010000000000000000000000000000000000000000000110000000000000000010000100000
000000000000000111100000000010100000000000000011010100000000001111100000000000000000000000001110000000000000100000000000000000000001000010000000000000000000010000100010000000000000000000001110000000000000000001011000000000000000011110100000
000000000000000001001110000011011000000000000001011000000000001101110000000000000000100000000000000000000001001011000000000000010000000011100000000000000000000010100001001000000000000011110001000001100000000011101100000000000001011001100000
000000000000000000010001000001011000000000000000110000000000001111100000000000000001010000000000000000000010001110100000000000010000000000000000001110000000010110100100110100000000000000000000100001100000000011101100000000000001110111000000
000000000000010000100000100001011000000000000000000000000000000010000000000000000010001000000000000000000001100000101000000000000000000000000000010001000000110010100100110110000000000010110000110000000000000011001110001100000000110010000000
000000000000011100100000100000100000000000000000000000000000000000000000000000000010001000000000000000011010010001001111000000011000000000000000010000000000000000000000000000000000000001000000010000000000000001000110001010000000110000000000
000000000010000010100000100000000000000000000000000111000000000000000000000000000011011000000000000000000011100001000011000000011000000000000000000010000000001011010000111000000000001000000100010000000000000001001000000100000010110000011100
000000000010001110010001000000000000000000000000000000000000000000000000000000000000000000000000000000110001101000010000000001000100000000000000000000000000001100001000110000000000011011000111111100000000000000111000000000000001100000011100
000000000010000010001110000000000000000000000000000000000000000000000000000000000000000000000000000001000100101101110000000110001000000000000000000010000000001100000001001000000000110001010111110000000000000000000000000000000000000001000000
000000000000000000000000000000000000000000000000000000000000000000000100010000000000000000000000000001000111001100100000001110000000011100000000000110000000000000100100110000000001100111000011000000000000000000000001000000000000000000000000
000000000010000010000000000000000000000000000000000000000000000000001001011000000000000000000000000001100001000100100000010000000100100011110000000100000000000000011000000000000001011010000011000000000110000110000111010000000000000000000000
000000000101000100000000000000000000000000000000000000001100000000000000010000000000000000000000000001100000000011000000100011100010100111101100000000000000000000000000000000000000111100000000000000001000011111001000011100000000000000000000
000000000000011000000100000000000000000000000000000000010100000000001111010001100000000000000000000001101100000011000010010111001111101100101011000000000111000000000000000000000000000100000000000000001000010101010010010000000000000000000011
100000001000010000011000000000000000000000000000000000001000000000000100110010100000000000000000000001110000000000100010001000000001000000010001001100000101000000000000000000000000010100000000000000000000010010010000100000000000000000000001
100000001100010000000000000000000000000000000000000000000000000000000010100111000000000000000000000000100000000000001010000000000000000000001101110100000100100000000000000000000000011100000000000000000011010000010000100000000001000000000100
000000000001000000000000000000000000000000000000000000000000000001001000000011000000000000000000000011000000000000000000000000010000000000001100110100000011000000000000000011000000000000000000000000000001011000001001110000110011000000001001
000000000000000000000000000000000000000000000000000000000000000001010000000001101100000000000000000101000000000000000000000000010000000000000000010000000000000000000000000011000000000000000000001100000001001000000000000000101011000000001110
000000000000000000000000000000000000000000000000000000000000000000000010000000111000000000000000000010111100000010100000100000010000000000000010000000000000000011000000000011000000000000000000001100010000111000000000000000011010100000000000
000000000000000000000000000000111000000000000000000000000000100000001100000000100000000000000000000001100010000000110111010000000000000000000110000000000000000011011000000000000000000000000000000000101000010000000000000000011000100000000000
000000000000000000000000000000000000000001000000000000000001100000000000000000100000000000000000001000000101011010101010100000000000000000000100000000000000000001000100000000000000000000000000000000011000000000000000000000001100000000000000
000000000000000011000000000000000000000010100000010000000000000000000000000001010000000000000000001000011010001000100011000001010000000000000000000000000000000001101000000000000000000000000000000000000000000000011000000000000100000000011100
000000000000000100100000000000000000000100100000010000000000000000000000000001010000000000000000001000100100001000000100000000110000000000000000000000000000001011010000000000000000000000000000000000000000000000011000000000000011111000100100
000000000000000011000000000000000010001000100000100011000000000001000000000000100000000000000000000110100100000001010000000000000000000000010001100001110010000111000000000111000000000000000000000000000000000000011000000000000000011011111100
000000000000000000000000000000000101001000000000000111000000000001000000000000000000000000011000000000000011010011001000000000000000000000111011110001111000001101000000001000100000000000000000000000000000000110000000000000000011000101000000
000000000000000000000000000000000110000101000000000000000000111110100000000000000000000000100010000000000000110111000100000000000001100000100000000000000000010001110110000101000000000000000000000000000000001011011100011000001000001111000011
100000000000000000110000000000000000000000000000000000000000011100000000000000001100000000010000110000000000110111001101011000000001100000001001000101100000000000010100000010000000001000000000000000000000011011100010100000010000001110100010
100000000000000001001000000000000000000000000000000000100010011110100000000000010010000000010000000000000001010011110011001000000010000000000100000010000000000000000000000000000000000000000000000000000001101101001100000011000000110101100010
000000000000000000110000000000000000000000000000000001100011000001000000000000001100000000000000001100000000100001011000111000000001100000000100000100000001100000000001100100000000110110000011000000000000000001010000100001111000001110000011
000000000000000000000000000000000000000000000000000011100000000000000000000000000000000000001000000100000000000000101000000000000000001000000100000100100110010000000001100010000000000110000011101000000000000011010000000001100001100100000010
001110000000000000000000000000000000000000000000000010110000000000000100000000000000000000001001000000000000000000101100000000000001000000001100000100011011000000000001100100000010001000000000110100010010010011001000000010000000111000000000
001000100000000000000000000000000000001110000000000110001000000000000100011000000000000000000101000000000000000000001000000000000010000000010001000010100000000000011000000000000010000000000000100010101000000000000000000100000001010000000000
000000000000101000000000000000000000001000000000000110010000000000000100001100000000000000000001100000111000001100000000000000010110010000000001111110110000100000000000000000001000100000000000100111100101110010111110110000000001100000000000
101110010000000100111000000011100000000110000000000001100000000000000110011000000000000000000000000000100000001100000000000000001010001000000010000011110000000000000000000000000011000000000001110011010000000010000100000000100010100000000000
100000100000000100001000000000000000000000000000000000000000000100000111000000000000000000010100000000000000000000000000000000000000011100000100000000000000010000000000011000000011000000000000011001001110010001100000000010010110100000000000
000011100000100100101000000000000000000000000000000000000000001010000000000000000000000000100111100110000000000000000000000000000000110000000000000000000010100000011000010110000000000000000000001010000000001100000000000111110011000000000000
000000100000001100000000001110000000000000000000000000000000010010000000000000000000000000100001111010000000011000000000000000000000000000110000000000000000000111011110110110000000000000110000000100000000000001100000001001100001000000000000
001000100000000000000000001010000000110000000000000000000000111100000000000000000000000000100100100010000000011100000000000000000000000000100000000000000000000000111011000001000000000000100000000000000000000100100000011010000000000000000000