111111000000000000000000001010000001000100000000000000000000001100000000011100000000000000001000000100000000000000000000000000000000000100110000011000000000000001100001010110000000000000001100000000000000000011000000011100000000000000000000
011010000000000000000000011110000011010010000000000000000000000000000001100010000000000000000000100100000000000110000000000110000000000100110000010000000000000000001000110000000000000000001100000000000000000000000000000000000000000000000001
010000000000000000000001000010000100011011000000000000000000000000000010000010000000000000000000001000000000000010000000000110000000000111100000000000000000000000000000000000000000000000000000000000000000000000000000000000000000001100000001
100000000000000000000010111100000111001111000000000000000000000000000010000010000000000000000000000000000000000000011100000000000000000011000000000000000000000000000000000000000000000000000000000000000000000000000000011000000000010010000000
000000000000000010001110101100001011000011000000100000000001111100000000000100000000000000000000000000000000000000010000000000000000000010000000000110000000000000011000000000000000000000000000000000000000000000000000101100000000001010000000
000000000000000010001100010000000000100100000001010000000011011110000000001100000000000000000000000000000000000110011001000100000000000000000000000001000001100000011000000011100000000000000000000000000000000000000000100010010000000100000000
000000000000000010110000100000000000100000000000000000110001101001000000000000000001100000011100000000000000000110000111000010000000000000000000000110000001100000000000110100100000000000000100000000000000000000000000011100010000000000000000
001110000000000000111000111000000000011100001111110010010000000101000000000000000010010001111110000000000000000000000001111000000000000000000000000000000000000000000000110001100000000000000100000000000000000000011000001000010000000000000010
011100000000000000111000100000000000000000001110000010100000000110000000000000000010100010001100000000000000000000000000110000000000000000000000000000000000000000000000000000000000000000000010000000000000000000100100000000000000000000001111
101011000000000110110000000110000000000000001000000010000000000000000000000000000001000010000000000000000000000000000000100000000000000000000000000000000000000000000000000010000011100000110100000000000000000000100100000000000000000000011100
000110100000000110100010001001011000000000000000000000000000000000000000000000000000000000010000001000000000000000000000000010000000000001110000000000000000000000000010010000000000100000111100000000000000000000011100000000000000000000000010
100001000000000011000100010000000100000000000000000000000000011100000000000000000000000010000000010100000000000000000000100000000000000001000000000000000000000000000010000010001000000001000000000000101000000000000000000000000000000000001010
100000000100000111000100001001000000000000000000000000000000010100000000000000000000000110100000000010000000000000010001100000000000000010110000000000000010000000000100000010010000000000000000000000101000000000000001110000000000000000101000
001100001010011010000000000000000000000000000000000000000000001100000000000000000000000110000000001011000000000000110000001100000011000001100000000000001111000000100000001100001100010000000000000000010000000000000010001000000000000000010111
110100000100010010000000010100000000000000000000000000000000000000000000000000000000000011000000001000000000000001101001101000000100100101100000000000011000100000100000011000000000101000000000000000000000000000000010001000000000000000000000
011000000000001010110000010011100000000011100000000000000000000000000000000000000000000001101100000111000000000000111000110000000100100001100000000000100011000000000001000000000001000100000000000000000000000000000010001000000000000000000000
000000000000011110001000000110010000000000000000000000000000000000000000000000001110000000100100000000000000000000010101010000000101100101000000000000011110000100000100000000000110001000000000000000000000000000000001110000000000000000000000
000010000000011001011000000101100000000000000000000000000000000000000000000000000000000000011100000000000000000000000101100111000010010010000001000000001000001110000000000000000101100000000000000000000000100000000000000000000000000000000000
000010000000000101010000000111000110000000001000000000000000000000000000000000000000000000000000000000000000000011000100110001110001000001000101000000000000011011000000000000000011000000000000000000000001100000000000000000000000000000000000
000000000100100000000111000000000000000000010100110000000000000000000000000000000000000000000110000000000000001100100100000001110001000101101010110000000000000010000000000000000000000000000000000000000011010000000000000000000000000000000000
000000010001000000000000000000010000000000010100110000000000000000000000000000010001100000000110011000000000001001111000000011100000010100100011000000001000100101100000000000000000000000000000000000000000000000000000000000000000000000000000
000000011001000100000000000000010000000000001000000000000000000000011000000001101011100000001000110111000000001000000100000010000000000011011100000000110110110101100000000000000000000000000000000000000010011000000000000000000000000000000000
000000001110111000000000000000010000000000000000000000000000000000100100000001000011100000001011010010100100000110001000000000000000000000000000000000000001100001110000000000000000011000000000000011000010110000000000000000000000000000000000
000000011100000000000000000000000000000000000000000000000000000000101000000001000100100000000000001100111111000000000011110000000000000000000000000000100001010010010000000000000000011000000000000111000000010011100000000000000000000000000000
000000000100000000000000000000000000000000000000000000000000000000010000000000111000010000100001000000101110100000001110000000000000000000000000000000011010001011000000000000111000000000000000001101110000100100010000000000000000000000000000
000000011000000000000000000000000000000000000000000000000000000000000000000000001000101011000001000100110000110000000100000000000000000000000000000000000100000011000000000000100000000000000000011010100001000110110000000000000000000000000000
000000000000000000000000000000000111000000010000000000000000000000000000000000000001100111100000011000011011100000000010010000000000000000000001010000000000000001000000000000100000000000000000001001010000001000010000000000000000000101100000
000000000000000000000000000000000100100000010000000000000000000000000000000000000000111011000000000000100011000011100011100000000000000000000001001000110000000110000000000000101100000000000010000110001100001101100000000000000000001000010000
000000000000000000000000000000000100100000010000000000000001010000000000000000000011100110010000000000000000000011100000000000000000000000000011011000111000000000000000000000001000000000000010000011001000001000100000000000000000001000011000
000000000000000000000000000000000011000000000000000000000001010000000000000001000011010110101000000000000000001000001000000000000000001100000011011000000110000000000000000000000000000000000010000001010000000111000000000000000000000110000100
000000000000000000000000000000000110000111000111000000000000100000000000001100010001110011001000011100000000001010101000000000000000010010000001010000000110000000000000000011100000000000000000000000000000000000000000000000000000000001100110
000000000000000000000000000010101100100000000000000000000000000000000000010000001010000111110000000100000000000000000000000000000000010100000000100000100000000000000000000111110000000011100000000000000000000000000000000000000000000000011000
000000000000000000000000000000000000110000010000000000000000000011100111100000000100101001100100000100000000010101010000000000000000001000000000000000111110000000000000001101011000000000000000000000000000000000000000000000000000000000000010
000000000000000011000100000000001000000000010000000000000000000010000001101110010000000111001001011000000000010000010000000000000000000000000000000000011100000000000000000000010100000000000000000000000000000000000000000000000000000000011100
000000000000000011001010000011110000011000010000000000000001000001000011000001000010100010001111111000000000000111000000000000000000000000000000000100000000000000000000000000011001000000000000000000000000000000000000000000000000000000010100
000000000000000000000110000000000000000000000000000000000011101100110010000001110001100000000111100000000000000111001000000000000000000000000000001111000000000011000000000000010001100000000000000000000000000000000000000000000000010000011000
000000000000000000000000000000000000000000000000000000000000000100010100000001100000000000000000000000000000000000010100000000000001100000000000010001100000001111000000000000010110000000000000000000000000000001100000000000000000010000000000
011000000000000000000000000000000100000000000000000000000001010010000000000001010001100000000000000000000000000000010100000000000001100000000000001111110000011111000011110000011100000000000000000000000000000010100000000000000000010000001100
011000000000000000000000000000001001000000000000000000000011100000000000000000100000000000000000000000000000000000001000000000000000000000000000000100011100110000010111001000000000000100000000000000000000000001000000000000000000000000111100
000000110000000000000000000000000101000000000000011000000000000000000000000000000000100000110000000000000000000000000000000001000000000000100000000001001100111000001100000000000000001010000000000000000000000000000000000000000000000001010010
000000110000000000000000000000000000000000000000011000000000000000000000000000000000110001001000111000000001100000000000011011100000000001100000000000011100011001100010010001100000010001000000010000000000000000000000000000000000000011000000
000000000000000000000000000000000000000000000000000000000000000000000000000000000000110001010000100100000001100000000000011010100000000010010000000000000000011100111000001111100000010110000000101000000000000000000000000000000000000011000000
110000000000000000000000110000000000000000001100000000000000000000000000000000000000000000100000100000000000000000000000000010000000000001100000000000000000010100000000000000011000111011000000101100000000000000000000000000000000000011001100
010000000000000000000000010000000000000000010100000000000000000101000000000000000000000000000000000010000000000000000000000000000000001000100000001100000000000001110000000111001000001101000000010100000000000000000000000000000000000001010000
000000000000000000000000010100000000000000010000110000000000001000100000000000000000000010000000011011000000000000000000000000000000100100000000010010000000101001100101000110111000010000000000000000000000000000000000000000000000000000010000
110100000000000000000000001100000000000000001110001000000000010001000000000100000000000101000000010011000000000000000000000000100000100110000000010010000000010000000101000000000000011000000000000000000000000110000000000000000000000000001101
110110000000000000000000000000000000000000000100001000000000110010000000001010000000000101000000110011100000000000000000000000100000100010000000001100000000010000000001100000000000101101000000000000000000000110000000000000000000001100000010
000001000000000000000000000000000000000000000011010000000111111000000000000110000000000010000000001010000000000000000000000000100000000111000000000000000000000000000000000000000001100001100000000000000000000000000000000000000000000000000001
101100100000000000000000000100001100000000000011010000011010100000000000000000000000000000000000000000000000000000001100000000000000000100000000000000000000000000000000000000000000110001000000000000000000000000000000001100000000000000001100
100111000000000000000000000100001100000000000011010000000010110000000000000000000000000000000000111000000000000000010010000000000000000000000000000000000000000000010000000000000000001001000000000000000000000000000000001100000110000000011101
000000000001100000000000000100000000000000000000010000010011100000000000000000000000000000000001000000000000000000001100000000000000000000000000000000000000000000000000000000000000000111100000000000000000000000000000000000000110011000100000
000000000011010000000000000000000000000000000010100000000010000000000000000000000000000000000001001000000000000000000000000000000000000000000000000000000000000110110000000000000000000000010000000000000000000000000010000000000011111100000100
110000000000011000000010000000000000000000000110000000010000000000000000000000000000000000000000000000000000000000000000000000000000000000000000000010000000000000110000000000000000000000010000000000000000000000000001000000000000101010001000
101100000110001000000101000000000010000000000000000000000110000000000000000000000000000000000001110010000000000000000000000000011000000000000000000101000000000000100000000000000000000000010000000000000000000000000111000000000001100010000010
001000000100001111001000100001000001000000000000000001000110000000000000000011000000000000000001000110100000000000000000000000100100000000000000000101000000000000110000000000000000000000110011000000000000000000000100000000000000001000000000
111110000010010111001010101000100010000000000000001001000000000000000000000011000000000000000000100000011000000000000000000000011000000000010000000010000000000101100000000000000000000000100111100000000000000000000000000000000000001100010101
100010000011010010001101000000000000000000000000000110110001000000000000000000000000000010000000011011011011000000000000000000000000000001101100000000000000011011000010000000000000000000010100100000000000000000000000000000000000011001100000
000000000000000111000111000011111000000000000000000110000001000000000000000000000000000101000000000001000100000000000000000000000000000001001000000000000000001000011100000000000000000000000000000000000000000000000000000000000001100000001000
001000000000000011000010001100001100000000000000000000001001100001100000000000000000000101000000000000100100000000000000000110000000111000110000000000000000000000000110000000000000000000000000110000000000000010000000000000000010000001001000
001000000000000010000000001100000010000000000000000000011001000010010000000000001000000010000000000000011000100000000000000000000000100100000000000000000000000000001111000000000000000000000001000000011100001101000000000000000011001001000000
001000000000000110000000000000010100000000000000000000010010000001010000000000001000000000000000000000000110000000000000110001000000110100000000000000000000100001100001000000000000000000000000110000111100001001000000001100000000000101000000
000000000000001001000000000000000000000000000000000000010010000000100000000000001000000000000000000000000001100000000000110010000000001000000000000000000011110000000101100000000000000000000000000011001011110000000000100010000000000000000000
000000000000000011000000000000000000000000000000000000011100000000000000000000000000000000000000010000000001100000000000001100000000000000000000000000001000001000010001100000000000000000000000000011001100011000000001000100000000011010010000
000000000000110111000000000000000000000000000000000110001000000000000000000000000000000000000000101000000000000000000000000000000000000000000000000000000000110100010101100000001100000000000000000011001000000000100001000000000000000111100000
000000000000000000000000000000000000000000000000001110000100000000000000000000000000000000000001001000000000000000000110000000000000000000000000000000001000101010001101100001111100000000010101000000000000000000100000100000000000000010000000
000000000000001010000000000000000000000000000101010100101100010000000000000000000000000000000000110000000000000000001001100000000000000000000000000000000011110100000010000010110000000000001001000000000011000001000000000000000000000000000000
000000000100001110000000000000000000000100000101011011100000111000000000000000000000000000000000000000000000000000010000000000000000000000000000000000000000000000000000000010000000000001001000000000000011000010000000000000000000000000000000
000000001001001001000000000000000000001011111100010101100000011000000000000000000000000000000000000000000000000000001000010000000100000000000000000000000000000000000000000001000100000001000000000000000000111100000000000011000000000000000000
000001001001000110000000000000000000001000010011101000000001010000000000000000000000000000000000000000000010000110000110000110001010000000000000000000000000110000000000000000001000100000000001100000000100000000000000000010100000000000000000
000001010001000000000000000000000000100010001001100000000001101000000000000000000000000000000000111000001101000000000000001010001010000000000000000000000000111000000001100000000000010000000010010000001100000000000000000010100000000000000000
000100010011000000000000000000000001001001111111000000000010000010000000000000000000000000000001001000001000000000000001100000000100000000000000000000000010000100000010010000000110010000000001100000010100000000000000000001000000000000000000
000010000100000000000000000000000000101000011100000000000011100100000000010000000000000000000001000000001000000000100001101100000000000000000000000000000000101000000010010000010000110000000000000000001000000000000000010000100000000000010000
000000000000000000000000000000000000000000000000000000000000000000000000101000000000000000000000010000000100000001100111000011001110000000000000000000000000101000000001100000100100000000000000000000000000110000000000010000100000000000101000
100000000000000000001000000000000000000110000000000000000000000000000000101000000000100000000001100000000001000000000110001000000110000000000000000000000000000000000000000001000111010000000000000000000000011000000001100100010000000000111111
010000001110000000010010000000000000000111000000100100000000000000000000010000000001010000001000000000001001001000000100010000100111000111000000000000000000111000000000000000100000101000000000000000000000110000000000011000100000000000001100
010000110010000000001001000000100000000010110000100100000000000000000000000000000000110000001100000000001000010000000000100000000111000100100000000000000000111000000000000000011110000100000000000000000000000000000010111111100000000000001000
100000011100000000000011000001010000000001010000000010000000000000000000000011000100000000000101000000001000000000000000100011000100000010010000000000000000010100000000000000000100110000000000000000000000000000000000000010000000000000000101
000000001000000110000111000000100000000011011010000010000000000000000000001010011010000000000100100000000000100000000000000000001100000001110000000000000000001000000000000000000000000000100000000000000000000010000000000011000000000000000010
000000000000000000000000000001100000001101110010000010000001100000000000010010100011000000000010000000000001100110101110000100000110000000110000000000000000000000000000000000000000100001110000000000000000000010000000000101010000000001000000
000000000000001010000000000001100000010001100010010100000001100000000000111011110000000000000001000000000110000001100001000000000010000000000000000000000000000000000000101000000000101001001000000000000000000000000000000000001100110010100000
000000000000011011000000000010010000011101000000000000000000000000000000010011011000100000000000000000000100000011000100000100000000011000100000000000000000000000010100100100000000111000110000000000000000001000000000000000011100111000000000
000000000000000110001000000001100000011000000000100000000000000000001000001011011010010000000000000000000100001011001100010000000000001000000000000000000000000110110000000100000000000000000000000000000000001000000000000000000000010000001100
000000000001000000001000000000000000010000000011110000000000000000001000000010000111111000000000000000000011010000101001000000000000000000000000000000000000000000110000000000000000000000000000000001100000001000000000000000011100110100010000
000000000010100011001000000000000000110100000100010000000000000000010000000000000000100100000000000000010001100000001010000000000000000000000000000000000000000000010010000011000000000000000000000010010000000000011000110000010000010100001100
000000000010100000100000000000000000010111000100100000000000000000000000000000000000100100000000000001100000000000000000000000000000000000000000000000100000000000011000100000100000000000100000000001100000000001011000110000000000001000000000
001100000010000000000000000000000000111011100011100000000000111000000000000000000001000100000000000001110000000000000000000000000000000000100000000000100000000000110100010010110100000001010000000000000000000001000100000000000000000000000000
010010000000000000011000000000000011111000110000000000000000001000000000000000000000001000000000011110100001110000000000000000000000000100010000000000100000000000001100110100010110000001010000000000000000110000000000000000000000000000000000
010100000000000000001000000000000101011000000000000000000000010000000100000000000001010000001110010001100001100000000000000000000000000100100000000000000000000000000000011001100000110000100000000000000001001000000000000000000000000000010000
001000000000000000001011000000000000100000000100000001000011011000000100000000000000100000001001100001100000000000000000000000000000000000000000000000000000000000000000001011100000010000000000000000000000001000000000000000000000000011100100
000000000000000000011110000100001000000000000100000111100001011000000100000000000000000000001000000010000000000000000000001100001101100000000000011000000000000000000000000000001000000000000000000000000000110100000000000000000000000100000100
000000000000001100001110000000010000000000000100011110110000110000000000000000000000000000000000001000000000000000000000011100001001100000000010100100000000011000000110000000001000010000000000000000000000001110000000000000000000001101100010
100000000000000000000000000000101000000000000000000001100000000100000000000000000000000000000000000000001000000000000000011100000111110000000101111000000000101000000110000000000011000000000000000000000000001100000000000000000000000101010010
110000100000000000000000000001110000000001110000010011000110000100001000000000000000000000000000000000011100000000000000000011000000000100010000010000000000101000000100000000000011011000000000000000000000000000000000000000000000000001110010
001011011000000000000000000001100011000000000000001110000111001000100000000000000011000000000010010000100010000000000000000011100001000001011110100000000000110000000000000001100000000000000000000000000000000000000000000110000000000010000001
010101011000000000000000000001101001000000000000000000000000001100000001000000000011000000000100010001110111000000000000000010001001000000000101000000000000000000011000000001100000000000000000001100000100000000000010000110000000000011010001
100111110000000000000000000000001101000000000000000000000010000000000100000000010000000000000100100000100001000000000000000000000000000000001000000000000000000000001010000000001100000000000000001100000110000000000101000000000000000001010000
001110000000000000000000000000000010100000000000000000000010000100010010010000100100011000000011100100111011100000000000000001100100000000101000000001010000000011000110000000001100000000000000000011100011000000000000100000000001100000010011
101000000000000000000000000000000001010000110000000000000010000000000010000000000010011000000000000100010001000000000000000000000100000001110001100001010000111011000000000000010000000000000000000010000111000000000000100000000001110000111011
000100000000000000000000000000000001010000110000000000000011011011000001101000000010000000000000000100001110000000000000000000000010011000110010111000010000011011000000000000001100000000000000000011100100000110000010000000000001101000000101
011000000000000000000000000000000001110000000000000000000100001000000000000110011010000000000000000000000100000001000011100000000000011010100000100001000000011010000000000000001100000000000000000000010100000110000001100000011000000000010010
100000000000000000000000000000000000000000000000000000000000111000000000000101110000000000000000000000000000000010000000011000000000000111000000010001101000001100000000000000000000001000000000000000100000000110000011100000111000000000000100
000000000000000110000000000000000000000000000000000000000011010000000000000100000000000000000000000011100000000001000000011000000000000010000000001111111000000000000000000000001000000110000000000011000000000000000000000000011000000000000110
000000000000110100000000000000000000000010100000000000000010001111111100000101100000000000000000000010000000000000000000001000000000000000000000000010010000000000000000000111111100001110111000000000000000000000000000000000011000000000000110
000000000001000000011000000000000000111010100000000000000000001110000010000010000000000000000000000011000000000000000011110100000000000000000000000000000000001000000000000001111010000000111000000000000000000000000000000000000101101000000000
000000011101000000000000000000000000111000000000000000000010000000001100000000000000000000000000000000000000000000000001001100000011000000000000000011100001000100000000001101000110000000000000000000000000000000000000000000000001110000000000
011100010000110001000100011000000000011000000000000000001110101101001000000000000000000001110000000000000000000000000000111000000010100000000000000000000110000100000000010100101100000000000000000000000000000000000000000000000001100011100000
111111100010000010100000100010000000000110000000000000001100000000000000000000000000000010010000000000000000000000000000010011000010100000000000000000001000000010000000000110011000000000000000000000000000000000000000110001000000000000101010
001001100010000100100000010110000000000011000000000000000100000000000000000000000000000000001000000000000000000000000000001001000011000000000000000000010000111010000000001111111000000000000000000000100000000000000001000000100110000000110100
111000000100000010100000000000000000000011100000000000000000001100000000000000000000000100100000000000000101000000000000000101000011000000000000000000001010000010000101000111100000000000000000000001110000000000000001100011000100110111010111
001011001000000001000000000000000000000000110000000000000000000010110000000000000111000011100000000000000100100000000000000010000000000000000000000000000100000000000011000000000000000000000000000010111000000000000000100000000010000111100000
000001110000000000110101110000000000000000000000000000000000010000110011000000000000000000000000010000000001000000000000000000000000000000000000000000000000000000000001000000000000000000100000000000010000000000000000000000000001101011000000
000000000000000000010000101000111110000000000000000000000001100000000011000010100000000000000011001000001111000000000000000000000000000000000000000000000000000000000000000000000000000000101000000000000000000000000111000000000000000010000000
000000000000000000001000001000100000000000000000000000000000111000000000000001100000000000000011000100000001111100000000000000000000000000010000000000000000000000000000000000000001100000110000000000000000000000001000100000000000001010000000
000000000000000000000101110000011100000000000000000000000000010000000000000001000000000000000011001000000001100001000000000000010000000000101000000000000000000001100000000000000001100000000000000000000000000000001000100000000000000110000000
000000000000000000000000100000000000000000000000000000001000000000000000000000000000000000000000100000000001101000100000000000101000001100101000000000000000000010100000000000000000000000000000000000000000000000000111000000000000000000000000
000000000010000000000000000001110000000000000000000000010100000000000000000000110000000000000000111000000000101001000000000001000100001011000000000000000001100110110111000000000000000000000000000000000000000000000000000000000000000000000000
000000000101100000000000000110101000000001100000000000001000000000000000000000110000010000000000000000000000000110000000000000101000000111100000000110000000110010011001000000000111100000000000000000000000000000000000000000000000000000000000
000000001100010000000001100111011100000000010000000000000000000000000000000000000000111000000000010000000000001100000000000000010000000101100000000110000001100001010011000000001000010000000000000000000000000000000000000000000000000011000000
000000000000010000000001100000010100000001110000000000000000000000000000000000000001000100000000101000000001111000000000000000000000011111011000000000000111000000100000000000000000001000000000000000000000000000000000000000000000000011000000
000000000100000011000000000001000010000001100000000000000000000000000000000000000001111100000001000000000010000000000000000000000000000001110000000000001010000000000000000000000010101000000000000000000000000000011000000000000000000000000000
000001100100001000100000000010100100000000001100000000000000000000000000000000000001111000000001101011000001100000000000000000000000011000100000000000010001000000000000000000000000101100000000000000000000000000011000000000000000000000000000
000000000000101000100000000011000100000000011100000000000000000000000000000000000100000000000000101010000000000000000000000000000000000000000000000000011010000000000000000000000000010100000000000000000000000000000000000000000000000000000000
000011000000000010100000000000000100000000000100000100000000000000000000000000000111000000000001000000000000000001000000000011000000000000001001110000010001000000000000000000000100111000000000000000000000000000000000000000000000000000000000
001100110010000000000000000000010010000000000000000110000000000000000000000001000010000000001001000000000000000010001100000011000000000000001000001001000101110000000000000000000110100000000000000000000000000011110000000000100000000000000111
001110010100000000110001101000001110000000000000000011000000000000000000000110000110000000001010000000000000000010000010000011110000000000001001100000000100000000000000000000000110000000000000000000110000000011110000000010100000000000000000
000111100110000000000000111110100000000000000000000011100000000000000000001011000110000000001011000000000000000011010010000100011000011000000000010000000000111111000000000000000000000000000000000000110000000100010000000001100000000000000100
010001100010000000000000000000110000000000000000000011000000000000000000001000000011000000001011000000000000000100000010001000001000010110001000000011001000000111000001110000000000000000011000000000000000000000000000000000000000000000000000
010000000100000000000000000010110000000000000000000010000000000000000000001000100000000000000110000000000000001110111100000100000000000010000000000000011100001010000000000000100000000000100100000000000000000100000011100000011010000000000010
000000001010000000000000000000000000000000000000000000000000000000000000000100100000000000000110000000000000010110110000000000000000001010000011000000010000000100000001100000100000000010000110000000000000000001100011100000011011110000000000
100000011001000000000000000000000000000000000000000000000000000000000000000001110000000000000001000000000100001000000000000000000110001100010001100000000001001010000000000000010000001111010000000000000000010000100100010000000000111001100100
000000111100100000000000000000000000000000000000000000000000000000000000000000100100000000000010100000001000010000000000000000001110110000101001110000000100100100100000000000000000001101100000000000000000001011000000011000000000100000010101
000001001001000000000000000000000000000000000000000000000000000000000000000000000010000000000010010000001011101000000000000000001000010000101000110000000110000101110000000011000000000100100000000000010000000100000000110000000010110000100010
000000110000000000000000000000000000000000000000000000000000000000000000000000011101100000000001100000000111001100000000000000001101100000000000001110010100000011010000000101000000000011100000110000110011100000000000000000000010100000010000
000000000011100000000000000000000000000000000000000000000100100000000000000000000010100000000000000000000000010001000000000000000010000110000000011010001000000000001000000000000000000001000000100000110011100000000000000000000011100001010000
000000000010011000000000000000000000000000010000000000000100010000010000000000000001100000010000000000000000001010000000000000000000000110000000001100000000000000000110000011000000000000000000011100000010000000000000000000000001101110000000
000000000110001000000000000000000000000000110001100000001000110000010000000000000100000000011000000000000011000100000100000000000000000000000000000000000000011010011010000001000000000000000000000100000001111000000000000000000001110101010000
000000000111110000000000000000000001000000010010010000000111010000010000000000000100100001000100000001100010100000000011100001000000000000000000000000100000101010000010011001000000000000000000000011000100001100000000000000000010010001111000
000000001011100000000000000000000000100000111110101100000011100000010000000000000100100000000000000010010010000000000001000010000000000000000000000010010000000000001001010000000000000000000000000001101101101100000000000000000100111001100000
000000010101100000000000000000001000000000011100110000000000110000101000000000000110000000000000000010100010000000000000000010011000000000000000000100000000010111001101110000000000000000000000000000110000010000000000000000000011101000000000
000000010111010000000000000000001000000000011100110000000000000000011100000000001100000000001110000001000010010000000000000010100100000100000000000100000000001110011000000000000000000000000111000000000000000000000000000000000001000000000000
000000011111000000000000000000000100010100000100100000000000000000000100000000000110100000001100000000000001001000000000011001000000000010000000000100000000000100101100000000000000000000000000000000000000010000000000000000000000000000000000
000000000011010000000000000000000000000010001000000000000000000000000011000000000010101100101001000000010001000000000000001000001101100100000000000001100011000011100000000000001100000000000000000000000000001010000000000000000000000000000001
000000000000010000000000000000000000001110001110010000000000000000011000100000000100000110000011000000110000000000000000001110000010001100000000000000100000000010010000000000001100000000110000000000000000000000001000000000000000000000000001
000000000100000000000000000000000000000110001011100000000000000000011001100010000100101011010000000001010001000000000000000000000000000000000000000000000000000001000000000000000000000010000000000000000000000000110000000110000000000000000001
000000000010000000000000000000000000000011000100000000000000000000000000000101001000011000000000000100000001010000000000000000010000000000000000000000000000000001110000000000000000000000001000000000000000011010110000001011000000000000000000
011100000011100000000000000000000000011011100011100000000000000000000000000000001000000001010000001000100001100000000000000000101000000000001110000000000000000000000000000000000000000100001000000000000010000000110000001100000000000000011100
000000000000000000000000000000100110001101000000000001010000000000000000000111000100010001000000000101100000000000000000000000100011100000000000000000010000000000000000000000000000000000000100000011000101000000111000011000010100000000000000
000000000000000000000000000000100100000111000010010001001000000000000000000000000100010001001101100000000011000000000000000000010100000010000000000000010000000000000000000000000000000011001000000100000100100000100100010001101010000000000001
000000000000000000000000000000001100000000000000000001001000000000000000000000000001100000001001000000000111000000001110000000001101010011100000000000111000000000000000000000000000000000110000000110000110100000011100000011000001110000000001
000000000000000000000000000000000000011100000010100011010000000000000000000000000000000000000101000000000111000000000000000000000000100000001000000000000000000000000000000000000000010000000000000001000110100000000000000011011000011000000001
000000011000000000000000000000000000100000000011000000010000000000000000000000000000000000000000000000110100100000000000000000000000000000010110110000000000000000000000000000000001101000000000000001000000110000000000000000010011000000000000
000000100100000001100000000000000110101100000000000100100000000000000000000000000000000000000000000000110001000000000000000000000000000100010000110000111000000000000000000000110010100100000000000000010000000000000000000000001001110000000000
000000011000000010100000000000000100100000000000001011000000000000000000000000000000000000000000000000000001000000000000000000000000001000010001000000010000000000000000000000011111100000000000000000111000100000000000000000101100000000000000
000000000000000011000000000000000111000000000000000100000000000000000000100001000000000000000000000000000001110000000000000000000000001001000100000000010000000000001100000000001100001000000000000000011001100000000000110001000000000000000000
000000000000000000000000000000000010000000000000000000000010000000000001100010100000000000000000000000000001110000000000000001100000000110001100000000000000000000001100000010000000110000000000000010001101100000000110100000110000010100011000
000010000000000000000000000000000001010000000000000000000010111000000011000001100000000000000000000000000010001000000000000010010000000000000001000000000011000000000000000010000000001000000000000010001010000000000000000100010000000100011000
000011000000000000000000000000000011010000000000000000000001111110000000000000000000000000000000000000000011101000000000000011110000000000000101000000000111110000000000000000000000000000000000000000010000000000000110000010000000011100100100
000001100000000000000000000000000010000000000000000000000001000001000000000000000000000000000000000000111001110000000000010010010000000000000100000000001000110000000000000000000000001000000000000000010010000000000000001101000000000000000100
000011000000000000000000000000000110000000000000000000000001011111000000000000000000000000000000000000011100000000110000010110100000000000000000000010001001000000000000000000000000000000000000000000010010000000000001101001000000000000000110
000010000000000000000000000000001101000001110000000000000001100000000011000001000000000000000000000000100000000000001000011101000000000000000000000011011001000000000000011000000000111000000000000000001100000000000010101110000000000000010111
100000000000000000000000000000000111000011001000000000000001000000000000000000000000000000000000011000000000000000111000011011000000000000000000000000100000000000000000100100110000010000000000000000000000000000000110110100000000000000011000
110000000000000000000000000000000010000101011000001100000111100000000000000000000000000000000000110000000010000000000000011000010000000000000000001010100000000000000000100000011000000000000000000000000000011000111011000000000000000000000000
000000000000111000000000000000000000000100010010010100001101100000000000011000000000000000000000101000011100000000000000011000000000000000000000001111100100000000000000111001010000000000000000001100000000011111000100000000000000000000000000
000000000000011000000000000000000001001110001010010000000001010000000001111010000000011000000001111110000000000000000000000111100000000000000000110111010100000000000000110001100000000000000000010110000000000011010000000000000000000000010100
000000000000111000000000000000000001100000010010010100111100000000000001000000000000101000000001000000000000000000000000000010000000000000000000011010110000000000000000011010000000000110000000010010000000000100000000000000000000000000011100
000000000000000000000000000000000000000100010010001100111100000000000000100000000000111000000000001100000000000000000000000000000000000000000110111101111100000000000000001110000000000110000000001110000000001101100000000000000000000000001000
000000000000000000000000000000000000001010010100000000000001011000000000000000000001001001100000001101000000000000000000000000000000000000000000011010110000000000000000000100000000000000000000001100000000000101000000000000000000000000000000
000000000000111010000000000000000000000000001000000000000010110100000000000000000000110001100000000101100000000100000000000000000000000000000000110111011000000000011000000000000000000000000000000000000000010110000000000000000000000000000000
000000000001000000000000000000000000001110000000000000000001011000000000000000000000000000000110000011000000001010000000000000000000000000000000001111100000000000110000000000000000000000000000000000000110001110000001000000000000000000000000
000000000000000000000000001000000000011100000000000000000001100000000000000000000000000000001000000000000010011011000000000000000000000000000000001010100000000000001000000100000000000000000000000000001010000000000010100000000000000011000000
011100000001000100000000110110000000011000001110000000001111100000000000000000000000000000000101000000000110110010000000000000000000000000000000000000000000000000000000010110000000000000000000000000000100000010000010100000000000000011000000
010010000000111000000001110110000000010000010001000000011101000000000000000011100000000000000001100000001000010000000000000000000000000000000000000010000000000000000000100010000000000000000000000000000000001100000001000000000000000000000000
100010000000000000001110001000000000000000100000100000010111000000000000000011100000000000000000100000000101011000001100000000000000001000000000000010000000000000000000111110000000000000000000000000000000000000000000000000000000000000000000
111100000000000000001100010000000000000000010001000000000101100000000000000000000000000000000010010000000000000000100010000000000111010100000000000000000000000000000000010100000000000000000000000000000011100000110000000110000000000000000001
010000110000000000001100000000000000000000001110000000000011110000000000000000000000000000000011010000000000001001000000100000001000000100000000000000110000000000000000000000000000000000000001100000000100010001001000001001000000000000000000
000000110000000000001000100000000000000000000000000000000000110000000000000000000110000000000001000000000000011001000111100000000100111000000000100000110000000000000000000000001100000000000001100000000110001000110000000110000000000000000100
100000000000000000000100100000000000000000000000000000000000110000000000000000000110000000000000100010001100010000100001000100000011110000000001110000000000000000000000000000010010000000000000000000000010010000000000000000000000000000000011
001110000000000000000101000000000000000000000000000000001101101000000011000000000110000000000001000000010000100000000000000100000000000000000000110000000000000000000000111100001100000000000000000000000000000000000001000000000000000000000011
000001000000000000000000000000000000000000000000000000001101001000000101000001100000000000000001000010010010110111000001011010000000000000000001000000000000000000000000000010000000000000000000000000000000000000000010100000000000000100000000
001111100000000000000000000011000000000000000000000000000010001000000001100000100000000000000001000100001110101000100010111100000000000000011000000000000000000000000010100000000000000000000000000011000000000000000010100000000000001000000000
000110110000000000000000001001000000000000000000000000011001100000100101101000000000000000000000101000000001101101000100001000000000000000011000000000000000000000000100000001000000000000000000000010110111000000000001000001000000000101100000
000010100000000000000000010001000000000000000000000000100000000001100100001000000000011000000000000000001000010100000001100000000000000000000000000000000000000000000110100010000000000000000000000001110111000000000000000000001100000000010000
000011000000000110000000010100000000000000001110000000001110000100000100000100000000100100000000000000110100000000000000100000000000000000000000000000000000000000000010101100000000000000000000000000110000000000000000000000001110000000010000
000000000000001001000000100000000000000000000010000000011000000101100101101100000000011000000000000001000010000000000000000000000000000000000000000000000000000000110000000000000000000000000000000000000111001100000000000000101111000111010000
000000000000000101000000101000000000000000000100000000100000000100001000101000000000000000000000000001100100000000000000110000000000100000000000000000000000000000101000000100000000000000000000000000000110100100000000000000010011001000100000
000000000000000010000000100100000000000000110110000000100000000000000000000000000000000000000000000000011000000000000000010000000001010000000000000000000000000000010000010010000000000000000000000000000010000100000000000000100001110111000000
000000000000000000000001001000000000000000010110000000110000000000000000000000000000000000000000000000000000000000000000000001100001010000000000000000000000001100000000000010000000000000000000000000001011100000001100000001001100101111000000
000000000000000000000000101000000000000000000100000011001100000000000000000000000000011010000000000000000000000000000000001110110000100000000000000000000000010010000000000000000000000000000110001000001101101000001100000001100100100000000000
000000000000000000000000010000000000000000000000001101001100000000000000000000000010100010000000000000000000000000000000000110110000000000100000000000000000001100000000000010000000000010001001011100000000000000000000000000011101100000000000
000000010010000000000000000000000000000000000000000111110000000000000000000000000010000000000011000000000000000000000000000110100000000001010001100000000000000000000000000010000000000101000110100000000000010000000000000000010000010000000000
000011010010000000000000000000000000000000000000000111000000000100000000000000000010100000000011000000000000000000000000000001000000000001010011100000000000000000000000101100000000000010000000011000000001110011000010000000000000100000000010
000110010010000000000000000000000000000000000000001000100000001010000000000000000000001010000000000000000000000000000000000000000000000000000011001110000000000011000001100000000000000000000000010000000001010100111101100000000000000000000111
100001000100000000000100000000000000000000000000000101100001101000000000000000000000000000000000000000000000000000000000000000000000000000000000001110000000000011000000000000000000000000000000110000000001011010110010000000000000000000001000
000000011000000000001010000000000000000000000101110100010000111010100000100010000010000000000000000000000000000000000000000000000000000000110011000100001010000001000000000000000000000000000000101000110000000001000000000000000000000000000111
000111110000011000000000000000000000000000001101000010011000111100001001010101000101000000010100000000100000000000000000000000000000000000110011010100101000000001000110000000000000000000000010011000110000111000000000000000011000000000000010
001000001000101000010001000000000000000010000101000010011000011100000100111110000101000000011000000001110000000000000000000000000000000000000011011001000010000011001001000000000000000000001101101100001000010000000000000000011000000000000000
000000110000001000000000000000000000000010000000000000011000000000000100011100000010000000000000000010011000000000000000111000000000000000000000000011001000000100100110000000000000000000000101000100010000000000000000000000000000000000000000
101101100000000000000000000000000000000010000001100000000000000100000000001000000000000000000100000010000000000000000000101000000000000000001110000001000100000100100000000000000000000000000010000100000000000000000000000000000000000000000001
010100000000000000001110000000000000000000000001100000000000000001010010000000000000000000010010000001000000000000000011001000000000000000001001000000101000000011000000000000000000000000000000000010110000000000000000000000000000000000000010
001100000000000000000010000000000000000000000000100000000000000001100000000000000000000000001010000000000100000100000010000111000000000000000000000000010000000010000000000000000000000000000000000000001000000000000000000000000000000000000000
001100000000011000000011000000000000000000000000000000000000000001110100000000000000000000000100000000010100011011000011100001000000000000000111000000000000001110000000000001100000000000000000000110000011000000000000000000000000000000000000
000000000000101100010100100000000000000000000000001000000000000001100000000000000000000000000000000000001100011011000000010011000001000000000000000000000000000000000000000010010000000000000000000000000011000000000000000000000000001110000001
001000000000100000011011000000000000000000000001011010000000000001110000000000000000000000000000000000000000000000100000010100000010100000010000000000000000010001000000000001100000000000000000000000000001000000000000000000000000001111000000
111000000000011000010000000000000000000000000010110000000000000010010000000000000000000000000100000000000000011111000000011100000000000001110000000000000000010111000100000000000000000000000100000000000000000000111000000000000000010010110000
000000000000000000111100000010110000000000000000010110000000001000010000000000000000000000000100000000000000101000000000000000000011100010010000000000000000000000100011000000000000000001111110000000000000000010000100000000000000000110110000
000000000000000001011110000010001000000000000011000000000000010000010000000000000000100000000100000000000001011011000000000000000000000011000000000100000000001110110011111000000000000001111111000001100000000000000000000000000001000000100000
000000000000000000111111000001000100000000000000111000000000001000010000000000000001110000000000000000000010111010110000000000000000000001000000001110000000111110110011000110000000000010000001110001100000000100000000000000000001000100100000
000000000000010000110001100001001000000000000000000000000000000010000000000000000011011000000000000000000111111110101010000000011000000000000000010110000000111110000000110110000000000001100000110000000000000000010000001100000000000111000000
000000000000011100110001110000110000000000000000000010000000000000000000000000000110001100000000000000000110010001111001000000011000000000000000000000000000010110100000000100000000000001100000011000000000000001100010001010000000001000001000
000000000000010010110001100000000000000000000000000010000000000000000000000000000011011000000000000000101110000000101001000000110100000000000000000000000000001010000000101000000000011111000101000000000000000001001000000100000000000000010100
000000000111000010011111000000000000000000000000000010000000000000000000000000000000000000000000000000100000001111010000000010010100000000000000000000000000010000000001000000000000101111100000000000000000000000111000000000000001110000110100
000000000000000010001110000000000000000000000000000000000000000000000000000000000000000000000000000001001100100011010000001001000000001000000000000110000000001100000001001000000001000000001000000000000000000000010000000000000000000000001000
000000000000000000000100000000000000000000000000000000000000000000000000111000000000000000000000000011000101110000000000001010000000011111100000000110000000000000011000110000000001000101100000000000000000000000000001100000000000000000000000
000000000010000000000000000000000000000000000000000000000000000000000000011000000000000000000000000010000001001100100000011000000001100000011000000110000000000000011000000000000001000001000011000000000100000001000111010000000000000000000000
000000000010001100000000000000000000000000000000000000001100000000001001010000000000000000000000000010000000000100100000111100101000101000001110000000000010000000000000000000000000100010000000000000001000010001101001010000000000000000000000
100000000000111000001000000000000000000000000000000000010100000000001111011001100000000000000000000010001000000010100001011100100100111100101011000000000101000000000000000000000000100110000000000000000000110001011000110000000000000000000011
100000001100110000001000000000000000000000000000000000001000000000001000011100100000000000000000000000001000000001000011001110000101100000010000011100001101100000000000000000000000010110000000000000000000010010011001110000000000000000000000
100000001100100000000000000000000000000000000000000000000000000000000101110100100000000000000000000010010000000000000100000000000000000000010101000110000100100000000000000000000000010100000000000000000011010000011000000000000011000000000010
000000000000000000000000000000000000000000000000000000000000000000100000000100000000000000000000000011100000000000000000000000000000000000001111000000000011000000000000000011000000001000000000000000000001011000000001110000110100100000001001
000000000000000000000000000000000000000000000000000000000000000000100000000010001100000000000000000100011000000000000000000000111000000000000100111000000000000000000000000100100000000000000000001100000001000100000000100000101000100000001110
000000000000000000000000000000010000000000000000000000000000000000001100000000001100000000000000000010011100000001110011100000000000000000000110000000000000000011100000000011000000000000000000001100010000101000000000000000100010100000000100
000000000000000000000000000000010000000000000000000000000001100000000100000001100000000000000000000001100010000100101110010000000000000000000110000000000000000000001000000000000000000000000000000000101000111000000000000000000001000000000000
000000000000000000000000000000010000000001000000000000000001100000000000000001110000000000000000000000111101011100101000100000000000000000000110000000000000000000000100000000000000000000000000000000011000000000000000000000010100000000001000
000000000000000011000000000000000000000010100000000000000000000000000000000001010000000000000000011100011010001001010011000000010000000000000000000000000000000000011000000000000000000000000000000000000000000000011000000000001101110000011100
000000000000000100100000000000000000000100110000110000000000000000000000000001010000000000000000001001100110000000100010000000110000000000000000000000100000000000010000000010000000000000000000000000000000000000100100000000000011101100000010
000000000000000011000000000000000010001100000000000101000000000000000000000000100000000000000000000101000100000011101000000000000000000000111010010001001000000000000000000111000000000000000000000000000000000000011000000000000000000010011100
000000000000000000000000000000000101001100000000000101000000011101100000000000000000000000010000000000000011011100001000000000000000000000101010010001001000001100000000001000100000000000000000000000000000000111100100000000000000010000011110
000000000000000000000000000000000110000000000000000010000000100011000000000000000000000000101000000000000000000000100110000000000001100000101110000010000000001011010110000111000000000000000000000000000000011000011100010000000000000000100011
100000000000000000110000000000000000000000000000000000000000000000000000000000001100000000110000000000000001000000011101111000000010100000000000000011000000000000010110000010000000000000000000000000000000100000000010010000000000000000100110
100000000000000001001000000000000000000000000000000001100011110011000000000000010010000000000000011000000001011100000011000100000010000000001110000111000000000000000000000000000000011100000000000000000000101100011101000011001000010000100110
000000000000000000110000000000000000000000000000000010010011001111000000000000001100000000000000001100000000100010001101111000000001000000001110000110000011100000000001100000000000001110000010100000000000000101010000000000010001000001000110
000100000000000000000000000000000000000000000000000010000000000000000000000000000000000000000000001100000000000001100000010000000001100000000110001110011100000000000010010110000000010010000010001000000000000000011000000010000001100010000011
001100000000000000000000000000000000000100000000000000110000000000000000000000000000000000001110000000000000000000001100000000000000000000001110000111111011000000000001100000000000000100000000001100010000000011100000000011000000001000000000
001000000000000000000000000000000000001100000000000000101000000000001110011100000000000000000001000000010000000000011100000000000111000000001011010010101001000000000000000000000101000000000001101000101111010010100000000000000001001000000000
011000000000000000010000000001000000001000000000000100110000000000001100000100000000000000000011100000110000001100000000000000001011000000000011111000000000000000000000000000000110000000000000000100001000100001011110000000000010010000000000
010100000000001100011000000001000000000100000000000011100000000000001001011100000000000000000000000000100000001100000000000000001010000100000011111010010000000000000000000000000110100000000001000000010001010010000110000000000110110000000000
010000110000001110101100000001000000000000000000000000000000000100000101000000000000000000001101000000000000000000000000000000000000100100000000000001100000000000000000011100000011000000000000001001101100001111000000000110011100100000000000
000000110000000110010000000100000000000000000000000000000000001010000010000000000000000000111100001110000000000000000000000000000000110000000000000000000000000010110000000010000000000000000000011010000100001010000000000100011100100000000000
000000110000001100000000001010000000000000000000000000000000100010000000000000000000000001110100001011000000010100000000000000000000000000110000000000000000000011000010110101000000000000110000000100000000001111100000011000010011000000000000
000101000000000000000000011011000000110000000000000000000000100100000000000000000000000000111011000010000000010100000000000000000000000001100000000000000000000100000000000001000000000000110000000000000000000000100000010011000000000000000000