100001100000000000000000000000000010011000000000000000000000010010000001000000000000000000000110001001000000001010000000000000000000000110000000011000000000000000000000000010000000000000001100000000000000000000000000011010000000000000000000
010011000000000000000000000111000101010000000000000000000000000000000001000001000000000000000000001110000000000001000000000110000000001110000000011000000000000000000000101100000000000000001100000000000000000000000000011000000000000000000001
010000000000000000000001110010000100000001000000000000000000010000000001110001000000000000000000000000000000000110011000000110000000001100000000000000000000000000000000010000000000000000000000000000000000000000000000010100000000001100000001
110000000000000000000110100110000001001000000000000000000001110000000000000000000000000000000000000000000000000000011100000000000000000011100000000000000000000000000000000000000000000000000000000000000000000000000000010100000000010010000000
000000000000000000000010001100000000001101000000000000000011110100000000000000000000000000000000000000000000000000100110000000000000000001000000000000000000000000011000000011100000000000000000000000000000000000000000100010000000001010000000
000000000000000000000010001100000001100110000000110000000100100011000000001010000000000000000000000000000000000111010000001000000000000000000000000011000001100000011000010011100000000000000000000000000000000000000000100010010000000100000000
000000000000000000000000001000000000101100000001010000110011000101000000000000000001100000000100000000000000000110010110011100000000000000000000000000000001100000000000101110010000000000000000000000000000000000000000100010010000000000000000
000010000000000000000001101100000000011100001001110000110001001101000000000000000010010001100111000000000000000000000000000000000000000000000000000000000000000000000000101001100000000000001010000000000000000000011000010100010000000000000011
010011000000000000000001111110000000011000011001100010000000001110000000000000000010100000110100000000000000000000000000001000000000000000000000000000000000000000000000010001100001100000001001000000000000000000100110001000000000000000000010
110011100000000000010000010000000000000000000000000010000000000100000000000000000001000000000000000000000000000000000000010000000000000001100000000000000000000000000000000000000001100000000000000000000000000000100010000000000000000000111000
000000100000000001111100010011010000000000000000000000000000001000000000000000000000000010000000001100000000000000000001010000000000000001100000000000000000000000000000000000000001100001000110000000000000000000010010000000000000000000111000
111011000000000000110000011000010000000000000000000000000000010100000000000000000000000010000000011010000000000000000001010000000000000010100000000000000000000000000000000000000000000000111000000000000000000000011101110000000000000000011000
111110000100011000000000011000000000000000000000000000000000010010000000000000000000000010000000001001000000000000110001011000000000000000000000000000000111000000000000001100001000000000010000000000010000000000000000000000000000000000000011
001100001010011100000000000100000000000000000000000000000000001100000000000000000000000000000000000011000000000001001000000100000011000000000000000000011010100000000000010010001000111000000000000000010000000000000100000100000000000000011000
000100000100011100000000000111100000000000000000000000000000000000000000000000000000000001101000000001000000000011101011000000001100110000000000000000101000100000000000010100000001000100000000000000000000000000000100000100000000000000001000
111000000000000111000000001001100000000011100000000000000000000000000000000000000000000010001100000110000000000001010100000000001100000000100000000000100010100100000000001000000011000100000000000000000000000000000100000100000000000000000000
010000000000000011101000001101010000000000000000000000000000000000000000000000001110000001000010000110000000000000100101111011001101010011100000000000101011101110000000000000000100101000000000000000000000000000000000000000000000000000000000
000000000000011111110000001011110000000000000000000000000000000000000000000000000000000000111110000000000000000011110101001011000100010010000010000000011100110001000000000000000100110000000000000000000001100000000001110000000000000000000000
000000000000011000110110000111100000000000001000000000000000000000000000000000000000000000000010000000000000001110001101110000000010110000010011000000000000100001100000000000000011100000000000000000000010000000000000000000000000000000000000
000000000001110000000011000011000000000000010100110000000000000000000000000000000000000000000000111100000000010000000000100000000000101111010000100000001000000001100000000000000001000000000000000000000100001000000000000000000000000000000000
000000000011110000000000000000010000000000010100110000000000000000000000000001011000000000001011111001000000010000010110000000000000011100000010100000010001000100000000000000000000000000000000000000000000001000000000000000000000000000000000
000000000000001000000000000000010000000000001000000000000000000000011000000010011000110000001000000001000000011010000001000000000000000111111010000000000011000000000000000000000000000000000000000000000000001000000000000000000000000000000000
000000000011000000000000000000010000000000000000000000000000000000100100000010000010011000000101010000100000000111001000100000000000000001101000000000100001100000000000000000000000011000000000000000000010000111100000000000000000000000000000
000000000011011000000000000000000000000000000000000000000000000000101000000011000011001000000011100111100000100000001000010000000000000000000000000000000011001100110000000000110000011000000000001000000001001011100000000000000000000000000000
000000001000000000000000000000000000000000000000000000000000000000010000000000100000001000000000100011100000110000011000100000000000000000000000000000010001001111110000000001010000000000000000011000000000100000001000000000000000000000000000
000000000000000000000000000000000111000000000000000000000000000000000000000000001111000000000000001000000100011000001001000000000000000000000000000000010010000011100000000000000000000000000000110001001000000010101000000000000000000000000000
000000000000000000000000000000001001000000010000000000000000000000000000000000000011110000000000010000011011110001000110100000000000000000000000000000011100000101000000000001110000000000000000011111000100000000000000000000000000000000010000
000000000000000000000000000000001000100000010000000000000000000000000000000000000011000000110000000000000011000110110100100000000000000000000000000000001100000010000000000000100100000000000010000100000000010101010000000000000000001100101000
000000000000000000000000000000001111100000010000000000000000000000000000000000000000000000110000000000000000000110110011100000000000000000000000000000101100000000000000000000010100000000000010000100000100010000010000000000000000001001000000
000000000000000000000000000000000000000000000000000000000000100000000000000000000000000000101000001100000000000010100000000000000000001100000000001000010010000000000000000000110000000000000010000010001000000111000000000000000000000100000010
000000000000000000000000000000001000000111000111000000000000100000000001101000001110010000001100001010000000001000010000000000000000010010000001110000000110000000000000000000000000000000000000000001000000000111000000000000000000000100000001
000000000000000000000000000000000011010000000000000000000000000011000011100000000010011100011100000010000000001011010000000000000000010100000001110000000110000000000000001010000000000011100000000000000000000000000000000000000000000000001010
000000000000000000000000000000000000001000010000000000000000000010100110000010001000010000100100001100000000001000010000000000000000001000000000000001110000000000000000001100000000000000000000000000000000000000000000000000000000000000100010
000000000000000011000100000001000000100000010000000000000001000000100111010000001000110101101100001100000000000101000000000000000000000000000000000000010100000000000000000000100011000000000000000000000000000000000000000000000000000000001110
000000000000000011001010000010000000000000010000000000000010111000000000101101100000011111101100000000000000001100010000000000000000000000000000001111110000000000000000000000110100100000000000000000000000000000000000000000000000000000100110
000000000000000000000110000001010000000000000000000000000100000000000011000111100001100010000100000000000000001100001000000000000000000000000000010110110000000000000000000001000100000000000000000000000000000000000000000000000000010000110100
000000000000000000000000000000000000000000000000000000000100010010100010000011100000000000000000000000000000000010000100000000000001100000000000010010100000000000100001110000000000100000000000000000000000000001100000000000000000010000010100
011000000000000000000000000000000000000000000000000000000100000000010000000001100000000000000000000000000000000000110100000000000001100000000000010100000000000001100001010000110001000000000000000000000000000010100000000000000000010000001110
011000000000000000000000000000000100000000000000000000000000100000000000000000100001110000000000000000000000000000001000000001000000000000000000001100000000000000001000010000001100001110000000000000000000000001000000000000000000000001101110
000000110000000000000000000000000100000000000000011000000011100000000000000000000000010000110000111000000000000000000000000110100000000001010000000000001110000000110000001000000000001110000000000000000000000000000000000000000000000001100000
000000110000000000000000000000000000000000000000011000000000000000000000000000000001000001001001001000000001100000000000011010110000000010010000000000011100000000001000001010000000000000000000011000000000000000000000000000000000000011100000
000000000000000000000000000000000000000000000000000000000000000000000000000000000000100001010001101000000001100000000000010010100000000010001000000000001000001100010000010010010000000010000000101100000000000000000000000000000000000000000000
110000000000000000000000110000000000000000001100000000000000000000000000000000000000000000100000111110000000000000000000001111000000000010010000000000000000110000001000001000001000000000000000100110000000000000000000000000000000000011110000
000000000000000000000000010000000000000000010110000000000000000001000000000000000000000000000000010110000000000000000000000000000000001100010000001100000000110000010000001110000100111000000000001000000000000000000000000000000000000001011000
000100000000000000000000010100000000000000010010000000000000001111100000000000000000000010000000011110000000000000000000000000000000010000000000010010000000000111011000000010111000110100000000000000000000000000000000000000000000000001110111
010010000000000000000000001100000000000000011011101000000000011111100000000100000000000101000000100000000000000000000000000000100000110010000000010010000000111000000011100000111001100001000000000000000000000110000000000000000000000000011001
000101000000000000000000000000000000000000001001000100000011001000000000001010000000000101000000111100000000000000000000000000100000101100000000001100000000010000000011100000000001101000100000000000000000000110000000000000000000000000000000
000001000000000000000000000000000000000000001100000100001010000000000000000110000000000010000000100010000000000000000000000000100000000010000000000000000000000000000001000000000010001000000000000000000000000000000000000000000000000000000001
000000100000000000000000000100001100000000000101000100000010011000000000000000000000000000000000100110000000000000001100000000000000000010000000000000000000000000000000000000000001000011100000000000000000000000000000001100000000000000000000
000001000001000000000000000100001100000000000111000000011011111000000000000000000000000000000000110100000000000000010010000000000000000000000000000000000000000000000000000000000000010000100000000000000000000000000000001100000000000000110000
111011000010110000000000000100000000000000000000011000001010110000000000000000000000000000000000110000000000000000001100000000000000000000000000000000000000000001010000000000000000000000100000000000000000000000000000000000000000000000000100
110000000100001000000000000000000000000000000000100000000000000000000000000000000000000000000000100000000000000000000000000000000000000000000000000000000000000001010000000000000000000100001000000000000000000000000000000000000110000100001101
001100000100001100000111000000000000000000000101000000001001000000000000000000000000000000000001000010000000000000000000000000000000000000000000000010000000000001000000000000000000000001000000000000000000000000000000000000000110000000000011
001100001101001000000000100000000000000000000010000000001001000000000000000000000000000000000011010101100000000000000000000000011000000000000000000101000000000000000000000000000000000000000000000000000000000000001100000000000001101100000000
001010001000010000011000010000000000000000000000000000001001000000000000000011000000000000000001000001101000000000000000000000100100000000010000000101000000000000100000000000000000000000100100000000000000000000000010000000000000111000000010
100011000100010000011000000000000000000000000000000000000110000000000000000011000000000000000000000000011100000000000000000000011000000001101100000010000000011110010000000000000000000000100011110000000000000000000000000000000000100100100010
100000000100010000001000110011111000000000000000001000100011000000000000000000000000000010000000111111010010000000000000000000000000000001000000000000000000000010110100000000000000000000001101100000000000000000000000000000000001000110001001
000000000001000000001001100110000100000000000000000111011110100000000000000000000000000101000000000010010110000000000000000000000000111001000100000000000000010110100100000000000000000000000001110000000000000000000000000000000000000001001000
001000000000000000000111001000000010000000000000000010000000000001100000000000000000000101000000000001000110000000000000000000000000111000111000000000000000001000011000000000000000000000000001110000000000001110000000000000000010010000010000
001000000000000010000010001100000100000000000000000000000000000010010000000000001000000010000000000000100011000000000000000000000001000100000000000000000000000000011000000000000000000000000001100001110000010001000000000000000011000001000000
001000000000000011000000000000000000000000000000000000000000100001010000000000001000000000000000000000011010000000000000110110000000110100000000000000000001010000010000000000000000000000000000000001100000101010000000000100000000000010000000
000000000000001101100000000000000000000000000000000000000001000000100000000000001000000000000000000000000110110000000000100110000000111000000000000000000001001000000000000000000000000000000000000010000100000000000000000100000000001010000000
000000000000001011100000000000000000000000000000000000010000000000000000000000000000000000000000010000000001100000000000011110000000000000000000000000000001001000000000000000000000000000000000000100111000010000000001110000000000011010000000
000000000000000111100000000000000000000000000000000000010000000000000000000000000000000000000000101000000000000000000010001000000000000000000000000000000000000100000100110000000000000000000000000011101110000000000001100000000000001010000000
000000000000011001000000000000000000000000000000000001000100010000000000000000000000000000000001001000000000000000001001000000000000000000000000000000000001000010000001100001000000000000011010000000000110000001100000000000000000000100000000
000000000000000010000000000000000000000011100000000000110100110000000000000000000000000000000000110000000000000000010000100000000000000000000000000000000001011100001111000010000000000000011010000000000011001101100000000000000000000000000000
000000000100011011000000000000000000000100010000001000101000100000000000000000000000000000000000000000000000000000010001000000000000000000000000000000000001001000000010000001000000000000001100000000000100000010000000000000000000000000000000
000000001010101001000000000000000000001000010110001000000000000000000000000000000000000000000000000000000000000000010100000100000100000000000000000000000001110000000000000000000000000000000000000000000011000010000000000111000000000000000000
000000100000110110000000000000000000010000000000001000000011000000000000000000000000000000000000111000001010000000001100000110001010000000000000000000000001100000000000000000000000000000000001100000001000000100000000000100100000000000000000
000000000000000000000000000000000000010101100001110000000010011000000000000000000000000000000000101000010010000000000011111010001010000000000000000000000000001100000001100000000000111000000010010000000010000000000000000110110000000000000000
000001001010100000000000000000000000110001100000100000000100011000000000000000000000000000000001001000010010000000000011111010001010000000000000000000000010000100000010010000001011001000000001100000000110000000000000000010010000000000000000
000000000111000000000000000000000000101010000000000000000011100000000000010000000000000000000001100000011100000001100001000010001010000000000000000000000001101100000010010000011011000000000000000000001000010000000000000000000000000000000000
100000000000000000000000000000000000001010000000000000000011000000000000101000000000000000000001100000000100000001110000111011000000000000000000000000000000011100000001100001100000001000000000000000000000011000000000010000000000000000110010
000000000110000000001000000000000000000010000000000000000000000000000000101000000000100000000000000000000000000000001001001000000100000111000000000000000000000000000000000001000100000000000000000000000000000100000000010001001000000000000000
010000011010000000001110000000000000000010100000000000000000000000000000010000000001010000001010000000001100000000000111010000000000000101000000000000000000001100000000000001000000001000000000000000000000011000000000000000000000000000000100
010000100010000000000110000000100000000000000000000110000000000000000000000010000000110000000010000000001000000000000000110000000000000100100000000000000000011100000000000000110000101000000000000000000000010000000000010000100000000000000000
100000100110000000000001100000010000000000001000001000000000000000000000000111101111100000000000000000001000000000000000000000000000000011110000000000000000001100000000000000000000000000100000000000000000000000000000011110110000000000000000
100000011100000000000011000000011000001100001110001001000000000000000000000000100001000000000101000000000010100000001110000000000100000011011000000000000000000000000000000000000000110001010000000000000000000000000000001010000000000000000100
000000001000000111000010000000111000001100011010000101000001100000000000010101000000100000000011000000000100000001100110000000001010000001011000000000000000000000000000000000000001001011011000000000000000000000000000000010000000000000000000
000000000000011011000000000000111000010001110000000000000001100000000001100000001001000000000000000000001000100111100000000000000110000000110000000000000000000000010000010000000001101001001000000000000000000000000000000001100100010000000000
000000000000000000100000000010010000111111100000000000000000000000000000010000001110000000000000000000001000001101000010000000000000011000000000000000000000000000110000011000000001101000110000000000000000001000000000000000001000010000000000
000000000000010001001000000001100000000101000001110000000000000000000000000010000010000000000000000000001100001111100001000000000000011000000000000000000000000001001000001100000000010000000000000000000000001000000000000000010000010000000000
000000000001001101011000000000000000111000000011011000000000000000000000000010001011001100000000000000000100000011000010000000000000000000000000000000000000000000000000000000000000000000000000000001100000001000010000000000011000111000011000
000000000110000001010000000000000000000000000101011000000000000000000000000010000010010010000000000000000010100000001100000000000000000000000000000000000000000000000000000011100000000000000000000010010000000000111000110000011000100000000000
000000000110000000000000000000000000000000001100010000000000011000000000000000000001010010000000000000100000100000000000000000000000000000000000000000100000000000000000000010011000000000100000000001100000000000000100110000000000011000000000
001100000010000000111000000000000000000000011010010000000000101000000000000000000001100010000000010000000000100000000000000000000000000000000000000000100000000000010110011000000110000001010000000000000000000000011000000000000000000000000000
010010000000000000011000000000000000000000110011100000000000101000000000000000000000101100001100110010000001010000000000000000000000000000000000000000100000000000011100101111010111000001010000000000000000110000000000000000000000000000000000
010100000000000000011100000000000000010000000000000000000000110000000100000000000001100000010000010001000000000000000000000000000000000000000000000000000000000000001000100001010001110000100000000000000001101100000000000000000000000010110000
001000000000000000000000000000000000010000000100000000100010000000000100000000000000110000011000100011100000000000000000000000000111000000000000000000000000000000000000011111011000110000000000000000000000101100000000000000000000000110110100
000000000000000000000011000000000000000000000100000000010010000000000100000000000000000000000001000001000000000000000000000000001111000000000000001000000000000000000000001111011000000000000000000000000000011010000000000000000000001000011001
100000000000000000001000000000011000000000000100000000111001110000000000000000000000000000000000000000001000000000000000001000001000100000000011010100000000011100000100000000001100000000000000000000000000000011000000000000000000010000100000
010000100000000000000000000000011000000000000000011000111000101100000000000000000000000000000000000000010100000000000000000000000100000000000011001100000001100100001000000000000100010000000000000000000000000100000000000000000000001101010000
000101110000000000000000000000000000000001110000011011101000011100000000000000000000000000000000000000110110000000000000001000000000000000111100110000000001001100001100000000000100110000000000000000000000000000000000000000000000000110010000
001111010000000000000000000001000011100000000000001011001101110000000000000000000011000000000000000000010100000000000000000101000000000000000011100000000001110000010010000001010001000000000000000000000000000000000000000110000000000010000010
010110011000000000000000000001101000000000000000001100000000010000000000000000000100000000000111110000100010000000000000000011000000000000000001100000000000000000000000000001000000000000000000001100000110000000000011000110000000000100011100
111000010000000000000000000000110000010000000000000000000101001100000110000000000011000000000100000000111111000000000000000000000000000000000100000000000000000010110010000000000100000000000000001001000100000000000010100000000000000011101010
001100010000000000000000000000000000010000000000000000000101000010000110000000000110011000000010001101010001000000000000000000000000000001100000000000000000011111111110000000110100000000000000000111000000000000000000100000000000000001000010
011000000000000000000000000000000000011000110000000000001000110010000110100000000111111000000011100101001010000000000000000000000000001011110000000000000000011111000000000000110000000000000000000100100010000000000001000000000011100000111010
000100000000000000000000000000000000011000110000000000000000110010000001110100000001000000000000000100011011000000000001000000000000011111110000010000111000000001000000000000010100000000000000000011110110000110000001100000000000000000100000
011000000000000000000000000000000011011000000000000000000000000100000000000001000110000000000000000000001010000000000011010000000000010000000000101100000000001110000000000000010010000000000000000010011000001001000000110000010000000000010001
011000000000000100000000000000000000100000000000000000000100100001110000010001000100000000000000000011000100000000000001011000000000001000100000100010011000001110000000000001000010000010000000000001110000000110000000100000011100000000010000
100000000000011010000000000000000000000000000000000000000100010010000100000001011000000000000000000011100000000000000000001100000000000110000000010010001100001000000000000011011100000011110000000001100000000000000001000000000110000000001001
000000000001011010000000000000000000011000000000000000000011100010000100001101100000000000000000000100100000000000000011000110000000000010000000000011011000000000000000000110000100000000001000000000000000000000000000000000000100000000000110
000000011010100100000000000000000000011000000000000000000000011001100010000011000000000000000000000011000000000000000010100110000000000000000000000010110000000000000000001010000000000111101000000000000000000000000000000000001110000000000000
000000110000000000000000000000000000010000000000000000000111100000011010000000000000000001110000000000000000000000000010011110000111000000000000000011100110001110000000001111100111000000110000000000000000000000000000000000000011100001000000
010000010100100001000000000000000000000110000000000000000111100000001100000000000000000001001000000000000000000000000001000001000000100000000000000000001010010010000000000011100000000000000000000000000000000000000000000000000011100001111000
000000010000100110110000000110000000000111000000000000001010000000000000000000000000000001001000000000000000000000000000011000101000110000000000000000010000011000000000000000000000000000000000000000100000000000000000100000000101100001111000
110001111110000110110000000110000000000000100000000000000000000000000000000000000000000001000000000000000000000000000000001000100100100000000000000000010010110011000000000000000000000000000000000000110000000000000001010001000100000100000000
101010100110000110000000000000000000000001010000000000000000001110100000000000000000000010010000000000000001000000000000001101100011000000000000000000010010001010000001110100000000000000000000000000101000000000000010010001000101000100000100
101000001000000001001001110000001000000000110000000000000000001101010000000000000111000010010000000000000010100000000000000010000000000000000000000000001100000000000000100000000000000000000000000000001100000000000000000000000011000000000100
000000001000000001001000000000100100000000000000000000000000011111010011000000000000000011100001000000000011000000000000000000000000000000000000000000000000000000000011100000000000000000100000000000011000000000000100000000000000000000000001
000000110000000000100010001000100010000000000000000000000001110000100011000001000000000000000011101100001110001000000000000000000000000000000000000000000000000000000000000000000000000001000000000000010000000000000000100000000000000010000000
000000000000000000010010001000100000000000000000000000000001001100000000000000110000000000000100101100000110010100000000000000000000000000010000000000000000000000000000000000000001100001110000000000000000000000001000100000000000000001000000
000000000000000000000010001000010000000000000000000000000000111000000000000000110000000000000000101100000000001000000000000000111000000101100000000000000000000011000000000000000001100000000000000000000000000000001000100000000000000111000000
000000000000000000000001010001001000000000000000000000001000010000000000000000000000000000000000100000000001000101100000000001000100001101100000000000000000101100100111000000000010100000000000000000000000000000000000000000000000000000000000
000000000111100000000000100011100000000000000000000000010100000000000000000001000000010000000001101000000000110110100000000001000100011000000000000000000000110000000111000000000100100000000000000000000000000000000111000000000000000000000000
000000001000100000000000000100001000000000000000000000001000000000000000000000110000101000000000101000000001010010000000000001000100000000000000000110000000010100111000100000000000010000000000000000000000000000000000000000000000000000000000
000000010001100000000001100000100100000000010000000000000000000000000000000000000001000100000000001000000001000010000000000000111000001100000000000110000000111011110001000000000100010000000000000000000000000000000000000000000000000011000000
000000001010000000000001100001010000000000011000000000000000000000000000000000000001110100000000111000000001111100000000000000000000000000000000000000000000000000110000000000000000001000000000000000000000000000000000000000000000000011000000
000000000000000000000000000010000001000001011000000000000000000000000000000000000010001110000001010010000010011000000000000000000000000000101000000000001111000000000000000000000001111100000000000000000000000000011000000000000000000000000000
000000000000000011110000000010100001000000111100000000000000000000000000000000000111001000000001100101000000000000000000000000000000000000110000000000100011000000000000000000000001101100000000000000000000000000011000000000000000000000000000
000110100000000011110000000011010001000000001110000000000000000000000000000000000101100000000000010011000000000000000000000000000000000000100000110000000000100000000000000000000000011100000000000000000000000000110000000000000000000000000000
000110000000000011000000000000001001000000000000000110000000000000000000000000000010000000000000100000000000000000000000000010000000000000001000110000100100000000000000000000000111110000000000000000000000000001100000000000000000000000000000
000110001000000001100000000000010001000000000000000101000000000000000000000000000010000000001100100000000000000111000100000100000000000000001000000000011100100000000000000000001000110000000000000000000000000011110000000000100000000000000110
000000000010000000100001101100110010000000000000000011100000000000000000000101000000000000010011000000000000000000001001001100011000001000001000110000000011011110000000000000000111000000000000000000110000000101111000000000010000000000000000
000000110010000000000001000011100010000000000000000001110000000000000000011011000001000000000000000000000000001001000001000000100100010110000000110000001110001110000000000000000010000000000000000000110000000010000000000001000000000000000000
000000010001000000000000111010001000000000000000000100100000000000000000010001000010000000001100000000000000000111001001001100011000010001000000000000110100011000000000110000000000000000011100000000000000000000000001000001001000000000000000
000000011011000000000000000001100000000000000000000011000000000000000000011100000010000000001100000000000000000001010100000000000000011001000001000000100100000100000000000000000000000000100010000000000000000000000011100000000001000000000000
000000011000000000000000000000100000000000000000000000000000000000000000000000000000000000001100000000000000010101010000000000000000011011000001100000111000011011000000000000000000000000011010000000000000000001100100011000011001010000000000
000000101000100000000000000000000000000000000000000000000000000000000000000001010000000000000101100000000001000100000000000000000010001100010001100000000000011011000000000000000000000000011100000000000000000000100010111000000000011100101010
000001100100100000000000000000000000000000000000000000000000000000000000000001011000000000000110100000000101000000000000000000011010010000010000000000000100001010110000000000000000001100000000000000000000001000000001000100000000001001000001
000001011100100000000000000000000000000000000000000000000000000000000000000000010111000000000010010000001010100000000000000000010000010000000000000000001001001101000000000011000000000100110000000000010001001001000000011000000000010000000010
000000100110110000000000000000000000000000000000000000000000000000000000000000010000100000000001100000000100000010000000000000001000100000000000100110001010000010110100000001100000000010110000110000001110100000000000010000000111000001001000
000000000010001000000000000000000000000000000000000000000000000000000000000000001000010000000000000000000000010010000000000000001000100110000000110010000100000000100100000001100000000010100000100000011110000000000000000000000110001111100000
000000000000001000000000000000000000000000101000000000001100111000010000000000000000010000101000000000000011001010000000000000000010000110000000011100000000000000010011000010000000000001000000011100000110001000000000000000000000001001010000
000000000000101000000000000000000000000000101001110000001010011000101000000000000000100000100100000000000111001110000010100000000000000000000000001000000000011000001000010011100000000000000000000101000011111000000000000000000000001100111000
000000000000000000000000000000000000000000100110001000001110111001000100000000001000100000001000000001101000000000000100000000000000000000000000000000000000000100011000010000000000000000000000000111011000000100000000000000000110000010111000
000000011000000000000000000000000000000000000001001000000000110001000100000000001001000000000000000010010000000000000010100111000000000000000000000000000000011000111000001000000000000000000000000010000011101000000000000000000110000000000000
000000111000000000000000000000000000000000000010000000000000000000100100000000001011000000000100000010101000000000000001000000001000000000000000001010000000000001100100000000000000000000000000000001111001111000000000000000000110010000000000
000000111000000000000000000000000000000000001011100000000000000000000110000000000011000000000100000001000000000000000000000000100000000000000000001001000000000001111000100000000000000000000111000000110000010000000000000000000011000000000000
000000111000000000000000000000000000000000010100100000000000000000000000000000000011110100011100000000100010100000000000001001100001001010000000000010000000000100101100000000000000000000000000000000000000000000000000000000000001000000000000
000000000001000000000000000000000000000000100010110000000000000000010001000000000000111100111011000000111001000000000000010010000000000000000000000010100000000110001100000000001100000000000000000000000000000000000000000000000000000000000001
000000000001000000000000000000000000000100011010100000000000000000000000100000001001010000111011000000001000000000000000001110000101001010000000000001100000000000110000000000001100000000000000000000000000000000110000000010000000000000000001
000000000111000000000000000000000000011100101011100000000000000000010011100000000000011000000000000000111001000000000000001100000010000000000000000000000000000010000000000000000000000000000000000000000000000000101000000111000000000000000001
000000000111000000000000000000000000001100010100100000000000000000000000000111010010000000100000000110110010000000000000000000000000000000000000000000000000000010010000000000000000000000001000000000000000000000010000000001000000000000000000
011100000101000000000000000000000000011000000111000000000000000000000000000101010010010000100000000110010000100000000000000000101101000000001110000000000000000001100000000000000000000000001100000000000010000000000000001111111000000000011100
000000000011000000000000000000000000010100000010000001110000000000000000000111001010011001011011000100100010100000000000000000101101000000000000000000000000000000000000000000000000000001100000000010001101000000000000010100000001000000000000
000000000000000000000000000000000010001000000001000011001000000000000000000000000100000000011011100000000011100000000000000000010000000011000000000000010000000000000000000000000000000010000100000101001111110000100100011111000000000000000001
000000000000000000000000000000001000010100000000000000000100000000000000000000000000000000001000100000000001100000001110000000001111000010011000000000111000000000000000000000000000000001001000000101001010110000010100000100000000001000000001
000000000000000000000000000000000000110000000010000000000000000000000000000000000000000000000000000000000001110000000000000000000101000011010110100000000000000000000000000000000001110000100000000011000110000000011100000001000000000100000001
000000011000000000000000000000000011100000000011000000011000000000000000000000000000000000000000000000100110110000000000000000000000000001000101110000000000000000000000000000000001100000000000000000111110000000000000000001100000001000000000
000000100100000001100000000000000110000000000000000000000000000000000000000000000000000000000000000000101000100000000000000000000000000000100110010000111000000000000000000000110001000000000000000000110000000000000000000000100000110000000000
000000011000000010100000000000001000110000000000001000100000000000000000000000000000000000000000000000010000000000000000000000000000001101101011000000010000000000000000000000100000000000000000000000100001000000000000100000010101100000000000
000000000000000011000000000000001111010000000000000111000000000000000001100001000000000000000000000000000110000000000000000000000000001011010011000000000000000000001100000000000000101000000000000000000000010000000001010000000100000000000000
000000000000000000000000000000000001100000000000000000000000000000000010010010100000000000000000000000000111011000000000000001100000000110000000000000000000000000001100000000000000011000000000000000010110100000000010010001001000001100011000
000011000000000000000000000000000001100000000000000000000011000000000010100001100000000000000000000000000011011100000000000110011000000000001010000000000000000000000000000000000000011000000000000000010011000000000001010001110000010010100100
000010100000000000000000000000000011000000000000000000000110000010000001000000000000000000000000000000000110011000000000000110111000000000000100000000001100000000000000000000000000000000000000000000000010000000000011111011100000010010010110
000000110000000000000000000000000011000000000000000000000100100001000000000000000000000000000000000000001110010000000000011100111000000000000000000000001010100000000000000000000000000000000000000000100000000000000011011101000000001100001110
000010100000000000000000000000000000000000110000000000000100010001000000000000000000000000000000000000011000000000000000110000110000000000000000000010000100000000000000000000000000001000000000000000100000000000000100111101000000000000001010
000011000000000000000000000000011111100001110000000000000011010001000000000000000000000000000000010000001000000000001001100000110000000000000000000000001100000000000000011000010000100100000000000000001100000000001110010111000000000000010101
010000000000000000000000000000001001100000000100000000000110001100000000000000000000000000000000110000010100000000011001110001100000000000000000000000001000000000000001101100011000101000000000000000000000000001000010110110000000000000011110
110000000000010000000000000000000111000000000100001100001100000000000000000000000000000000000000100000001100000000011000110000000000000000000000000010101000000000000001101100000100010000000000000100000000000001100011110000000000000000001101
000000000000011000000000000000000000101001000011010100001110000000000000001100000000000000000000000000010000000000000000011000100000000000000000000000001000000000000001111001011000000000000000001110000000000010001111000000000000000000000000
000000000000001100000000000000000001101011000010010000001000000000000000001100000000011000000000000100001100000000000000001000100000000000000000000000010000000000000000000100110000000000000000010011000000001000000000000000000000000000000000
000000000000011000000000000000000001101011000000010100000101000000000000000000000001100100000000000010000000000000000000001001000000000000000001100000000000000000000000000000000000000110000000111011000000001100000000000000000000000000110110
000000000000111000000000000000000000001110100001001100100000000000000000000000000001101110000000000110000000000000000000000000000000000000000001100000000000000000000000011011000000000110000000011111000000001101100000000000000000000000010100
000000000000011000000000000000000000001110110110000000011001001000000000000000000001001111100000000001100000000000000000000000000000000000000001100000000000000000010000001110000000000000000000000100000000000000000000000000000000000000001000
000000000000001000000000000000000000001010001000000000001000010100000000000000000000110001100000000100010000001110000000000000000000000000000000000000000000000000110000000100000000000000000000000000000000000011100000000000000000000000000000
000000000000110000000000001000000000000011000000000000000110000000000000000000000000000000000000000111100011111001000000000000000000000000000000000000000000000000101000000100000000000000000000000000000110000111000001000000000000000000000000
011100000000001000000000001100000000000110001110000000000000000000000000000000000000000000000111000001000100001000100000000000000000000000000000000111000000000000000000001010000000000000000000000000001010000010000010100000000000000011000000
100100000000101000000001101010000000011100010001000000001000000000000000000001000000000000000110100000001000010101000000000000000000000000000000000111000000000000000000011001000000000000000000000000000100000110000010100000000000000011000000
110010000000000000000100100010000000011000100000100000111000000000000000000010100000000000000010000000000100001110000000000000000000000000000000000000000000000000000000010001000000000000000000000000000000000000000001000000000000000000000000
011010000000111000001001000100000000000000100000100000010000000000000000000010100000000000000010010000000000101000000000000000000110000000000000000000000000000000000001100111000000000000000000000000000011100000000000000000000000000000000001
101100000000000000011000000000000000000000100000100000001100000000000000000001000000000000000010010000000000000100001110000000000111001100000000000000000000000000000000110110000000000000000000000000000010010000110000000110000000000000000000
011000110000000000011000000000000000000000010001000000000100000000000000000000000000000000000100100000000000100101100111000000001001001100000000100000110000000000000000000000000000000000000001100000000100001001001000001001000000000000000010
110000110000000000011011000000000000000000001110000000000000000000000000000000000110000000000000000000000000000101100010110000000100001100000001100000110000000000000000000000001100000000000001100000001001111000110000000110000000000000000011
110110000000000000001011000000000000000000000000000000000000011100000000000000001001000000000000000000001001000010100000110000000100110000000001010000000000000000000000010100010010000000000000000000000110000000000000000000000000000000000100
000110000000000000000010000000000000000000000000000000001111101000000000000000000110000000000000010000010110000001000000100110000011100000000000100000000000000000000000000000001100000000000000000000000000000000000001000000000000000000000001
000100000000000000000000000000000000000000000000000000011000001100000000000001100000000000000010010000010000101000100010000110000000000000000000000000000000000000000000100100000000000000000000000001000000000000000010100000000000000100000000
000000110000000000000000000011100000000000000000000000011010011000000000100001100000000000000010100000011000111000000010100100000000000000011000000000000000000000000000000000000000000000000000000011100010000000000010100000000000000100000000
000000011000000000000000000000100000000000000000000000000000000001110000100000000000000000000000000000000010111111000010001000000000000000011000000000000000000000000110000000000000000000000000000010101101000000000001000000000000000100000000
000001110000000000000000111001000000000000000110000000001111000001101110010100000000011000000000000000100010111110000010011000000000000000000000000000000000000000001000000110000000000000000000000000100000000000000000000000000000000000111000
000001100000000110000000101100000000000000001010000000011110000000000001000010000000100100000000000000000010000000000000000000000000000000000000000000000000000000001110010000000000000000000000000000000100000000000000000000000000000111011000
000000000000001001000000001000000000000000001010000000011100000100001000000010000000011000000000000001000010000000000000000000000000000000000000000000000000000000111100001100000000000000000000000000001000001110000000000000010000001111011000
000000000000000101000000001100000000000000001100000001100000000100000100101100000000000000000000000001000010000000000001001000000000100000000000000000000000000000101000001010000000000000000000000000000000001110000000000000100100001110110000
000000000000000010000010001100000000000000100000000001000000000000000000000000000000000000000000000001000100000000000000100111100001010000000000000000000000000000010000000000000000000000000000000000000000110000000000000001000010011001100000
000000000000000000000000000000000000000000100100000000011000000000000000000000000000000000000000000000010000000000000000001111100001010000000000000000000000001100000000000000000000000000000000001000001101000000001100000001000010000111000000
000000000000000000000001101100000000000000011100000111110100000000000000000000000000100000000000000000000000000000000000001011100000100000000000000000000000010010000000000000000000000000000111000100001101001000001100000001000000101110000000
000000000000000000000000010000000000000000000100000110000100000000000000000000000010100000000000000000000000000000000000000000000000000000100000000000000000001100000000000000000000000010001000000010000000001000000000000000011010011000000000
000011111110000000000000000000000000000000000000000000011000000000000000000000000011100000000011000000000000000000000000000011100000000000100000000000000000000000000000100000000000000101000110000100000000011001111110000000001001010000000010
000111110001000000000000000000000000000000000000000000111000001000000000000000000010000000000011000000000000000000000000000011100000000000000000000100000000000000000001011000000000000010000010111000000011001011110001000000000000000000000101
100100000001000000000000000000000000000000000000001010000000111100000000000000000000000000000000000000000000000000000000000000000000000000000000111100000000000001000001011000000000000000000000101000000011010000100000100000000000000000001000
100000100010000000000000000000000000000000000001100000001000101000000000000000000000000000000000000000000000000000000000000000000000000000000010000000000000000010100000100000000000000000000001100000000000000001001101000000000000000000001000
100100001000000000000000000000000000000000001101000000001000000000000000000000000010000000000000000000100000000000000000000000000000000000111011100000001000000000010000000000000000000000000011100000110000100001000010000000000000000000001000
000101101000011100000000000000000000000000010001101110101000000000000111000000000101000000011000000001110000000000000000000000000000000000111100010111010000000000000110000000000000000000001100010001101000100100000000000000011000000000000101
000000000000000100000000000000000000000010001000100001101000000110000111000000000101000000011000000011001000000000000000010000000000000000000011010000010000000010001001000000000000000000000000100111000000101000000000000000011000000000000010
000000001000001000000000000000000000000010000110100000011000000000000100011100000010000000011000000010111000000000000000101100000000000000000001101000000110000100001110000000000000000000001000101000100000010000000000000000000000000000000000
000000010000000000000110000000000000000010000010010000000000000010000000011100000000000000000100000011000000000000000000100000000000000000001011000010000100001100110000000000000000000000000111000111110000000000000000000000000000000000000001
000000100000000000000110000000000000000000000000010000000000000011000000001000000000000000000000000000000000000100000011000001000000000000001001000000000100000111000000000000000000000000000000000000011000000000000000000000000000000000000001
010100000000001000000001000000000000000000000000100000000000000110000000000000000000000000001010000000000100001110000100000001000000000000000101000000111000000001000000000000000000000000000000000010101010000000000000000000000000000000000000
010010000000010100001111000000000000000000000000111000000000000111011000000000000000000000000100000000000010010001000010000000100000000000000111000000000000001010000000000001100000000000000000000010000011000000000000000000000000000000000000
000000000000100010110000100000000000000000000000010100000000000111011000000000000000000000000000000000001110011000100010000011000000000000000000000000000000001001000000000010010000000000000000000000000100100000000000000000000000001000000000
000000000000100100110101000000000000000000000000110010000000000011110000000000000000000000000000000000000000000000100000000100000011100000111000000000000000011000100000000001100000000000000000000000000001000000011000000000000000000000100000
101000000000000000000000000000000000000000000011110000000000000001000000000000000000000000000100000000000000011111000000110100000010100000011000000000000000000110010000000000000000000000100010000000000000000000100000000000000000000000000000
011000000000000000000011000001011000000000000011101100000000000001000100000000000000100000000100000000000000111000100000001000000011100010011000000100000000000110111110010000000000000001100010000000000000000000011000000000000000000111000000
000000000000000000000001000010000100000000000011000000000000000000101000000000000001110000000100000000000000000001110000000000000000000100100000000100000000000001000110011100000000000011000000000001100000000000000000000000000000001000000000
000000000000000011100000100010000100000000000001011000000000000000010000000000000011111000000000000000000000000010111000000000000000000010100000000010000000000001111011111100000000000110000000000001100000000000000000000000000000000000100000
000000000000111010000100110011000100000000000000010000000000000000000000000000000110001100000000000000000000000111001110000000001000000000000000000000000000000000110001100110000000000011000000111000000000000001110000001100000000001001000000
000000000001000010001010111000111000000000000000000010000000000000000000000000001100000110000000000000000000000010011010000000010100000000000000000000000000010001100001100000000000001100000000000000000000000001011000001010000000010000111000
000000000000110011000100110000000000000000000000000010000000000000000000000000000110001100000000000000110100000000001000000000101000000000000000000000000000111000000001010000000000011000000000000000000000000001001100000100000000110001100100
000000000110000111000000100000000000000000000000000010000000000000000000000000000010001000000000000010000000010110011000000011000000000000000000000000000000010100000001010000000001100000000000000000000000000001100000000000000001100000000100
000000000000000000011111000000000000000000000000000000000000000000000000010000000000000000000000000000001000100001010000000011100000100000000000000110000000000000000001001000000010000000010000000000000000000000101000000000000000000000111000
000000000000000000001110000000000000000000000000000000000000000000000000010000000000000000000000000000111000000001100000000000000001000000001000001001000000000000011000110000000010000010010000000000000000000001001000100000000000000000000000
000000000000000000000100000000000000000000000000000000000000000000000000000000000000000000000000000000000111000000010000000000000001100000001000000110000000000000011000000000000000010100000000000000000000000011100011011000000000000000000000
100000000011101100000000000000000000000000000000000000001100000000011111000000000000000000000000000101000000010010110001000000110111011001101011000100000111000000000000000000000000001100000000000000000000101100001110111000000000000000000001
010000001101110100000000000000000000000000000000000000010100000000011011000101110000000000000000000010000000000010110010000000111110000000011000011000001000100000000000000000000000001101000000000000000001000011001100001000000000000000000010
010000000001001000000000000000000000000000000000000000001000000000011101100000110000000000000000000000111000000001000100100010001011011100110100001010010000010000000000000000000000000110000000000000000011000100000110000000000000000000000000
110000001110110000000000000000000000000000000000000000000000000000000000110000000000000000000000000110000000000000000010100000000001000000110000000000001000100000000000000000000000110100000000000000000011000000001011010000011011000000000000
000000000000000000000000000000000000000000000000000000000000000000000000101010000000000000000000000100101000000000000000000000000000000000000011000110000111000000000000000011000000001100000000000000000001011000000001010001100000110000000101
000000000000000000000000000000000000000000000000000000000000000000001000000110010100000000000000000100101100000001100011100000111000000000000001000000000000000000000000000100100000000000000000001100000011000100000001010001000010110000011011
000000000000000000000000000000010000000000000000000000000000000000010100000000110000000000000000000011000110000011101010100000000000000000000001010000000000000011100000000011000000000000000000001100010001101100000000100000111110110000001010
000000000000000000000000000000010000000000000000000000000001100000001100000011000100000000000000000001100010001100001010010000000000000000001001100000000000000000100000000000000000000000000000000000101001101100000000000000000011100000010010
000000000000000000000000000000010000000001100000000000000001100000000000000010010000000000000000011101100011010000101000100000000000000000000110000000000000000000110000000000000000000000000000000000011000010000000000000000001101100000010100
000000000000000011000000000000000000000000010000000000000000000000000000000011011000000000000000010101000011010000010000100000110000000000000000000000000000000000100100000010000000000000000000000000000000000000011000000000001000011100010010
000000000000000100100000000000000000000000010000000000000000000000000000000011011000000000000000010100010011110000000001000000110000000000010000000000100000000000011000000101000000000000000000000000000000000000100100000000001111000000010100
000000000000000011000000000000000010000000100000000000000000011100000000000000100000000000000000000010010101001000111100000000000000000001100000000011100000000100000000001000100000000000000000000000000000000010010110000000000011110100000000
000000000000000000000000000000000101000100000000000110000000000000100000000000000000000000010000000001000100100000110111100000000000000001100011000010000000001011000000001000100000000000000000000000000000010000000000000000000000111000110000
000000000000000000000000000000000110000000000000000011000000100000100000000000000000000000101000000000000010101000001101001000000001100000110111000011000000001010000110001000100000000000000000000000000000010000011011000000000000000000000000
000000000000000000110000000000000000000000000000000011100000000000100000000000001100000000110000001000000010000000011000001000000010100000011000000000000000000001000000000101000000000000000000000000000000100000000000000000000000000000000000
000000000000000001001000000000000000000000000000000010100001100110000000000000010010000000000000001000000001000000110000000100000110100000000000000000000101000000000100100010000000000100000000000000000000010001011011000000000000000010000000
000000000000000000110000000000000000000000000000000010000001100001000000000000001100000000000000010000000000100001001010110100000010100000000011000000000111100000000000100000000000000111000000101000000000010011100010000011000001100001100110
001100000000000000000000000000000000000000000000000010000000000110000000000000000000000000000110000000000000011101001110111000000010010000000000000000000000100000000010010000000000000000000011010100001100000011011000000100100010010000000010
001100000000000000000000000000000000001100000000000010001000000000000100001100000000000000000110000000000000000000110110000000000010100000000000000000000000100000000001100000000000000000000000000000010000000001000100000011000001000000000010
000100000000000000000000000000000000010000000000000011010000000000001100011100000000000000000100100000110000000000010100000000000000000000000000000001111101000000000000000000000000000000000001011100000001100110001100000000000011000100000000
111000000000000000011000000001000000001100000000000010010000000000011101000010000000000000000010110001001000001100001000000000000110000000000000001100011110000000000000000000000000000000000000110000000000001110101010000000000111000000000000
110000000000000000100100000011000000000000000000000010100000000000001000101100000000000000000100100000110000001100000000000000000001110000000001111000010000000000000000001100000110000000000000111001000010100110000100000000000110101000000000
010000110000000010000100000000000000000000000000000011000000000000000111101100000000000000000110000111100000000000000000000000000001001000000001111011100000000000000000011100000010000000000000010100000010000001100000000111000000100000000000
000001001000000101011000001000000000000000000000000000000000000110000011000000000000000000000000001011000000000000000000000000000001001000100000100000000000000110100000000110000010000000000000000001000010010100100000000000101010100000000000
000001000000000110000000010000000000000000000000000000000000010011000000000000000000000011100000000000100000000000000000000000000000000001100000000000000000000110110000100001000000000000110000011110000000000000110000011000110011000000000000
000001000000000100000000011011000001110000000000000000000000010010000000001100000000000000000110000001000000000100000000000000000000000011000000000000000000000010100000110101000000000000110000000000000000000000100000100000000010000000000000