100000100000000000000000001010000010000100000000000000000000011100000000000000000000000000000110001001100000000110000000000000000000000000000000011000000000000000000000100110000000000000001100000000000000000000000001101100000000000000000000
011001100000000000000000100110000001101000000000000000000000000000000011100000000000000000000000001010000000000101100000000110000000000000000000011000000000000000000000100100000000000000001100000000000000000000000001100100000000000000000001
001001000000000000000110001001000000100000000000000000000000000000000010100000000000000000000000001110000000000000110000000110000000000111000000000000000000000000000000010100000000000000000000000000000000000000000001000110000000001100000001
111000000000000000000100001000000001001100000000000000000000000000000001100000000000000000000000000000000000000010001010000000000000000100100000000000000000000000000000000001000000000000000000000000000000000000000001000000000000010010000000
000000000000000000000111110000000001001000000000000000000110011010000000000000000000000000000000000000000000000010010110001000000000000100100000000000000000000000011000000001100000000000000000000000000000000000000000000000000000001010000000
000000000000000000000000100000000010000000000000110000011100100001100000000000000000000000000000000000000000000100011100010100000000000001000000000000000001100000011000011100110000000000000000000000000000000000000001000000110000000100000000
000000000000000000000000100000000000010000000001001001001000100101100000000000000001100000101000000000000000000001110000100010000000000000000000000000000001100000000000101100111000000000000000000000000000000000001001000000110000000000000000
000011000000000000000011100000000001110000011111011001001110100011100000000000000010010001000110000000000000000000000000010100000000000000000000000000000000000000000000101000010000000000000000000000000000000000010010100010010000000000000111
011100100000000000000000000011000000000000011100100001000000000000000000000000000010100001000100000000000000000000000000100000000000000000000000000000000000000000000000010000100001100000001100000000000000000000100001011100000000000000010000
110010110000000000000000100001000000000000000000000000000000000100000000000000000001000000111000001000000000000000000000101000000000000001100000000000000000000000000000000000000010010000010010000000000000000001000000000000000000000000010000
011100100000000000100000110001100000000000000000000000000000001110000000000000000000000010000000011100000000000000000001000000000000000000010000000000000000000000000000000000000001100000100000000000000000000000000000100000000000000000000010
000111100000000010000000100000000000000000000000000000000000010110000000000000000000000010000000100010000000000000000000000000000000000000000000000000000011000000000000000000000000100001000000000000000000000000110000110000000000000000001100
100011000100000000000000000100000000000000000000000000000000010010000000000000000000000001000000011100100000000000011000001000000011000000000000000000011000000000000000001100000000111000100100000000000000000000000000100000000000000000000001
100000001010111000000000000100000000000000000000000000000000001100000000000000000000000000101000001100100000000001001011101000000110100000000000000000000010110000000000010010000001000000010000000000000000000000001001000100000000000000010101
001000000100000000000000001110100000000000000000000000000000000000000000000000000000000011000100000100000000000111010000110000001100010000000000000001101000101100000000010100000010000100000000000000000000000000000100000100000000000000010101
100100000000000000000000000000110000000011100000000000000000000000000000000000000000000010000010001101000000000111000101011000000001010001000000000001100000100010000000001000000100000100000000000000000000000000000100000100000000000000000000
101000000000000000000000011100111000000000000000000000000000000000000000000000001110000000000011000110000000000110110100101011101000101100110000000001101010000000000000000000000100101100000000000000000000000000000000000000000000000000000000
010000000000000000000100011000111000000000000000000000000000000000000000000000000000000001001000101100000000000010100101001011000011010110110011000000100011000001000000000000000110010000000000000000000011000000000001110000000000000000000000
000000000000000000000001000000000000000000001000000000000000000000000000000000000000000000100000101000000000001010100110011000000000000110110100100000010110011000000000000000000110100000000000000000000011000000000000000000000000000000000000
000000000000000000000001000000000000000000010100110000000000000000000000000000010000000000000000100110000000110110011100010000000001010000110010000000000011100011000000000000000011100000000000000000000000001000000000000000000000000000000000
000000000000000000000010000000100000000000010100110000000000000000000000000000000100010000001100001111000000100110000000000000000000100000011111000000000011000001000000000000000001000000000000000000000000011110000000000000000000000000000000
000000000010000000000000000000110000000000001000000000000000000000011000000110000010011000001100000111100000000001000100100000000000000000010010000000000010000000000000000000000000000000000000000000000000000011000000000000000000000000000000
000000000100001000000000000000010000000000000000000000000000000000100100000100010000100000000110001001110000000000000000110000000000000000001100000000000001010000000000000000000000011000000000000000000000000100110000000000000000000000000000
000000000100000000000000000000000000000000000000000000000000000000101000000101000111001100000011011000110000100011010101110000000000000000000000000000000001111000000000000000110000011000000000011000000000000100110000000000000000000000000000
000000000011000000000000000000000111000000000000000000000000000000010000000011000010001000000000110001000101101100000000000000000000000000000000000000000101001100000000000000011000000000000000101000000000000001100000000000000000000000000000
000000000000000000000000000000000100100000000000000000000000000000000000000000000000000000000000110001101100001011000000110000000000000000000000000000111111001100000000000001011000000000000001101010000000000100010000000000000000000000000000
000000000000000000000000000000011000100000010000000000000000000000000000000000000000000000000000000000100000010011000000000000000000000000000000000000111011000100000000000011010000000000000000110010000000000001010000000000000000000000110000
000000000000000000000000000000010000010000010000000000000000000000000000000000000000000000110000000000000100001101010000010000000000000000000000000000000111000000000000000001010000000000000011101100000000000100010000000000000000001100110000
000000000000000000000000000000000000100000010000000000000000000000000000000000000000000001001100000000000000000100011110010000000000000000000000000000000111000000000000000000011000000000000010000110000000000101000000000000000000010011000000
000000000000000000000000000000001000100000000000000000000000000000000000000000000110000000011100001100000000000001010011100000000000001100000000110000000111000000000000000000111000000000000010000110000000001101100000000000000000001010000010
000000000000000000000000000000000000000011000111000000000000000000000001110000001011110000011100011010000000000101111000000000000000010010000001001000001001000000000000000000010000000000000000000000000000001101100000000000000000000100000101
100000000000000000000000000000000000111110000000000000000000000011000001110000001011111011100000011011000000011100111000000000000000010100000001010000100001000000000000001100000000000011100000000000000000000010000000000000000000000000000000
100000000000000000000000000000000000111100010000000000000000100010100011000110001101111111100111011010000000011011110000000000000000001000000000100000110010000000000000001100000000000000000000000000000000000000000000000000000000000000010000
000000000000000011000100000001000000100000010000000000000010010001000011000011011000000100100111001100000000000111000000000000000000000000000000000000000000000000000000000001000111000000000000000000000000000000000000000000000000000000101111
000000000000000011001010000001000000000000010000000000000100001000000100000001011001001100000010000000000000000011000000000000000000000000000000001000000000000000000000000001000101000000000000000000000000000000000000000000000000000000100000
000000000000000000000110000001000000000000000000000000001000100000000100000000011000110000000100000000000000000100001000000000000000000000000000111000000000000000000000100000001100000000000000000000000000000000000000000000000000010001001000
000000000000000000000000000000000000000000000000000000001011000000000011000100111000100000000000000000000000000100010100000000000001100000000000110111000000000001010001011000101000000000000000000000000000000001100000000000000000010001001000
011000000000000000000000000000000000000000000000000000000011000000000000000011010000110000000000000000000000000000110100000000000001100000000000110011000000000010010001000000101000000100000000000000000000000010100000000000000000010000000000
011000000000000000000000000000000000000000000000000000000000100000000000000001100001010000000000111000000000000000011000000011100000000000000000001110000000000001001000000000011000001010000000000000000000000001000000000000000000000001110100
000000110000000000000000000000000000000000000000011000000010100000000000000000000001010000110000100100000000000000000000011000010000000000100000000000001110000000111000000100000000000011000000001000000000000000000000000000000000000000110100
000000110000000000000000000000000000000000000000011000000001100000000000000000000000100001001001001100000001100000000000010010001000000100001000000000110010000000100100100000000000000100000000011100000000000000000000000000000000000000000000
000000000000000000000000000000000000000000000100000000000000000000000000000000000000000001010011100100000001100000000000010000010000000100000100000000011100010000100100100000000000000000000000011010000000000000000000000000000000000010011000
000000000000000000000000110000000000000000001110000000000000000000000000000000000000000000100000000000000000000000000000001001100000001001111000000000001000100100000000000011000000010000000000000110000000000000000000000000000000000000111111
100000000000000000000000010000000000000000110010000000000000000000000000000000000000000000000000100011000000000000000000001001000000011110000000001100000000111010000000011010001100010000000000000000000000000000000000000000000000000011100000
000100000000000000000000010100000000000000100101000000000000001001100000000000000000000010000000110011000000000000000000000000000000110110000000010010000000000000101111000110111100010000000000000000000000000000000000000000000000000000000000
000110000000000000000000001100000000000000111000110000000010010001000000000100000000000101000000001010000000000000000000000000100001100000000000010010000000100011011111000001101100000000000000000000000000000110000000000000000000000000001100
110000100000000000000000000000000000000000010011101010000111000101000000001010000000000101000000000110000000000000000000000000100000011010000000001100000000100000000100100000110100101000000000000000000000000110000000000000000000000000001001
000010000000000000000000000000000000000000000011111010001000100000000000000110000000000010000010000010000000000000000000000000100000000010000000000000000000010000000001000000000000110001100000000000000000000000000000000000000000000000000000
000000010000000000000000000100001100000000001101111000011011011000000000000000000000000000000010011001000000000000001100000000000000000000000000000000000000000000000001000000000000000001000000000000000000000000000000001100000000000000000000
000100000010010000000000000100001100000000000000000000100011000000000000000000000000000000000011010010000000000000010010000000000000000000000000000000000000000000000000000000000000000001010000000000000000000000000000001100000000000000000010
000000100100011000000000000100000000000000000010001000010010000000000000000000000000000000000011011100000000000000001100000000000000000000000000000000000000000000000000000000000000000000110000000000000000000000000000000000000000000000000110
000011000100000100000011000000000000000000000000010000001111000000000000000000000000000000000000010000000000000000000000000000000000000000000000000000000000000001000000000000000000000000000000000000000000000000000000000000000110000000000000
100110000000000010000000100000000000000000000011100000000000000000000000000000000000000000000000000001100000000000000000000000000000000000000000000010000000000001000000000000000000000000000000000000000000000000000000000000000100011100001001
010011001011000000011000100000000000000000000011000000011111100000000000000000000000000000000100000000111000000000000000000000011000000000010000000101000000000000000000000000000000000000000001000000000000000000000000000000000011011100000100
000000010010000000010000010000100000000000000000000000010001100000000000000011000000000000000010001111111100000000000000000000100100000001001000000101000000001010000000000000000000000000000001100000000000000000000000000000000010011010000100
000101001010001000010111011000001000000000000000000011111000000000000000000011000000000000000000000000100110000000000000000000011000000010000000000010000000010010111000000000000000000000001111100000000000000000000000000000000000000101001100
110010000101100000001111000000000100000000000000000100000010000000000000000000000000000010000000000010000010000000000000000000000000010010000100000000000000010000100000000000000000000000001000000000000000000000000000000000000000000001110101
000000000000000000001011000000000010000000000000001000000010000000000000000000000000000101000000010000010000000000000000000000000000111101000000000000000000010010101000000000000000000000000000000000000000001110000000000000000000000110011000
001000000000000000001101100011010110000000000000000100000010000001100000000000000000000101000000000001101000000000000000000000000001101110000000000000000000001010110000000000000000000000000000000000100000001110000000000000000011000000010000
001000000000000001000111101100000000000000000000000010000000000010010000000000001000000010000000000001000100000000000000011100000011101110111000000000000000000000101000000000000000000000000000000001010000010110000000000000000011000011000000
001000000000000001000010000000000000000000000000000000000000000001010000000000001000000000000000000000100010110000000000111110000001101100000000000000000001110000010000000000000000000000000000000011111000111000000000000000000000001101000000
000000000000000000000000000000000000000000000000000000000000000000100000000000001000000000000000000000011010000000000000100001000000111000000000000000000001111100000000000000000000000000000000000111010000000000000000110000000000010000100000
000000000000011000000000000000000000000000000000000000000000000000000000000000000000000000000000010000000010010000000000111000000000010000000000000000000000010100000000100000000000000000000000000100110100000000000001011000000000100000000000
000000000000011000000000000000000000000000000000000000010000000000000000000000000000000000000000101000000001100000000000111000000000000000000000000000000000001110000000110000000000000000000000000010110100000001000000000000000000010011000000
000000000000000000000000000000000000000011100000000001000000110000000000000000000000000000000001001000000000000000000001010000000000000000000000000000000001110010000001010000000000000000000000000011100000000011100000000000000000001100000000
000000000000011010000000000000000000000100010000000001000001001000000000000000000000000000000000110000000000000000111001100000000000000000000000000000000010011110000111100000000000000000000000000000000000000100100000000000000000000000000000
000000000010110111000000000000000000000100011000001001101001010000000000000000000000000000000000110000000000000000100111000000000000000000000000000000000100010100000011000000000000000000001100000000000100000011000000000111000000000000000000
000000000001000001000000000000000000001111101101111100000011000000000000000000000000000000000000010000000000000000110111100110000100000000000000000000000010101000000000000000000000000000001000000000001001000110000000000111100000000000000000
000000000000001110000000000000000000011000110010000100000100010000000000000000000000000000000001101100001110000000001101100000011011000000000000000000000011111100000000000000000000011000000001100000000001000000000000001000010000000000000000
000000000010000100000000000000000000111010110000001000000100111000000000000000000000000000000001101100111011000000000000110000000000000000000000000000000011011100000001100000000001101000000010010000000000000000000000001000001000000000000000
000000000100000000000000000000000000101100100001010000001100001000000000000000000000000000000011011000100000000000000000000000011011000000000000000000000011011010000010010000101010001000000001100000000110000000000000000100010000000000000000
000000000101000000000000000000000000101010000000100000000111110000000000010000000000000000000010000000110110000000000001101000101110000000000000000000000001001110000010010001000001000000000000000000000110011000000000000011100000000000000000
000000001001000000000000000000000000010011000000000000000001110000000000101000000000000000000011100000000000000001000101111011000000000010000000000000000001011000000001100010000011000000000000000000000000010100000000000000000000000000000000
000000011000000000000100000000000000000010000000000000000000000000000000101000000000100000000011100000000010000000110100000010000000001101100000000000000000010000000000000010011100000000000000000000000000000100000000000000000000000000000000
000000000000000000011000000000000000000000000000000000000000000000000000011100000000010000000010000000000000000000010000000100000000001101100000000000000000110000000000000011100000000000000000000000000000010100000000000000100000000000000000
110000101000000000001000000000010000000000000000000100000000000000000000001111001100011000000110000000010000000000000000011000000000000100110000000000000000110110000000000000000000110000000000000000000000011000000000001011010000000000000000
110000100010000000000101000000010000000000000000001010000000000000000000000000110110000000000010000000000100000000000100100000000000000000000000000000000000001000000000000000000000100001110000000000000000000000000000110010010000000000000000
000000110010000110000110100000011000001110000100001011000000000000000000001111110101100000000001000000001100000000001010000000000100000010000000000000000000000000000000000000000001111000001000000000000000000000000000011010000000000000000000
000000011100001111000011000000000000010110000100000010000001100000000000100100011101100000000011000000000100000000011011000000001010000001110000000000000000000000000000000000000001101000000100000000000000000000000000001111000000000000000000
000000001000000010100000000000000000100110000000000000000001100000000001100000000000000000000000000000010110001000011110000000000110000001110000000000000000000000101000011000000011011000001000000000000000000000000000000011110000010000000000
000000000000011010110000000001100000110000110001110000000000000000000000100000011011000000000000000000010000010100000101000000000000011000010000000000000000000001001000100100000001101101110000000000000000001000000000000000111000010000000000
000000000000001010001000000000000000100000100001110000000000000000000000000010000000000000000000000000000010000000000111000000000000011000000000000000000000000000101000010000000000110000000000000000000000001000010000000000001000101000000000
000000000010000001000100000000000000011000000101100000000000000000000000000010000011001100000000000000001010000000000101000000000000000000000000000000000000000000000000000000000000000000000000000001100000001000101000000000101000010000000000
000000000001000000100100000000000000011000001000000000000000000000000000000010000100010001000000000000000111100000000110000000000000000000000000000000000000000000000000000000000000000000000000000010010000000001000100110000010000100000000000
000000000101000000001100000000000000000000011110100000000000011100000000000000000101010001000000000000000000010000000000000000000000000000000000000000100000000000000000001100000000000000100000000001100000000000100100110000000000000000000000
001100000010000000010000000000000000000000100010010000000001100100000000000000000011101001000000101000000001000000000000000000000000000000000000000000100000000000001110110000000110000001010000000000000000110000000000000000000000000000000000
010010000000000000011000000000000000000000111000100000000000001100000000000000000000001100001000001000000001110000000000000000000000000000000000000000100000000000110000101111010010000001010000000000000001111000000000000000000000000000010000
010100000000000000000110000000000000000000011000100000000010010000000100000000000001011000010100001001000000000000000000000000000000000000000000000000000000000000011110101110001010100000100000000000000010001100000000000000000000000111010000
001000000000000000001110000000000000000000000001000000000100010000000100000000000001110000011000000010110000000000000000000000000101000000000000000000000000000000001000110000000000100000000000000000000001111011000000000000000000000000101000
000000000000000000000100000000000000000000000100000000001100000000000100000000000000100000000000000010110000000000000000000000011101100000000001111000000000001100000000001010000000000000000000000000000000111000000000000000000000000001010000
000000100000000000000000000000011000000000000100001000000000011000000000000000000000000000000000000000001100000000000000000000000000000000000001110100000001101100000000000010001110000000000000000000000000011000000000000000000000010001101000
000000110000000000000000000000011000000000000000001100000001010100000000000000000000000000000000000000100010000000000000000000000000000000010011000100000001100010011100000000000010110000000000000000000000000111000000000000000000010101010000
000000010000000000000000000000110000000001110000001100010100000000000000000000000000000000000001000000000000000000000000000000000000000000100010001000000010001100010000000000000010000000000000000000000000000000000000000000000000001001011000
000000111000000000000000000001100011000000000000000011010100100000000000000000000000000000000100100000010100000000000000000001000000000000010010010000000001101100100100000000010001110000000000000000000000000000000000000110000000000110000111
100001011000000000000000000010010001100000000000000100000110111000000000000000000010000000000100000000110100000000000000000011000000000000001100000000000001101100011100000001100000000000000000001100000110000000000011000110000000000100000000
010011111000000000000000000001100001010000000000000100000001000100000100000000000000000000001000101111100001100000000000000000000000000000000000000000000000010000011010000001100000000000000000010001100110000000000010100000000000000110101000
110000000000000000000000000000100000110000000000000000000011000001001010000000000000000000000100100100001001000000000000000000000000000000000000000000000000011000010010000000110000000000000000001101101000000000000000100000000000000010001010
111000000000000000000000000000000000110000110000000000000011000001000110010000000000011000000101001100011010000000000001000000000000011000000000000000000000111000010010000000110000000000000000000001101110000000000001000000000011100001100101
100000000000000000000000000000000000000000110000000000000001000000100011000000000110000000000011000110000000000000000010110000000000110000000000011100110000011000101000000000011100000000000000000110000000000110000000000000000000000000001000
110100000000000000000000000000000001011000000000000000000000100000100001011111000110000000000000000110100001000000000100011000000000010100000000100000100000011011000000000001101110000000000000000011001110001001000001011000001010000000100001
001000000000011100000000000000000001011000000000000000000000110100000000011011100010000000000000000110101110000000000100000100000000001001000000001010111100011100000000000010000001000010110000000011001000000110000000110000001110000000100000
010000000000111010000000000000000000000000000000000000000011111000110100000101011100000000000000000110110000000000000100011000000000000001000000001000010110000000000000000001111010000110110000000000000000000000000000100000000110000000010000
000000010001000010000000000000000000111000000000000000000111101110000010001100011000000000000000000100100000000000000000000000000000000101000000001001001110000000000000000000000000000100001000000000000000000000000000000000000000000000001000
000000111001011100000000000000000000100000000000000000000101111111000011000111100000000001110000000011000000000000000100001000000011000000000000000101000000001110000000000000000110000110101000000000000000000000000000000000000000000000000010
000000100011011111000000000000000000010110000000000000001100000001000010000011000000000010010000000000000000000000000110001001100000100000000000000010100010001010000000000000000110000010110000000000000000000000000000000000000000000000000000
000000000001000011100000000000000000000100000000000000000100000000100100000000000000000000000000000000000000000000000001100110000100010000000000000001000001010000000000000001100000000000000000000000000000000000000000000000000000110010111000
110000000011000110010000000110000000001101100000000000000000000000001000000000000000000100010000000000000000000000000000010010011000001000000000000001000001011000000000000000000000000000000000000001110000000000000000100000000101110110101100
000000000100001100001000000110000000000011100000000000000000000111000000000000000000000100010000000000000000000000000000010000000100010000000000000000100000010000100001110000000000000000000000000001001000000000000001010000001101100010111000
001110110111000001010000000000000000000001010000000000000000000111100000000000000000000000010000000000000001000000000000001000100111100000000000000000100011000101000001110000000000000000000000000001111100000000000000100000001100000000010010
111100011100000011001000000000000000000000110000000000000000000010010000000000000111000100010001000000000001000000000000001000100000000000000000000000001110000010000010010000000000000000000000000000010110000000000000000000000011000000000010
000000001000000001010011110000011000000000000000000000000000000001010011000000000000000100100010110000000000000000000000000010000000000000000000000000000000000000000011100000000000000000000000000000010100000000000000000000000000000000000001
000000000000000001010100000001000000000000000000000000000000000011100011000000100000000011100110100100000100001000000000000000000000000000000000000000000000000000000001100000000000000001000000000000011000000000000000100000000000000000000000
000000000000000000001101010100001000000000000000000000000001100010000000000001010000000000000010100010000000010010000000000000111000000000100000000000000000000010000000000000000001100001010000000000000000000000000000100000000000000001000000
000000000000000000000100000010001000000000000000000000000001100100000000000001010000000000000000101010000101100001000000000000000000001101010000000000000000001001000010000000000010010001100000000000000000000000000000000000000000000101000000
000000000100100000000010001110001000000000000000000000001000111000000000000001100000000000000000001100000001110001100000000010000010010001100000000000000000011000100011000000000010001000000000000000000000000000000111000000000000000011000000
000000001000100000000000000100001000000000000000000000010100010000000000000001110000111000000000000000000001000100100000000010000010110100000000000000000000010000001111100000000000001000000000000000000000000000000000000000000000000000000000
000000010000010000000000010010000000000000000000000000001000000000000000000000000000111000000000001100000001011011000000000010000010010100000000000110000000100001000000000000000001000000000000000000000000000000000000000000000000000000000000
000000010101100000000010010000001000000000000000000000000000000000000000000000000010000000000000100010000000001010000000000000000000000000000000000110000010000010001000000000000000111000000000000000000000000000000000000000000000000011000000
000000001011100000000001100000000000000000000000000000000000000000000000000000000011100000000001100000000000100110000000000000111000000000000000000000000100000100000000000000000000001000000000000000000000000000000000000000000000000011000000
000000000000000001100000000110110001000000000000000000000000000000000000000000000100001000000001000000000011000000000000000000000000000001100000000000000100010000000000000000000000000000000000000000000000000000000000000000000000000000000000
000010000000000011010000000100000010100000000000000000000000000000000000000000001110110000000011010001000000000000000000000000000000000001110000000000000000100000000000000000000000000000000000000000000000000000011000000000000000000000000000
000110000000000000111000000110001000010000000110000000000000000000000000000000001101100000000001000111000000000000000000000000000000000001110000110000000011000000000000000000000001000000000000000000000000000000000000000000000000000000000000
001001000000000000110000000000000000000000000000000110000000000000000000000000000110000000000110010000000000000000000000000100000000000000110000110000010100011000000000000000000110000000000000000000000000000000000000000000000000000000000000
000100000000000000110000000001000000000000000000000110000000000000000000000000000000000000001000110000000000000111000000001010000000000000011000000000110101001100000000000000001000000000000000000000000000000000000000000000000000000000000000
000000111010000001100001100110000001000000000000000000110000000000000000010101100000000000010000000000000000000101000010011010011000001110001000110000100100000010000000000000001000100000000000000000110000000011101000000000000000000000000000
000000110101000000000001011000111010000000000000000000111000000000000000010101100000000000010001000000000000001101100010000000100100110000000001000000001001000111000000000000000100100000011100000000110000000011110001000000000000000000000000
000000111100100000000000111110011000000000000000000000100000000000000000100111100000000000010000000000000000000101000110000000011000110101100000000000110000100011000000000000000010000000011100000000000000000001100010010000010000000000000000
000000000101100000000000111000010000000000000000000000000000000000000000011000000000000000001100000000000000001100111100000000000000111100000001100001000000001111000000000000000000000000101010000000000000000000000100010000000000000000000000
000000101001000000000000000001010000000000000000000000000000000000000000011000000000000000000001000000000000001010000000000000000000000000010010000000100100000010000000000000000000000000110110000000000000000001100100001000000000011000000000
000001111101000000000000000000000000000000000000000000000000000000000000000000011100000000000001110000000010100100000000000000000100000110100001000000101000000000000000000000000000000000110000000000000000000001100011101100000000110000000010
000011010111110000000000000000000000000000000000000000000000000000000000000000110001000000000100010000000100110000000000000000010110111000000000000000011100000000000000000001000000001000001000000000000110000000000010000100000000001000000010
000001011010000000000000000000000000000000000000000000000000000000000000000000110000100000000110010000001001100000000000000000100100001000000000000000000000000101101000000001000000000000110000000000000110000000000000100100000010001110000010
000000111110110000000000000000000000000000000000000000000000000000000000000000000100010000000011100000000101000000000000000000010111011000000000110110001010000110101100000010100000001000000000110000001110000000000000101000000101001110100000
000000000111101100000000000000000000000000000000000000000000010000000000000000000010000000000000000000000111110111000000000000001000101110000001101010000100000011000010000001000000000110100000100100000000000000000000000000000000110110110000
000000000010011100000000000000000000000000000000110000001100011000111000000000000001001000001000000000000101111000000000000000000000000110000000100110000000000000110010000110000000000001100000011111110000101100000000000000000000010010000000
000000000000001000000000000000000000000000111010110000010011000001000100000000000000000000001000000000110001001011000000000000000000000000000000011100000000000000000000010111000000000000000000000000110111100100000000000000000000001111010000
000000000000000000000000000000000000000000110000010000001010000010000010000000000010000000000000000001110010000100000111000000000000000000000000001000000000001100000110010011000000000000000000000001111000100010000000000000000110001101110000
000000000000000000000000000000000000000000000001000000000111000001100010000000000010010000000000000010000000000000000101000110000000000000000000000000000000000000001110000000000000000000000000000001101010001100000000000000000110000000110000
000000001100000000000000000000000000000000001000100000000000000000010000000000000000100000000000000010001000000000000011000010000000000000000000000010000000000000000000000000000000000000000000000010001010000000000000000000000011100000000000
000000001100000000000000000000000000000000010010000000000000000000001010000000000000000000000000000010000000000000000000000000010000000000000000000001000000000000000000000000000000000000000111000000000100011000000000000000000001100000000000
000000111000000000000000000000000000000000011010110000000000000000000110000000000000000000000010000000001010000000000000000010010000000000000000000100000000000100100000000000000000000000000000000000000000000000000000000000000011100000000000
000000010000000000000000000000000000000000100011000000000000000000000001000000000000001110010011000001111100000000000000000010000000000000000000000110100000001000001000000000001100000000000000000000000000000000000000000010000000000000000001
000000000001100000000000000000000000000000100010000000000000000000000000100000000000010100010011000001100000000000000000011011000111000000000000000001100000000100001000000000001100000000000000000000000000000000110000000101000000000000000001
000000000000110000000000000000000000000001100100110000000000000000000010100010000000100100010000000011001110000000000000000100000011000000000000000000000000000100001000000000000000000000000000000000000000000000101000001101100000000000000001
000000001101110000000000000000000000000000011110110000000000000000000001100110000001000101100000000111111000000000000000000000001010000000000000000000000000000010000000000000000000000000010100000000000000000000010000001001010000000000000000
011100000110100000000000000000000000001000001110000000110000000000000000001101011011000100000000001000000001100000000000000000001000000000001110000000000000000001100000000000000000000000010010000000000100000000000000011100011000000000011100
000000000011000000000000000000000000110000001110000010001000000000000000000111101011111001110100010100000001110000000000000000010110000000000000000000010000000000000000000000000000000001100100000010001100000000000000010000010000000000000000
000000000000000000000000000000000000010000000000000010011000000000000000000011000100000000000010110000000001110000000000000000010100000010000100000000101000000000000000000000000000000010100000000101011000000000011100001000000000000000000001
000000000000000000000000000000000000100000000000000000011000000000000000000000000000000000011101000000000000000000001110000000010101100100010110000000000000000000000000000000000000100001000000000100010000000000110110000001100000000000000001
000000000000000000000000000000000001001000000011000000000000000000000000000000000000000000001000000000000000000000000000000000001100000101010110110000000000000000000000000000000001010000000000000011100000000000110110000000000000011100000001
000000011000000000000000000000000111100000000011000000000000000000000000000000000000000000000000000000010111100000000000000000000000000100000100011000000000000000000000000000000010010000000000000011000110000000001000000000000000000100000000
000000100100000001100000000000001010001000000000000010000000000000000000000000000000000000000000000000100001100000000000000000000000000010111000110000000000000000000000000000110001100000000000000000100110000000000000000001010010000000000000
000000011000000010100000000000001001111000000000000101100000000000000000000000000000000000000000000000000001000000000000000000000000001100100011100000101000000000000000000000110000000000000000000000100100000000000000100000111000010000000000
000000000000000011000000000000001010011000000000000000000000000000000001100001000000000000000000000000010110000000000000000001100000001000000000100000010000000000001100000000000000000000000000000000011010100000000011011000010010111000000000
000000000000000000000000000000001110000000000000000111000010000000000010010010100000000000000000000000000000001000000000000011110000000110000001000000000000000000001100000000000000000100000000000000001010100000000011011000111100001111111100
000011100000000000000000000000000000000000000000000000000110000000000010100001100000000000000000000000000000000110000000000011111000000010001100000000000000000000000000000000000000011000000000000000001000000000000000000000010000010000000100
000010010000000000000000000000000000000000000000000000000000000000000001000000000000000000000000000000000000000100000000001110000000000000000000000000001100000000000000000000000000000000000000000000000000000000000000000000000000010000011010
000000001000000000000000000000000001000000000000000000001100000010100000000000000000000000000000000000011000001000000000100010000000000000000000000000001010000000000000000000000000000000000000000000000000000000000000000000100000001110011000
100010010000000000000000000000011000100000011000000000001101010100100000000000000000000000000000000000001000000000000000100010000000000000000000000000001010000000000000011000000000000000000000000000000000000000001000000001100000000000111011
100011100000000000000000000000010101000001001000000000000001011110000000000000000000000000000000110000000000000000001000000001000000000000000000000000001100000000000000111000011000011100000000000000000000000000010100000001000000000000111000
010000000000000000000000000000010001000000101100000000000001010000000000000000000000000000000001001000000110000000000100000001010000000000000000000000010000000000000001111100100100001100000000000100000000000010110000001010000000000000111001
010000000000011000000000000000000000000011001101111100000000000000000000000000000000000000000000110000110000000000001000000001010000000000000000000000011100000000000011000001100100010000000000001110000000000010000000001000000000000000000001
110000000000010100000000000000000000011111000100010100000000000000000000001100000000010000000000000000010000000000000000011110000000000000000000000000001100000000000001110100000100000000000000011010000000000011100110000000000000000000000001
000000000000001000000000000000000001101010100100000000000000000000000000001100000000110000000000000000000000000000000000011100000000000000000000000000000000000000000000111000001000000000000000010000000000000000000110000000000000000000000000
000000000000000000000000000000000000010001100010110100011100000000000000000000000001110000000000000110000000000000000000000000000000000000000001100000000000000000000000100000000000000110000001110000000000010010000000000000000000000000110110
000000000001110000000000000000000000110001000011011100011100000000000000000000000011000000000000000100000000000000000000000000000000000000000010010000000000000000000000010000000000000110000000000000000000001010000000000000000000000000100010
000000000001101100000000000000000000000001000010000000100000000000000000000000000001111000000000001101100000001110000000000000000000000000000001100000000000000000110000011011000000000000000000000000000000000000000000000000000000000000011100
000000000000101100000000000000000000000001000010000000010000000000000000000000000000111000000000001100010010111001000000000000000000000000000000000000000000000001100000001110000000000000000000000000000000001110000000000000000000000000000000
011100000000101100000000001100000000000001000010000000000110000000000000000000000000011000000010000001010100011000100000000000000000000000000000000010000000000000010000011010000000000000000000000000000110000000000001000000000000000000000000
010010000000101000000000001000000000000011100001000000001100000000000000000000000000000000000010000011111000000100100000000000000000000000000000000101000000000000000000000000000000000000000000000000001010000110000010100000000000000011000000
110010000000101000000001101000000000001011000000100000011100000000000000000001000000000000000010000000001100000100100000000000000000000000000000000101000000000000000000100000100000000000000000000000000101000000000010100000000000000011000000
100011000000101000001110110100000000001010000100010000001100000000000000000010100000000000000111000000000000011111000000000000000000000000000000000010000000000000000000110000100000000000000000000000000100100000000001000000000000000000000001
000000000000111000001110000000000000000001001010010000000100000000000000000010100000000000000000000000000000010011000000000000000010000000000000000000000000000000000001000101000000000000000000000000000000010000000000000000000000000000000011
100000000000000000010100000000000000000001000100010000010010000000000000000001000000000000000100100000000000000000101100000000001101001100000000000000000000000000000001111100000000000000000000000000000000010000110000000110000000000000000011
000011010000000000000010000000000000000000100000100000001100000000000000000000000000000000000011100000000000010001100011100000011001010010000001100000110000000000000000111000000000000000000001100000001000001001001000001001000000000000000110
000100010000000000010000000000000000000000010001000000001001101100000000000000000110000000000000000000000100001100000100010000001010000100000011010000110000000000000000000000001100000000000001100000001000001000110000000110000000000000000110
001101000000000000001000000000000000000000001110000000000000001100000000000000001001000000000000000000001001000010110011000000001000001000000001010000000000000000000000000000010010000000000000000000000110001000000000000000000000000000000000
001001000000000000001110000000000000000000000000000000001000000100000000000000000110000000000000100000110000100001100000100000000010001000000000100000000000000000000000000000001100000000000000000001000011100000000001000000000000000000000000
000000010000000000000010000001100000000000000000000000000000100100000000000001100000000000000001100000100101100010100011100000000011000000000000000000000000000000000000000000000000000000000000000010110000000000000010100000000000000100000000
000011111000000000000000000010100000000000000000000000011000111110111000100001100000000000000001000000000110000011000110010010000000000000011000000000000000000000000000000000000000000000000000000110011110000000000010100000000000000100000000
000001001100000000000000011110100000000000000000000000110010101011010000010000000000000000000000000000010110000001100110000010000000000000011000000000000000000000000000000000000000000000000000000010000001000000000001000000000000001001110000
000011011000000000000000101110000000000000000111000000000011100000000000010000000000011000000000000000000001011010000000011100000000000000000000000000000000000000000100000000000000000000000000000001111010000000000000000000000000000000111000
000000100000000110000000011100000000000000011001000000000011000000011010000110000000100100000000000000001000111000000000000000000000000000000000000000000000000000000100001100000000000000000000000000001100000100000000000000000000000000000000
000000000000001001000000000000000000000000000011000000110000000000000000000010000000011000000000000001001001001000000000000010000000000000000000000000000000000000000110011100000000000000000000000000000000000010000000000000000000000000000000
000000000000000101000000001000000000000000100010000001011000000000000000000000000000000000000000000001100101000000000000000011000000100000000000000000000000000000110000011100000000000000000000000000000000000010000000000001100000000000000000
000000000000000010000000111000000000000000100010000001000000000000000000000000000000000000000000000000100000000000000000010111100001010000000000000000000000000000000000000000000000000000000000000000000000111100000000000010010010000000010000
000000000000000000000000000100000000000000100000000011000000000000000000000000000000000000000000000000000000000000000000011000110001010000000000000000000000001100000000000000000000000000000110000000001110010000001100000010010101100000100000
000000111000000000000001000000000000000000000110000010110100000000000000000000000001100000000000000000000000000000000000011100000000100000000000000000000000010010000000000000000000000000000111000110001110001000011010000000100101100000000000
000000110010000000000000101000000000000000001110000011010110000000000000000000000110110000000000000000000000000000000000000101000000000000000000000000000000001100000000000000000000000010001001100010000000011100010010000000100001010000000000
000010100000000000000000010000000000000000000000000000011100000000000000000000000110110000000011000000000000000000000000000110000000000000000000000000000000000000000000110000000000000101001000010000000000010011001000000000010110110000000111
101110000001000000000000000000000000000000000000000000001100001100000000000000000111000000000011000000000000000000000000000010100000000000000000010100000000000000000001001000000000000010000100100000000010001011000000100000001000010000001000
011000000011000000000000000000000000000000000001000000010000000010000000000000000000000000000000000000000000000000000000000001000000000000000000010100000000000001100001001000000000000000000111011100000000010010001000100000000000000000010000
010011100010000000000000000000000000000000000001100000001100011100000000000000000000000000000000000000100000000000000000000000000000000000000110101000000000000001100000110000000000000000000110000000100010100011001000100000000000000000010000
010011100000001100000000000000000000000000001000010110011100000000000010000000000010000000000000000001110000000000000000000000000000000000110111101001010000000000000100000000000000000000000001000000100000000001000101000000000000000000010000
100010011000010100000000000000000000000000010000010000100010000000000101100000000101000000011000000010011000000000000000000000000000000000101000011010101000000000001110000000000000000000000001110111010001110000000000000000011000000000001000
000000000000000100000000000000000000000010000000000100000000000000001101001000000101000000100100000111101000000000000000011000000000000000011110010110100000000100010001000000000000000000001000100100000001100000000000000000011000000000000111
000000000000000000000000000000000000000010000000001010101100000111000001111000000010000000010100000100001000000000000000101000000000000000000001101000000010001111100010000000000000000000000000100001111000010000000000000000000000000000000000
000000000000000000000110000000000000000010000100001000010000000101000000100100000000000000001100000011001000000100000000110000000000000000001111100000010000010001110010000000000000000000000000110110011100000000000000000000000000000000000000
010000000000000000001101000000000000000000000010001000000000000011100000001000000000000000001100000001100000001010000011000000000000000000001000100000010100001101011000000000000000000000000111000101011010000000000000000000000000000000000000
000000000000011100010000000000000000000000000001101000000000000000110000001000000000000000001110000000000000010000000101000001100000000000001100000000110000001001100000000000000000000000000000000010001001000000000000000000000000000000000000
010000000000100001111110100000000000000000000000001100000000000000010000000000000000000000000000000000000010010000100110000010100000000000010001100000011000000101100000000001100000000000000000000000000110100000000000000000000000000000000000
000000000000100000000010100000000000000000000000000000000000000000000000000000000000000000000000000000001010011100100000000011000001000000010010000000000000011000000000000010010000000000000000000000000001000000000000000000000000000000000000
000000000000011100010000000000000000000000000000000000000000000000000000000000000000000000000000000000000110011000010000001100000011100000000010000000000000011010100000000001100000000000000000000000000000000000000000000000000000000000000000
011000000000000000110011000000000000000000000000000000000000000000110000000000000000100000000100000000000000000110110000010100000110110000001100000000000000001010010000000000000000000001100000000000000000000000110000000000000000000111000000
011000000000000000000000000000000000000000000000001100000000000001100000000000000001110000000100000000000000110011110000011000000011100001010000000000000000000000000000000000000000000010110000000000000000000000000000000000000000000000000000
000000000000000001000000010111000010000000000010010100000000000001001000000000000011111000000100000000000000000000000000000000000001000010110000000000000000000000110000000000000000000111000000000001100000000000000000000000000000000101000000
000000000000111101000000010000010010000000000001000100000000000000111000000000000100000100000000000000000000001000000000000000000000000011000000000000000000000000000000000110000000001110000000000001100000000000110000000000000000000001000000
000000000000110000000111100000000010000000000001101000000000000000000000000000001100000110000000000000000000001100000000000000001000000000000000000000000000010001001100000000000000010000000000111000000000000011011000001100000000010000000000
000000000010000100001010011000000000000000000000011110000000000000000000000000011000000011000000000000000000001001000000000000000100000000000000000000000000110000110111101000000000100010000000000000000000000000010100001010000000111001011000
000000000011100111000100001000011000000000000000000010000000000000000000000000001010001010000000000000000000000000001000000001000000000000000000000000000001001000100100010000000001000010000000000000000000000000010010000100000001000001110100
000000000001000011100000110000000000000000000000000010000000000000000000000000000110001100000000000000011000000110101000000010001000000000000000000000000000110000000000011000000001000000000000000000000000000010101100000000000001010001010100
000000000000000011010001000000000000000000000000000000000000000000000000000000000000000000000000000000000000000011000000000010100000000000000000000110000000000000000011001000000001100000000000000000000000000000111110100000000000100000111000
000000000000000000010101000000000000000000000000000000000000000000000100000000000000000000000000000000100011000000010000000001000000000000000000001001000000000000011000110000000000000000000000000000000000000110001111110000000000000000011000
000000000010000000001110000000000000000000000000000000000000000000001110000000000000000000000000000000100000000000111000000000000000100000010000001001000111000000011000000000000000000000000000000000000000000100000010001000000000000000000000
100000000110001100000100000000000000000000000000000000001100000000011110000000100000000000000000000010000010000000001100000001100000001000010100010010001000100000000000000000000000000000000000000000000001001000001101011100000000000000000001
011000000110000100000000000000000000000000000000000000010100000000111000000001010000000000000000000000010000000001111011000001110000111000000000010010010000010000000000000000000000000000000000000000000001110011010001100000000000000000000001
001000000101111000000000000000000000000000000000000000001000000000011000000000000000000000000000000000001000000001111100000000000010101100110100010100010000010000000000000000000000000000000000000000000000100000000011100000000000000000000000
111000000111110000000000000000000000000000000000000000000000000000001000010000000000000000000000000000001100000000000101000000000010100000010111001100010000010000000000000000000000110000000000000000000000010100000011000001011011100000000000
000000000101100000000000000000000000000000000000000000000000000000000000000010110000000000000000001000001000000000000110100000000001000000010111000000001000100000000000000011000000011000000000000000000000001100000011011001000110110000011111
000000000000000000000000000000000000000000000000000000000000000000001000001000001000000000000000001101100010000110110110100000111000000000000000100000000111000001100000000100100000001000000000001100000000000100000001011001000010000000010001
000000000000000000000000000000010000000000000000000000000000000000010100000100000000000000000000001010011000001000101010000000000000000000000000000000000000000001100000000011000000000000000000001100010000000110000000100000111100000000001011
000000000000000000000000000000010000000000000000000000000001100000001100000111001000000000000000001110001100001010001010001000000000000000000100100000000000000000010000000000000000000000000000000000101000111100000000000000000100000000110011
000000000000000000000000000000010000000000000000000000000001100000000000000100111000000000000000110100000000010000001110000000000000000000000101100000000000000001110000000000000000000000000000000000011000111000000000000000001000011000000001
000000000000000011000000000000000000000000010000000000000000000000000000000110000000000000000000110100000110100000011011010000110000000000000010000000000000000001001000000111000000000000000000000000000000010000011100000000010100011100100010
000000000000000100100000000000000000000000110000000000000000000000000000000011110000000000000000001100111110011000110001100000110000000000100000000001000000000000010000001000100000000000000000000000000000000000000010000000000000001000000000
000000000000000011000000000000000010000000000000000010000000001100000000000001110000000000000000000001000010010001110001100000000000000000100000000000110000000111000000010000010000000000000000000000000000000000011001000000000000000000011000
000000000000000000000000000000000101000000000000000011000000011000100000000000100000000000010000000000001000000001110010000000000000000000101000000100100000000001000000010000010000000000000000000000000000000000001110000000000000000000010000
000000000000000000000000000000000110000000000000000100100000110001100000000000000000000000101000000000001011000001110011011000000011110000110001000011000000000111000000010000010000000000000000000000000000110000000000000000000000000000000000
000000000000000000110000000000000000000000000000000110110001100000000000000000001100000000110000000000000111000001110010000100000100000000111110000000000000000000000000001000100000000000000000000000000001001001100010000000000000000000000000
000000000000000001001000000000000000000000000000001000000010010011100000000000010010000000000000000000000001110000111110010110000000001000011100000000000011100000000011100111000000000110000000110000000000110001100101000000000000000000000000
000000000000000000110000000000000000000000000000001000000001100001000000000000001100000000000000000000000000101010100101100100000000001000000000000000000100000000000000110000000000000110000001001000000000000000110001000011000001000000000111
000100000000000000000000000000000000000000000000001001000000000000000000000000000000000000000110000000000000100010010000101000000110010000000000000000011110010000000000010000000000000110000000000100000000000000010100000100100010000000000111
001010000000000000000000000000000000000000000000001000010000000000001000001000000000000000001001100000000000011100011011110000000000000000000000000000110010010000000000100000000000000000000011000100000000000000000010000011000011100000000000
000100000000000000000000000000000000011000000000001000111000000000010100111110000000000000001100010000110000001100100110000000000100000000000000000000100011100000000000000000000000000000000011010100000000001100000010000000000000110000000000
000000000000000000011000000011000000000000000000001000001000000000111001100011000000000000001110001000001000001100011100000000000100010000000000000111100010000000000000000000000000000000000000001000000000101100000010000000000001100000000000
100000000000000001000100000011000000000000000000000000100000000000001000101010000000000000001000111000111000001100000000000000000000010000000000010001000000000000000000001000000111000000000000100000000011100001000100000011000000110000000000
000000110000000011010100000000000000000000000000000111000000000010001001101100000000000000000110000000000000000000000000000000000011010000000001100100000000000000000000110110000111000000000000110000000010001101110000000000000010100000000000
000010010000001101011000000000000000000000000000000000000000000111000000010000000000000000000000000000000000000000000000000000000000000001100000000011100000000001110000000110000000000000000000110010000000000010010000001110110110000000000000
000000000000001000000000010000000001100000000000000000000000000001000000000000000000000011100000000000100000000000000000000000000000000010110000000000000000000000001000000101000000000000110000010010000000000001010000010011110000000000000000
000010000000001110000000010100000001101000000000000000000000011110000000000000000000000000000110000010100000000110000000000000000000000101000000000000000000000001110001000101000000000000110000001010000000000001010000100100000011000000000000