110000100000000100000000011010000010001100000000000000000000010010000001000000000000000000000110000010100000001000000000000000000000000000000000011000000000000000100001101100000000000000000100000000000000000000000000001110000000000000000000
011001100000000000000000011011000001110000000000000000000000001000000010100000000000000000000000011010000000000101110000000110000000000010000000011000000000000000000000110100000000000000001100000000000000000000000010010000000000000000000001
000101100000000000000110011010000000101100000000000000000000000000000010010000000000000000000000001010000000000010110000000110000000000111000000000000000000000000000000001010000000000000000000000000000000000000000011000110000000001100000001
111000000000000000001000101000000001111100000000000000000000000000000001100000000000000000000000000100000000000001101010000100000000001100100000000000000000000000000000000011100000000000000000000000000000000000000000000000000000010010000000
010000000000000000000111110000000011001100000000000000000110010001000000000000000000000000000000000000000000000110010010001000000000000011100000000000000000000000011000001011010000000000000000000000000000000000000000000000000000001010000000
000000000000000000000010000000000000000000000000110000010011101100100000000000000000000000000000000000000000000011000110011100000000000000000000000000000001100000011000010110001000000000000000000000000000000000000000000000110000000100000000
000000000000000000000000110000000001010000001101001000100010110000010000000000000001100000000100000000000000000000110000110110000000000000000000000000000001100000000000100000001000000000000000000000000000000000000011100001001000000000000010
001111000000000000000001100000000000110000010001011011101101000010100000000000000010010001101110000000000000000000100000110000000000000000000000000000000000000000000000101100001000000000000000000000000000000000010010111100110000000000000010
011100110000000000000000100011000000100000010001110000000100000011000000000000000010100001010110000000000000000000000000101000000000000000000000000000000000000000000000010000000001100000001100000000000000000000100001111100000000000000001011
100010110000000000000000110000000000000000001000000000000000001110000000000000000001000001111000011100000000000000000001110000000000000000100000000000000000000000000000000000000010010000011100000000000000000000000000111000000000000000000000
110000000000000000000001110001100000000000000000000000000000000000000000000000000000000001010000011100000000000000000000000000000000000000100000000000000000000000000000000000000001110000100000000000000000000000100000110000000000000000001100
110000100000000000000000110000000000000000000000000000000000010001000000000000000000000011000000100010000000000000000000000000000000000000000000000000000000000000000000000000000000000001100000000000000000000000000001110000000000000000000111
100100100100010000000000000000000000000000000000000000000000010010000000000000000000000001000000010011000000000000011101010000000111000000000000000000000110100000000000001100000001110000100000000000000000000000010001110000000000000000000101
010000001010010000000000000000000000000000000000000000000000001100000000000000000000000010100000010010000000000001001101101000001000100000000000000000101101111000000000010010000001111000000000000000000000000000000000000000000000000000000000
010000000100010000000000001111110000000001000000000000000000000000000000000000000000000011000100000000000000000100001100000000001101010000000000000001110000101100000000010100000010000000000000000000000000000000001110001110000000000000000001
101100000000000000000000010010001000000001000000000000000000000000000000000000000100000011000111001000000000001000010011001101011100010000100000000010000101010100000000001000000110000110000000000000000000000000000000000000000000000000000001
101000000000000000000000010101000000000001000000000000000000000000000000000000000100000000000111010000000000000000110101101010100010000100010000000000000110000000000000000000001100011100000000000000000000000000000000100000000000000000000000
010000000000000000000000110100101000000000000000000000000000000000000000000000000100000000000000101010000000000010100101101010100001110000000011000001101001000000000000000000001000111000000000000000000011000000000000100000000000000000000000
000000000000000000000010100000010000000000001000000000000000000000000000000000000000000000000001101010000000011010100000111100000011000110000100000000000100010011000000000000000000110000000000000000000011000000000000100000000000000000000000
000000000000000000000011000000000000000000010100110000000000000000000000000000000000000000000000000001000000110000011110011000000000100001000000000000000000110011000000000000000100100000000000000000000000011000000000000000000000000000000000
000000000000000000000000000000110000000000010100110000000000000000000000000000000000011000001100001000100000111101000100000000000000100000000001000000000100100011000000000000000011100000000000000000000000011011000000000000000000000000000000
000000000000000000000000000000110000000000001000000000000000000000011000000110000000111000000000000000010000000010000000110000000000000000010001000000000010100000000000000000000000000000000000000000000000000001100000000000000000000000000000
000000000110000000000000000000110000000000000000000000000000000000100100001100000100100100001001011000000000000011101010000000000000000000001100000000000011011000000000000000000000011000000000000000000000000100010000000000000000000000000000
000000000100000000000000000000000010000000000000000000000000000000101000000101100111011100000111001000011001110110000001010000000000000000000000000000000001000100000000000000111000011000000000011000000000000010000000000000000000000000000000
000000000010000000000000000000000111000000000000000000000000000000010000000011000111001100000000000001000111101000100001000000000000000000000000000000010100000000000000000000000000000000000001101000000000000011000000000000000000000000000000
000000000000000000000000000000000100100000000000000000000000000000000000000000000000000000000000110001111110101001000000000000000000000000000000000000100000100010000000000011000000000000000001001000000000000011010000000000000000000000000000
000000000000000000000000000000011000110000000000000000000000000000000000000000000000000000000000000001111100010000000000110000000000000000000000000000100000101100000000000011010000000000000010000010000000000010011000000000000000000000110000
000000000000000000000000000000011000110000111000000000000000000000000000000000000000000000111000000000000000001101010100000000000000000000000000000000010000100000000000000011010000000000000010101000000000000000000000000000000000001110010000
000000000000000000000000000000000000110000000000000000000000000000000000000000000000000000000100000000000000001100010110010000000000000000000000000000001000100000000000000000000000000000000110000000000000000101000000000000000000010011100000
000000000000000000000000000000000000000000000010000000000000000000000000100000000110100000100010011100000000000001000011100000000000001100000000110000001000100000000000000000100000000000000000000110000000000000000000000000000000001011000010
000000000000000000000000000000000000101011000010000000000000000000000001010000001000001001000100000011000000000101000101000000000000010010000001001000000101100000000000000000111000000001000000000000000000001000100000000000000000000100000011
100000000000000000000000000000000000100001000010000000000000000011000000011000011000000000000000000011000000010000000000000000000000010100000001010000100011000000000000001100000000000001000000000000000000000111000000000000000000000000000001
100000000000000000000000000000000001000010000000000000000000000010100000000111000000000000010101000011000000010000001000000000000000001000000000100000110000000000000000001110000010000001000000000000000000000000000000000000000000000000011110
000000000000000011000100000000000000101000111000000000000000010001000101000101000011000000100000111100000000001000000000000000000000000000000000000000000000000000000000000010000101000000000000000000000000000000000000000000000000000000101111
000000000000000011001010000011100000000000000000000000000100010000000100000011000100111100000001000000000000000001000000000000000000000000000000001000000000000000000000000000000001000000000000000000000000000000000000000000000000000001101010
000000000000000000000110000000000000000000000000000000001011000000000100000000000101111000000000000000000000000100001000000000000000000000000000100010000000000000000000110000011110000000000000000000000000000000000000000000000000000001110000
000000000000000000000000000000000000000000000000000000000010100000000010000011000001000000000000000000000000000000110100000000000001100000000001000101000000000000100001010000001000000000000000000000000000000001100000000000000000111000000000
011000000000000000000000000000000000000000000000000000000110100000000000000010001001010000000000010000000000000000100100000001000001100000000000100000000000000011011000100000101100000100000000000000000000000010100000000000000000000001011000
011000000000000000000000000000000000000000000000000000000010100000000000000011100001011000000000111000000000000000111000000001100000000000000000011111000100000001001000000000011000000011000000000000000000000001000000000000000000000001010000
000000110000000000000000000000000000000000000000011000000000110000000000000000000001010000110001100100000000000000000000011110110000000000000000000100011110000001101100000000000000000011000000011100000000000000000000000000000000000001010000
000000110000000000000000000000000000000000000000011000000001100000000000000000000000100001001010011110000001100000000000110000011000000000000000000000100010000001100100000000000000000010000000000000000000000000000000000000000000000000100000
000000000000000000000000000000000000000000001110000000000000000000000000000000000000000001010011101100000001100000000000011001110000001110100100000000100100000000000000000000000000000000000000010010000000000000000000000000000000000000100010
000000000000000000000000110000000000000000011010000000000000000000000000000000000000000000100000100010000000000000000000011001100000010001111000000000011100100100000000010111000000000000000000001110000000000000000000000000000000000010000111
000000000000000000000000010000000000000000110001000000000000000000000000000000000000000000000000110011000000000000000000000001100000100000110000001100000000111100000110001000100100111000000000000000000000000000000000000000000000000001101111
000110000000000000000000010100000000000001000111100000000000000001100000000000000000000010000000110000000000000000000000000000000001000010000000010010000000100110100001101110100010000000000000000000000000000000000000000000000000000001000000
101110000000000000000000001100000000000000101100010000000111001001000000000100000000000101000000011000000000000000000000000000000001000010000000010010000000000001110000100010000010010000000000000000000000000110000000000000000000000000001100
100111000000000000000000000000000000000000111110001000000111100010000000001010000000000101000000000011000000000000000000000001110000110100000000001100000000110000000100100001110100100000000000000000000000000110000000000000000000000000001100
100000000000000000000000000000000000000000001000000000011000111000000000000110000000000010000000001011000000000000000000000000000000000100000000000000000000000000000011100000000000110001100000000000000000000000000000000000000000000000000000
000000000000000000000000000000001100000000000100001100011010010000000000000000000000000000000110111111000000000000001100000000000000000000000000000000000000000000000000000000000000000011000000000000000000000000000000001100000000000000000000
000000000000011000000000001110001100000000000111101000101000100000000000000000000000000000000100000010000000000000010010000000000000000000000000000000000000000000000000000000000000000001010000000000000000000000000000001100000000000000000110
000011000110011000000000000000000000000000000000000000011000000000000000000000000000000000000011010100000000000000001100000000000000000000000000000000000000000000000000000000000000000000110000000000000000000000000000000000000000000000000110
000111000000001100000001000000000000000000000010110000001111000000000000000000000000000000000000110000000000000000000000000000000000000000000000000000000000000000000000000000000000000000000000000000000000000000000000000000000110001000000111
100100000110000000000000100000000000000000000010100000010000100000000000000000000000000000000000000001100000000000000000000000000000000000000000000010000000000000000000000000000000000000000000000000000000000000000000000000000101110100000000
100111000111000000011000110000000000000000000010100000011110100000000000000000000000000000000000000100000100000000000000000000011000000000000000000101000000000000000000000000000000000000000001100000000000000000000000000000000111000010001110
000001111010000000110111011000000000000000000000000001000000100000000000000011000000000000000000000110000010000000000000000000100100000000000000000101000000000101010000000000000000000000000100000000000000000000000000000000000011110010000110
100010001010000000010001011000000000000000000000000011111001000000000000000011000000000000000000000000100010000000000000000000011000000011000000000010000000011100110000000000000000000000001110100000000000000000000000000000000000001101010100
100010000111000000010000000000000100000000000000000111110100000000000000000000000000000010000000000000000110000000000000000000000000110011000000000000000000111000101000000000000000000000001011000000000000000100000000000000000000000101000110
110000000000000000010000000000001010000000000000001100000111000000000000000000000000000101000000000001110000000000000000000000000001000001000000000000000000011100100000000000000000000000000000000000000000001010000000000000000000000011000000
000000000000000000001000010110000110000000000000000100000000000001100000000000000000000101000000000001111000000000000000001000000010000000110000000000000000000100101000000000000000000000000000000000100000010001000000000000000011000101111000
011100000000000000001000110110000000000000000000000000000000000010010000000000000000000010000000000001010100000000000000100010000010000001010000000000000000110001101000000000000000000000000000000010001000100010000000000000000011000111100000
000000000000000000000110000000000000000000000000000000000000000001010000000000011100000000000000000000111011000000000000100010000010000010010000000000000001000000010000000000000000000000000000000100001000111100000000000000000000001101100000
000000000000000000000000000000000000000000000000000000000000000000100000000000000000000000000000000000010010110000000001000010000001000100000000000000000001000100000000000000000000000000000000000100000000010000000000111000000000011000000000
000000000000011000000000000000000000000000000000000000000000000000000000000000000000000000000000010000000110100000000001001000000000111000000000000000000000000000000000110000000000000000000000000100000000000000000000011000000000110001000000
000000000000011000000000000000000000000001000000000000000000000000000000000000000000000000000000101000000001100000000001000000000000000000000000000000000000000010000001010000000000000000000000000110000000000011100000000000000000011110000000
000000000000000100000000000000000000000011100000000000100000110000000000000000000000000000000001001000000000000000010001001000000000000000000000000000000001100001000000010000000000000000000000000010110000000010100000000000000000001110000000
000000000000111011000000000000000000000101011000000011000001001000000000000000000000000000000001001000000000000000111100000000000000000000000000000000000011000010000100000000000000000000000000000001000000000100100000000010000000000000000000
000000000001110101000000000000000000000001000100101111100001000000000000000000000000000000000000001000000000000001000000000000000000000000000000000000000111100010000100100000000000000000001100000000000000000001000000000100100000000000000000
000000000001110001000000000000000000010011000111110110000111000000000000000000000000000000000001000000000100000000110000000000001110000000000000000000000110000000000000000000000000000000001100000000000010000111000000001000100000000000000000
000000000000001110000000000000000000100000000111100100000101011000000000000000000000000000000001000100001011000000011100000000001110000000000000000000000100000000000000000000000000111000000001100000000000000000000000001011110000000000000000
000000000000001110000000000000000000100000000000001000000110101000000000000000000000000000000000000000101011000000000001110000000000000000000000000000000100000010000001100000000001101100000010010000000010000000000000001100011000000000000000
000000000100000000000000000000000001100010110000110000001000001000000000000000000000000000000010011101000001000000000001000000011011000000000000000000000000000010000010010000000010110000000001100000000110000000000000000111110000000000000000
000000001100000000000000000000000000101010000000100000001100001000000000010000000000000000000100010000110000000000000011001101101011000000000000000000000001000010000010010001000101000000000000000000000110011000000000000011100000000000000000
000000011110000000000000000000000000010011000000000000000000010000000000101000000000000000000100100000000110000000101001001011000100000111000000000000000000010000000001100011001111000000000000000000000000010100000000000001000000000000000000
000000011000000000001000000000000000000011000000000000000000100000000000100000000000000000000100100000000000000000110010111011000000001000100000000000000000000000000000000110111110000000000000000000000000000110000000000000000000000000000000
000000001000000000011100000000000000000000000000000000000000000000000000000000000000111000000000000000000000000000111000001100000000000000000000000000000000000000000000000011111000000000000000000000000000010100000000000001100000000000000000
110000010000000000011100000000000000000000000000000100000000000000000000010011111110011000000111000000000000000000000000011000000000001111110000000000000000100100000000000001000000110000100000000000000000011000000000010111010000000000000000
110001100100000000001101000000110000000100000000001011000000000000000000000000000001110000000111000000000100000000000100010000000000000000000000000000000000011100000000000000000000001000110000000000000000000000000000100010100000000000000000
000000100010001001000100100000011000001010000000000011000000000000000000001111000000100000000001000000001110000000011010000000000100000001100000000000000000000000000000000000000000001000111000000000000000000000000000100000000000000000000000
000000100100001000000111000000000000010001000000000111000001100000000001111101010101100000000011000000000000000000000001000000001010000010010000000000000000000000000000000000000000000100001100000000000000000000000000011000000000000000000000
000000011100010000110000000000000000100111000000100000000001100000000001110000000000100000000000000000000110001000010000000000000110000001001000000000000000000000010000011000000010000000111000000000000000000000000000000000001000000000000000
000000000000011010110000000000000001110001110001010000000000000000000001100000000000000000000000000000001110001000000001000000000000011000010000000000000000000001101100100000000010000100110000000000000000000000000000000000001000111000000000
000000000000011010111000000000000000101000110000000000000000000000000000000000000100000000000000000000000100000000001101100000000000011000000000000000000000000000010000000000000001111000100000000000000000011100010000000000101100101000000000
000000000000000001001100000000000000101000000011010000000000000000000000000111000010001000000000000000000000000000001001000000000000000000000000000000000000000000000000000000000000000000000000000001100000000000111000000000001000110000000000
000000000001000000000110000000000000011000010000100000000000001000000000000000000101010010000000000000000111100000000110000000000000000000000000000000000000000000000000000000000000000000000000000010010000000001111100110000010000000000000000
000000000001000000011100000000000000000000011011000000000000111100000000000000000101011011100000000000000000000000000000000000000000000000000000000000000000000000000100011000000000000000100000000001100000000000000000110000000000000000000000
001100000010000000010100000000000000000000100010110000000000100010000000000000000011101110000000010000000001010000000000000000000000000000000000000001110000000000011101100000000110000001010000000000000001001000000000000000000000000000000000
010010000000000000011100000000000000000000101101110000000001111100000000000000000010000100001000001100000001100000000000000000000000000000000000000000000000000000100000100001001010000001010000000000000001000100000000000000000000000010100000
010100000000000000010010000000000000000000101001100000000000010000000000000000000001000100010100000101100000100000000000000000000000000000000000000000000000000000100100100001000100000000100000000000000010000010000000000000000000000011011000
001000000000000000001000000000000000000000001000000000001110000000001110000000000001001000011000000110010000000000000000000000000101100000000000110000000000000000011001100010000001000000000000000000000001000010000000000000000000000000001000
000000000000000000001110000000000000000000000010000000001100011000000000000000000001110000000000000000100000000000000000000000001101100000000001001000000000011100000000010100000100000000000000000000000001000000000000000000000000000001001000
000000110000000000000000000000011000000000000000001100000000111000000000000000000000000000000000000001101100000000000000000000001000000000000000000100000001101010001000000100000111000000000000000000000000100010000000000000000000001001001000
000000110000000000000000000000000000000000100000010000000000110000000000000000000000000000000000000000000100000000000000000000000000000000000010010100000010100010011000000000000010000000000000000000000000001110000000000000000000010001000000
000000000000000000000000000001001000000000100000001000100010100000000000000000000000000000000000000000000000000000000000000000000000000000110110001000000010001010110100000000000010000000000000000000000000000010000000000000000000001001011110
000000000000000000000000000001000011100000100000001010100101100000000000000000000000000000000010000000110000000000000000000011000000000000011010000000000010100010100100000000100001100000000000000000000000000000000000000110000000001110001111
100010000100000000000000000010010000000000000000000100001110111000000000000000000000000000001100010110010010000000000000000011000000000000001100000000000001000100100010000001010000100000000000001000000110000000000011000110000000001001000111
010011001000000000000000000001110001010000000000000000000100011000000100000000000000000000001100011111101011100000000000000000000000000000000000000000000000000100100010000000000000000000000000010001111010000000000010100000000000000111010101
000001110000000000000000000001100001001000000000000000000000100010001010000000000000000000001111100001101111100000000000000000000000000000000000000000000000000000110011000000000000000000000000001000001000000000000000100000000001000110101010
001000000000000000000000000000000000110000110000000000000000100001100000000000000000000000000101101000011100000000000001100000000000111000000000001000000000100100111100000000000000000000000000001000101100000000000000000000000001000001011110
000000000000000000000000000000000000001000110000000000000011100001100101010110000110000000000011000001010000000000000011111000000000100000000000011000110000000001110000000001000010000000000000000100110000000110000000100000000110000001110010
111000000000001000000000000000000000011000000000000000000001110000000011010000100001000000000000001000010110000000000110111000000000110000000000000000000000100011000000000001100010000000000000000000001100001001000000011000001010000000010001
001000000000100100000000000000000000011000000000000000000000000000110000110000010010000000000000001000101110000000001110000100000000001010000000010101100110010110000000000010000001000110110000000011001000000110000001001000001001000000110000
000000000000100010000000000000000000000000000000000000000100000010000000010001000100000000000000001000101100000000000000001000000000000001100000011001000000001000000000000001110000000110101000000000000000000000000000110000001010000000010000
000000111001000010000000000000000000110000000000000000000100000000100111001000000100000000100000000100110000000000000000011000000000000010000000001110101010000100000000000000111010001000101000000000000000000000000000000000000000000000000000
000000101001010001000000000000000000100100000000000000000000000001000111001000110000000001110000000011000000000000000110000000000001000000000000000101100010001010000000000000000110000110101000000000000000000000000000000000000000000000000000
000000100011010000100000000000000000001110000000000000001100111101100111000100100000000001010000000000000000000000000111011011000011100000000000000010100000011010000000000000000110000110110000000000000000000000000000000000000000000000010000
000000000000000000100000000000000000000001000000000000001100000000000100000000000000000000000000000000000000000000000011111110111000010000000000000011100011010100000000000000000000000000000000000000100000000000000000000000000001011110101100
000000000011001000110000000110000000001100100000000000000000000011000000000000000000000000000000000000000000000000000000011110001100011000000000000001100000011000000000100000000000000000000000000001110000000000000000100000001100001110000100
011100001100001100111000000110000000000100010000000000000000000100100000000000000000000000111000000000000000000000000000011000010101110000000000000001100011010000000001010000000000000000000000000010000100000000000001010000000001010110100000
000010110000000101111000000000000000000010010000000000000000000000100000000000000010000000111000000000000000000000000000011000000111100000000000000000010011000011000010001000000000000000000000000001000010000000000000100000001000100000111101
110010100000000011011001100000000000000000110000000000000000000100010000000000000010000000110001100000000000000000000000000101000011000000000000000000000111000010000010010000000000000000000000000000000010000000000000000000000110000000000010
111000011100000001010111100000000000000000000000000000000000000000010011000000000010000100110110110000000000000000000000000000000000000000000000000000000100000000000010010000000000000000000000000000110110000000000000000000000000000000000001
000000000000000000010100011000011000000000000000000000000000000010100011000000100000000011100110100000000000000000000000000000010000000000000000000000000000000000000010100000000000000000100000000000011000000000000000000000000000000000000000
000000000000000000000100000010000000000000000000000000000001100110000000000001010000000001000110100010000010110000000000000000010000000000100000000000000000000000000001000000000001100011000000000000000000000000000000000000000000000010000000
000000000000000000001100000010011100000000000000000000000000001100000000000011010000000000000001001010000011000011100000000000010000001011010000000000000000011101000011000000000010110001100000000000000000000000000011000000000000000001100000
000000000000000000000000001010011100000000000000000000001001001000000000000010000000010000000000011100000000010011100000000000000001110101100000000000000000011000000000100000000000011000000000000000000000000000000010000000000000000011000000
000000001000110000000000000000000000000000000000000000010100111000000000000001010000101000000000000000000011000100100000000111000110110010000000000000000000111000000100100000000000000000000000000000000000000000000010000000000000000000000000
000000010001010000000000001000000000000000000000000000001000000000000000000000100001101000000000000100000000111011000000000000000001110000000000000110000000000000001011000000000000101000000000000000000000000000000000000000000000000000000000
000000010100010000000001010000000000000000000000000000000000000000000000000000000010000000000001110100000000101000000000000000010000000000000000000110000000000010000000000000000000111000000000000000000000000000000000000000000000000011000000
000000001110100000000001100000010000000000000000000000000000000000000000000000000111000000000001100000000001000110000000000000010000000000000000000000000110000000000000000000000000001000000000000000000000000000000000000000000000000011000000
000000000001000011100000000110000001000000000000000000000000000000000000000000001000000000000000000000000001000000000000000000010000000001010000000000000000000000000000000000000000000000000000000000000000000000000000000000000000000000000000
000110000000000010001000001001010001100000000000000000000000000000000000000000000000110000000011000001000000000000000000000000000000000010000000000000000011100000000000000000000000000000000000000000000000000000000000000000000000000000000000
000111000000000000001000000110000000000000000000000000000000000000000000000000000000110000000101001011000000000000000000000000000000000000001000110000000011110000000000000000000010000000000000000000000000000000000000000000000000000000000000
001000000000000001000000000010000000000000000000000110000000000000000000000000001111000000000111011010000000000010000000000100000000000001000000110000110101111100000000000000000110000000000000000000000000000000000000000000000000000000000000
000000110000000000000000000010000000000000000000000111000000000000000000000000000000000000001100110000000000000101000000011010000000000100101000000000110100011100000000000000001000000000000000000000000000000001000000000000000000000000000000
000000101110000001110001111111110000000000000000000001101000000000000000000001100000000000011000100000000000000000000000011001011000011100011000100000100100001001000000000000001100000000001000000000110000000010000000000000000000000000000000
000001000001000000000001000001101100000000000000000001001000000000000000110100010000000000111000000000000000001101100011000000100100100001000000100000101000000100000000000000000101000000010100000000110000000000000000000000000000000000000000
000000100100100000000001000000000100000000000000000000100000000000000000100100100000000000010000000000000000000001000010000000011001000110000001100000110000001000100000000000000000000000100010000000000000000010010010100000000000000000000000
000000100101100000000000100010010000000000000000000000000000000000000000100011000000000000001000000000000000001001111110000000000000100110100001000001010000000000000000000000000000000000100010000000000000000000000110011000000000000000000000
000001100001000000000000010000100000000000000000000000000000000000000000011000001000000000000011000000000000011010011000000000000000010010000010100001110000000011000000000000000000000001000110000000000000000001100101101100000000111000000000
000010000000000000000000000000000000000000000000000000000000000000000000000000111000000000000011010000000001101100000000000000001110011100000000000000100000000000000000000000000000000000100100000000000000000001100111011100000000100000000000
000010000000100000000000000000000000000000000000000000000000000000000000000000000000000000000101011000000110010000000000000000000110011000000000000000011100000000000000000000000000000000001000000000000110000000000010110110000000001000000111
000011000000000000000000000000000000000000000000000000000000000000000000000000111000100000000100010000001101010000000000000000110000000100000000000000010000000101101100000011100000000000010000000000000001000000000001011100000010010011000000
000000100000111000000000000000000000000000000000000000000000000000000000000000000000000000000111100000001100010010000000000000010111100000000001111110000100000100101100000010100000000101110000110000001010000000000000010000000011100000110000
000000010000000100000000000000000000000000000000000000000000011000010000000000000010000000000001000000001100000110000000000000001111100010000001001001000100000110001010000101000000000110100000100101111100000000000000000000000000110000110000
000000000110100000000000000000000000000000010001110000001110111000111000000000000000000000000000000000001100000000000000000000000000001010000001100010000000000001100000001100000000000011100000011111011010111100000000000000000000110000010000
000000000000011100000000000000000000000000101001001000010011000001111100000000000000000000000000000001011001001010000010000000000000000000000000010010000000000000000110000000000000000000000000001100000110101110000000000000000000010000010000
000000000000000000000000000000000000000000101001010000001000000010100110000000000000000000000000000001010000000110000101000000000000000000000000011100000000000000001010001101000000000000000000000000000000111010000000000000000110001000001000
000000000000000000000000000000000000000000010000100000000111000001100000000000000001000000000000000010110000000000000100100110000000000000000000000000000000000000001010000000000000000000000000000010001001000100000000000000000000000001010000
000000001100000000000000000000000000000000000001000000000010000000110100000000000000000000000000000111000000000000000011000110000000000000000000000000000000000000000100000000000000000000000010000001011010010100000000000000000100100000000000
000000000000000000000000000000000000000000010000110000000000000000001010000000000000000000000000000000000100000000000000000000000000000000000000000010000000000000000000000000000000000000000010000000000100000000000000000000000000010000000000
000000100100000000000000000000000000000000111010100000000000000000000111000000000000000100000011000001101000000000000000000000000000000000000000000101000000000000000000000000000000000000000010000000000000000000000000000000000010100000000000
000000111000000000000000000000000000000000100010100000000000000000000011000000000000001110000100000001001100000000000000000010000010000000000000000110100000001100010000000000001100000000000000000000000000000000000000000010000001000000000000
100000000001110000000000000000000000000000110110100000000000000000000000100000000000010000111011000000000010000000000000001011000101000000000000000011100000001100011100000000001100000000000000000000000000000000110000001101100000000000000011
000000000010000000000000000000000000000001100000110000000000000000000000110110000000100100010000000100001100000000000000001110000000000000000000000000000000000110000000000000000000000000000000000000000000000000101000001101000000000000000000
001000001100000000000000000000000000000000110000110000000000000000000001111001000011101100100000000100111011000000000000000000000011000000000100000000000000000011000000000000000000000000001000000000000000000000010000000001011000000000001000
001000001000010000000000000000000000010000000000000000010000000000000000001000011000010100010000001001110001010000000000000000011010000000000100000000000000000001000000000000000000000000010110000000001100000000000000010100011000000000001000
001000000111000000000000000000000000111000001010000001101000000000000000001000001000111000100000110000000010000000000000000000010110000000001010000000010000000000000000000000000000000001110000000010010100000000001000010100011000000000001000
000000000000000000000000000000000000010000000100000000000100000000000000000100100111110000000011111000000001010000000100000000110101000000001110000000010000000000000000000000000000000010100000000100110100000000110110000000100000000000000000
100000000000000000000000000000000000110000000000000000011000000000000000000000000000000000011111100000000000100000000100000000010100000100100001000000000000000000000000000000000000100001000000000100011000000000000000000000000000001000000011
000000000000000000000000000000000000010000000011000000000000000000000000000000000000000000011100000000000011000000000100000000001110001100100001111000000000000000000000000000000001010000000000000100100000000000100010000000000000001100000000
000000011000000000000000000000000100110000000011000000000000000000000000000000000000000000000000000000000010100000000000000000000000000101000111001000000000000000000000000000000010010000000000000010000110000000011100000000000000000100000000
000000100100000001100000000000001000001000000000000011000000000000000000000000000000000000000000000000000000000000000000000000000000001011111110001000000000000000000000000000110001100000000000000000101000000000000000000000011000000000000000
000000011000000010100000000000011011100100000000000011000000000000000000000000000000000000000000000000000001100000000000000000000000001101100000000000010000000000000000000000110000000000000000000000100001000000000001110000001101111000000000
000000000000000011000000000000011010001000000000000100100000000000000001100001000000000000000000000000000010000000000000000010010000001010000010100000010000000000001100000000000000000000000000000000011010000000000010001000000000100011111000
000001000000000000000000000000001010000000000000000010000110000000000010010010100000000000000000000000000000000100000000000000001000000110000000000000000000000000001100000000000000001000000000000000001000000000000011011000100100100111111100
000011100000000000000000000000000100000000000000000010000110000000000010100001100000000000000000000000000000001110000000000000001000000110000000000000000000000000000000000000000000001000000000000000000100000000000000000000110000010111000010
000010110000000000000000000000000000000000000000000000001010000000000001000000000000000000000000000000000000001110000000000000110000000000000000000000001100000000000000000000000000000000000000000000000000000000000000000000000000010100010000
000000011000000000000000000000000000000000000000000000001110000001000000000000000000000000000000000000011000000000000000010011000000000000000000000000011010000000000000000000000000000000000000000000000000000000000000000001100000001100000010
100010110000000000000000000000011011100000011000000000001100010000000000000000000000000000000000000000011000000000000000000011000000000000000000000000011010000000000000101000000000001000000000000000000000000000001000000001100000000101000001
010011100000000000000000000000110011100000100000000000000001010110000000000000000000000000000000110000000100000000000000000011100000000000000000000000011100000000000001000000011000010100000000000000000000000000110000000011100000000001000010
010001000000000000000000000000001010000010100010111000000000010100000000000000000000000000000001001000000000000000001100000011000000000000000000000000010000000000000010000101100100000100000000001110000000000001111000000100000000000000101001
011000000000011000000000000000000000001000110000110100000000000000000000000000000000000000000000110000111000000000000000001101000000000000000000000000010100000000000010000111101110001000000000010010000000000110010000000100000000000000010011
010000000000010100000000000000000000111000100100010100000000000000000000001100000000110000000000000000110000000000000000010010000000000000000000000000010100000000000010000000001100000000000000010010000000000011000110000000000000000000000001
100000000000001000000000000000000000100000100110110000001000000000000000001100000001001000000000000000000000000000000000010010000000000000000000000000000000000000000000001000000000000000000000000000000000000010000110000000000000000000000011
000000000000110000000000000000000001001010100110110100010100000000000000000000000010010000000000000110000000000000000000001000000000000000000001100000000000000000000000101000000000000110000000110000000000000100000000000000000000000000110110
000000000001011000000000000000000000110011000110010100100100000000000000000000000010001000000000000001000000000100000000000000000000000000000010010000000000000000000000111000000000000110000000100000000000000100000000000000000000000000100010
000000000000000100000000000000000000000011100110001000100000000000000000000000000010001000000000000000100000001110000000000000000000000000000001100000000000000001110000010011000000000000000000000000000000001010000000000000000000000000011100
001000000000100010000000000000000000000011100111000000000000000000000000000000000001000100000000001101011000100011000000000000000000000000000000000000000000000001000000000000000000000000000000000000000000000100000000000000000000000000001000
011100000001100000000000001100000000000000000011000000000110000000000000000000000000101000000000000101000100100101100000000000000000000000000000000010000000000000100000011010000000000000000000000000000110001000000001000000000000000000000000
000010000001101000000000001000000000000100100001000000010000000000000000000000000000000000000111000011000000000101110000000000000000000000000000000101000000000000000000010000000000000000000000000000001001000000000010100000000000000011000000
010110000001101100000111101100000000000000100000100000010010000000000000000001000000000000000000000001101100000000100000000000000000000000000000000101000000000000000000110000000000000000000000000000001101000000000010100000000000000011000001
010011000001101100001000111000000000000010000100110000010010000000000000000010100000000000000111000000000000010000100000000000000000000000000000000010000000000000000001110001100000000000000000000000000010100000000001000000000000000000000010
000000000000101000010001000000000000000011001010111000000110000000000000000010100000000000000101000000000000010000100000000000000110000000000000000000000000000000000001000110000000000000000000000000000000110000000000000000000000000000000000
100000000000010000000000000000000000000001100100110000000010000000000000000001000000000000000010100000000000000010110111000000011101101100000000000000000000000000000001000110000000000000000000000000000000011000110000000110000000000000000000
000010100000000000001000000000000000000000100000100000011111000000000000000000000000000000000011100000000000001001111011100000010001100010000011100000110000000000000001000100000000000000000001100000000000011001001000001001000000000000000000
001101000000000000000000000000000000000000011111000000001100011100000000000000000110000000000001000000000000001110010100000000001000001100000010010000110000000000000000010000001100000000000001100000001000011100110000000110000000000000000110
001100100000000000011000000000000000000000001110000000000000010010000000000000001001000000000000000000011000000110110011100000000000001100000011010000000000000000000000000000010010000000000000000000000110010000000000000000000000000000000000
001110100000000000001010000000000000000000000100000000000000000110000000000000000110000000000001100000111010100010000000100000000111000000000000100000000000000000000000000000001100000000000000000001100111000000000001000000000000000000000000
000010011000000000000010000001100000000000000000000000011000100000010000000001100000000000000001100000111101100010100110110000000011000000000000000000000000000000000000000000000000000000000000000110110000000000000010100000000000000000000000
000011000100000000000000001010110000000000000000000000111000100000111000000001100000000000000001100000000000000010000000100000000000000000011000000000000000000000000000000000000000000000000000000110111110000000000010100000000000001110100000
000000000100000000000000010000000000000000000010000000111110001011011000110000000000000000000000000000001101000100100110010010000000000000011000000000000000000000000000000000000000000000000000000110000001000000000001000000000000000001001000
000011011100000000000000100001000000000000001111000000000100110000111000001000000000011000000000000000001111001101000000001100000000000000000000000000000000000000000000000000000000000000000000000001111010000000000000000000000000000001001000
000001110000000110000000010010000000000000001000100000000010100000000000000110000000100100000000000000000001000000000000001100000000000000000000000000000000000000001100010100000000000000000000000000101100000000000000000000000000000000010000
000000000000001001000000010100000000000000010111000000111000000000000000000110000000011000000000000001111111001000000000000011000000000000000000000000000000000000001110000010000000000000000000000000000000000110000000000000000000000000000000
000000000000000101000000001000000000000000000110000001011000000000000000000000000000000000000000000001110010000000000000000000100000100000000000000000000000000000000000010100000000000000000000000000000000011010000000000001100000000000000000
000000000000000010000000011100000000000001110000000001000000000000000000000000000000000000000000000001100000000000000000010100010001010000000000000000000000000000000000001000000000000000000000000000000100111100000000000010011011000000000000
000000010000000000000000111000000000000000000110000010000000000000000000000000000000000000000000000000000000000000000000100000110001010000000000000000000000001100000000000000000000000000000101000000001011100100011100000001110100100000000000
000000101000000000000000000000000000000000001010000100010110000000000000000000000011110000000000000000000000000000000000010110100000100000000000000000000000010010000000000000000000000000001000100110001010000100010010000001111000010000000000
000000001000000000000000110000000000000000001010000011000010000000000000000000000100000000000000000000000000000000000000000000000000000000000000000000000000001100000000000000000000000010001001100110000100010110110000000000111100010000000010
000010110000000000000000010000000000000000000100000000110000000000000000000000001000010000000011000000000000000000000000000100000000000000000000000000000000000000000000110000000000000101001101010000000000010001100000000000011111011000000111
101011000011000000000000000000000000000000000000000000000100000100000000000000000101100000000011000000000000000000000000000110000000000000000000000000000000000000000001001000000000000010001101100000000000011000000000000000001100110000001111
100000000011000000000000000000000000000000000001100000010000010010000000000000000010000000000000000000000000000000000000000001000000000000000000110100000000000001100001001000000000000000001001111000000001010000000001110000000000000000011000
110110100011000000000000000000000000000000000001100000000100001100000000000000000000000000000000000001110000000000000000000000000000000000001100101100000000000001100000110000000000000000000100101000000000000011001101100000000000000000111000
110100000000001100000000000000000000000000000000011000010010001000000011000000000010000000000000000001001000000000000000000000000000000000110000101001110000000000001110000000000000000000000001000010110000010011000000000000000000000000011000
100010110000000110000000000000000000000000000000000110011100000000001101100000000101000000011000000100001000000000000000000000000000000000100000000010100000000000001110000000000000000000000001011111100001010000000000000000011000000000001111
000000000000001000000000000000000000000000000000001101010100000010001100001000000101000000100100000101101100000000000000011000000000000000011111000010010000001101111001000000000000000000000000001100001001000000000000000000011000000000000111
000000000000000000000000000000000000000111000000001000011000000101000011001100000010000000010110000100101100000000000000101000000000000000010000001100000000001100000011000000000000000000000001101101100100100000000000000000000000000000000010
000000000000000000001110000000000000000000000000011000011000000100000001100100000000000000010010000011110000000100000000110000000000000000001110000000001000010000001100000000000000000000000010111100000000000000000000000000000000000000000000
000000000000001000001100000000000000000000000011001100000000000010010000011100000000000000010000000011100000001100000011000000000000000000010000100000010000011100001000000000000000000000000011101101100010000000000000000000000000000000000000
000000000000011000000001000000000000000000000001001000000000000000010000000000000000000000001010000000000000011000000101000001100000000000011101100000100000001000000000000000000000000000000010000010011001000000000000000000000000000000000000
000000000000101000111110000000000000000000000000011100000000000000110000000000000000000000000100000000000100110000000110000010100000000000010111000000111000010111100000000001100000000000000000000000000110100000000000000000000000000000000000
000000000000101000000010000000000000000000000000000000000000000000000000000000000000000000000000000000000011100100110000000011000011100000000010000000000000010010100000000010010000000000000000000000000011000000000000000000000000000000000000
000000000000011000110010000000000000000000000000000000000000000000000000000000000000000000000000000000000110010011010000001100000100010000001010000000000000000001000000000001100000000000000000000000000000000000000000000000000000000010000000
011000000000001000110000000000000000000000000000000000000000000001110000000000000001110000000000000000000000100110001000010100000100010000001100000000000000011001000000000000000000000001110000000000000000000000000000000000000000000010000000
011000000000000000100000000010000000000000000000001100000000000001000000000000000010001000001110000000000000000110010000011000000100010001010000000000000000000000110000000000000000000100010000000000000000000000000000000000000000000101000000
000000000000011010000000001010000000000000000000000110000000000001001000000000000010001000000000000000000000010001100000000000000011100010010000000000000000000000000000000000000000001000100000000001100000000000000000000000000000000010000000
000000000000101010000011011010000111000000000011010100000000000000111000000000001101110110000000000000000000001100000000000000000000000011100000000000000000000000111000000000000000001001000000010001100000000001111000000000000000000010000000
000000000001100110000111101000000000000000000001100010000000000000010000000000010100000101000000000000000000011100000000000000000000000000000000000000000000110000111101000100000000011010000000010000000000000001000000001100000000111000100000
000000000010011100001000111000000000000000000000111010000000000000000000000000010000000001000000000000000000001100000000000000000000000000000000000000000000111001110001110000000000100000000000010000000000000000010100001010000000111001011000
000000000010100100100100101000000000000000000000001011000000000000000000000000011010001011000000000000000000000111010000000000000000000000000000000000000001001000111101000000000001100000000000000000000000000000110010000100000001001011000100
000000000011100000000000110000000000000000000000000000000000000000000000000000000110001100000000000000000000000110010000000010000000000000000000000000000000110000000010111000000011000000000000000000000000000001100001000000000001000001000100
000000000000000010011011000000000000000000000000000000000000000000000000000000000000000000000000000000010000000111110000000010000000000000000000000110000000000000000001001000000001100000000000000000000000000110100000110000000000100000000100
000000000000000000110101000000000000000000000000000000000000000000001110000000000000000000000000000000000000000001011000000001000000000000000000001001000010000000011101110000000000000000000000000000000000000110000000110000000000000000101000
000000000110000000000000000000000000000000000000000000000000000000010000000000000000000000000000000001000011000000100100000001100000000000001000011111000111000000011000000000000000000000000000000000000000001110000000000100000000000000000000
110000000001001100001110000000000000000000000000000000001100000000100010000000100000000000000000000000000000000001000010000001010000101000001000011111001111100000000000000000000000000000000000000000000001011110001101011100000000000000000001
011000001000100100000000000000000000000000000000000000010100000000100000000000100000000000000000000000000000000001000010000001010001100000110000110110011000110000000000000000000000000000000000000000000001010000001100001000000000000000000001
000100001000001000000000000000000000000000000000000000001000000000100100000000000000000000000000000000011100000001000001000000100000101100110100110110111000111000000000000000000000000000000000000000000001001010000000000000000001000000000000
111000001100001000000000000000000000000000000000000000000000000000011000000000000000000000000000000000011100000000110001000000000010110000010001101100011000110000000000000000000000111000000000000000000000010100000100010000101010110000001111
010000000100010000000000000000000000000000000000000000000000000000000000000000010000000000000000001100011000000000000000100000010001000000000100100000001111100000000000000011000000101000000000000000000000000110000000011011001000110000011111
100000000000000000000000000000000000000000000000000000000000000000001000000100010000000000000000011011101100000101110000000000010000000000000011000000000111000001100000000100100000011000000000001100000000000000000011001001010011000000010000
100000000000000000000000000000000000000000000000000000000000000000010100001100000000000000000000010000111000001010101010000000010000000000000000000000000010000001010000000011000000000000000000001100010000010010000000110000111110000000101100
100000000000000000000000000000111000000000000000000000000001100000001100001101101000000000000000000010011100011100001011000000000000000000000011100000000000000000010000000000000000000000000000000000101000100010000000000000000100000000010100
000000000000000000000000000000000000000000000000000000000001100000000000001000111000000000000000100000001010010000000000000000000000000000000101100000000000000001011000000010000000000000000000000000011000000100001000000000001100010100110001
000000000000000011000000000000000000000000110000000000000000000000000000000100001000000000000000100110010011101000100000000000110000000000000011000000000000000001001000000111000000000000000000000000000000111000001100000000001000000100000000
000000000000000100100000000000000000000000110000000000000000000000000000000100010000000000000000011110111000111001000000010000110000000000000000000000100000000001100000001111100000000000000000000000000000000000000010000000000000011100010000
000000000000000011000000000000000010000000000000000011000000011100000000000010000000000000000000000000100010011000001010100000000000000001100000000001110000000011100000011000110000000000000000000000000000000000011001000000000000000000011000
000000000000000000000000000000000101000000000000000111000000100101100000000001110000000000010000000000000011000010001010010000000001100001100000000010110000000000100000111000111000000000000000000000000000000000011110000000000000000000011000
000000000000000000000000000000000110000000000000000100110001001001100000000000000000000000101000000000001001000010001111001000000011100001000010000011000000000011000000011000110000000000000000000000000000110000000010000000000000000000000000
000000000000000000110000000000000000000000000000001111110001000010000000000000001100000000110000000000000100000000000000110110000011110000000010000000000001000010000001111111100000000000000000000000000001001001100010000000000000000000000000
000000000000000001001000000000000000000000000000001000000010010011100000000000010010000000000000000000000000010000000000100110000000000000100010000000000011000000000001101111000000000110000000110000000000110000000001000000000000000000000010
000000000000000000110000000000000000000000000000011100000001100011100000000000001100000000000000000000000000000100100101100110000000011000001000000000000000100000000000011010000000001001000000111000000000000001010000000011000000000000000101
000100000000000000000000000000000000000000000000011100000000000000000000000000000000000000000111000000000000100011110100001000000000000000000000000000110010000000000000010000000000000110000011001100000000000000111010000100100010100000000101
001010000000000000000000000000000000000000000000011100011000000000001000001000000000000000001001100000000000010010111010110000000110000000000000000000100000010000000000000000000000000000000011100110000000000000000110000011000010110000000010
000100000000000000000000000000000000000000000000011100101000000000100101101011000000000000010001110000010000000010100000100000000000000000000000000010000110100000000000000000000000000000000011100100000000011100000111000000000010010000000000
000000000000000000001000000011000000000000000000000000101000000000100101000001000000000000010010101000001000010010011110000000000000000000000000000010100010000000000000000000000010000000000001111000000000101110000110000000000001000000000000
000000000000000011010100000011000000000000000000000111000000000000001100001011000000000000001001011000011000001100001000000000000010011000000000101101100000000000000000011100000101000000000000100000000010100001000000000000000000010000000000
000000110000000101010100000000000000000000000000000011000000000111000001101100000000000000000100010000010000000000000000000000000000100000000000100000100000000000100000010010000101000000000001000000000010000101011000000000100110110000000000
000000110000001101011000000000000000000000000000000010000000000101000000111000000000000001000000000000000000000000000000000000000000000001110000000011000000000000110000000001000010000000000000001000000000000110011000001110011111000000000000
000000000000010000000000001000000001110000000000000000000000000001000000000000000000000001000000000001000000000000000000000000000000000010010000000001000000000000001000001101000000000000110000111011000000000011011000010000011101000000000000
000000000000001100000000010100000010110000000000000000000000010010000000000000000000000001000110000000110000000110000000000000000000000011100000000000000000000000110000001101000000000000100000000100000000000000000001100101100000000000000000