101101100000001100000000110101000010000000000000000000000000001110000001000000000000000000000110001101110000001001100000000000000000000000100000011000000000000000110001100000000000000000000100001100000000000000000010000101010000000000000000
000000010000000000000001110100100001000000000000000000000000001000000010100000000000000000000000010011000000000100010000000100000000000101000000011000000000000000000001000100000000000000001100000000000000000000000000011110000000000000000001
000011100000000000000000010001000001000000000000000000000000000000000010010000000000000000000000010010000000000001011100001000000000001001100000000000000000000000000000110101000000000000000000000000000000000000000011000000000000001100000001
000011000000000000001011101110000011000110000000000000000000010000000001100000000000000000000000001100000000000110000010011100000000001000100000000000000000000000000000011100000000000000000000000000000000000000000000000000000000010010000001
101000000000000000001011011000000100100100000000000000000000011000000000000000000000000000000000000000000000001100100000011010000000000110100000000000000000000000011000011011011000000000000000000000000000000000000000000000000000001010000000
011100000000000000000110000000000010111000000001111000000100100001110000000000000000000000000100000000000000000111000000000110000000000001100000000000000001100000011000011011000100000000000000000000000000000000000001000000110000000100000000
000110000000000000000011100000000010011000000011000111101100111110010000000000000001100000111100000000000000000010000100000110000000000000000000000000000001100000000000100011110100000000000000000000000000000000000010000111001000000000000000
011111100000000000000000100000000000011000010101000001000001111110110000000000000010010001111010000000000000000000110000001110000000000000000000000000000000000000000000101100001000000000000000000000000000000000000001000111110000000000000110
111000010000000000000000000000000000110000011001011111000011000100000000000000000010100010000000001000000000000000000001011000000000000000000000000000000000000000000000011000000001100000000000000000000000000000000000000110000000000000000000
100011001000000000000000000000000000000000000000110000000100001001000000000000000001000011001100011100000000000000000001110000000000000000000000000000000000000000000000000000000010010000010100000000000000000000000000000000000000000000001000
000011010000000000000000100000000000000000000000000000000000001001000000000000000000000000101000110111000000000000000001110000000000000000000000000000000000000000000000000000000001110001001000000000000000000000000000000000000000000000001100
000000011000000000000000100000000000000000000000000000000000000000000000000000000000000001110001100000000000000000001000100000000111000000000000000000000100000000000000000000000001010010000000000000000000000000000000000000000000000000001100
001100001100010000000000000011000000000000000000000000000000000110000000000000000000000010100000110100100000000000001011010000000111000000000000000000011010000000000000001100000000000001010000000000000000000000000101000100000000000000000010
011000001010010000000000001000010000000000000000000000000000001110000000000000000000000000110000000101000000000000001011000000000000100000000000000001000000001100000000010010000110100000000000000000000000000000001101010100000000000000000011
010100000100010000000000001000010000000001000000000000000000000000000000000000000000000100110000000000000000000000110000000001110001110000000000000010000000110110000000010100000010010010000000000000000000000000000001110110000000000000000001
000100000000000000000000010000011000000001000000000000000000000000000000000000000100000011001110111000000000000001000001000000111000101000000000000010000001011000000000001000001010100010000000000000000000000000000000000000000000000000000011
100100000000000000000000010011011000000001000000000000000000000000000000000000000100000000000000111100000000000001000000101000101111000000000000000001100001010000000000000000011011000010000000000000000000000000000000100000000000000000000001
111000000000000000000001000011011000000000000000000000000000000000000000000000000100000000000000101010000000010110001000000101000000100010000000000000001100100000000000000000001111000100000000000000000010100000000000100000000000000000000000
000000000000000000000010010001001000000000001000000000000000000000000000000000000000000000000000111111000000011100000000000000000001111011000000000000000000111011000000000000000110000000000000000000000010001000000000100000000000000000000000
000000000000000000000011100000001000000000010100110000000000000000000000000000000000000000000000100001100000100000111010010000000000000000000000000000000000111100100000000000000010100000000000000000000000000001000000000000000000000000000000
000000000000000000000000000001001000000000010100110000000000000000000000000100000000010000000000010000000000001010000000010000000000000000000000000000000000100011000000000000000010010000000000000000000000100000100000000000000000000000000000
000000000000000000000000000001001000000000001000000000000000000000011000001110000000011100001110001000010000101000000101110000000000000000000100000000000110100000000000000000000010001000000000000000000000010000010000000000000000000000000000
000000000110000000000000000000111110000000000000000000000000000000100100010001100000001110000000000100011100100001110001000000000000000000000100000000000110001000000000000000000000000000000000010000000000001000000000000000000000000000000000
000000000110000000000000000000001101000000000000000000000000000000101000001100011110010110000100000000011100011010100010010000000000000000000000000000000001101000000000000000011000011000000001101100000000000100000000000000000000000000000000
000000000000000000000000000000001101000000000000000000000000000000010000000110110111111000000100001000000000000011100000110000000000000000000000000000000000111000000000000010010000000000000010000100000000001101110000000000000000000000000000
000000000000000000000000000000000101100000000000000000000000000000000000000001000011100000000001100011000000001000000000000000000000000000000000000000110000101000000000000010010000000000000010000110000000000100001000000000000000000000000000
000000000000000000000000000000010101010000000000000000000000000000000000000000000000000000011000000001110000110010000001110000000000000000000000000000001001011000000000000100100000000000000110010000000000000111101000000000000000001110110000
000000000000000000000000000000011011010000111000000000000000000000000000000000000000000000100100000000110000010000000111110000000000000000000000000000000010000000000000000011100000000000000000001000000000000010110000000000000000001111010000
000000000000000000000000000000000001110000000000000000000000000000000000000000000000000000000010001000010000010001011110100000000000000000000000000000010110000000000000000010100000000000000111000000000000000000000000000000000000010001110000
000000000000000000000000000000000000100000000010000000000000000000000000010000001000000000001110011010000000001010000000110000000000001100000000110000010110000000000000000000000000000000000010000000000000000010000000000000000000001101000011
100000000000000000000000000000000001011011000010000000000000000000000000000000010100000000000010001001000000001000000001100000000000010010000001001000010100000000000000000001110000000001000000000000000000000101000000000000000000000100000110
110000000000000000000000000000000001000000000010000000000000000011000000100011001000000000000000000111100000011100000000000000000000010100000001010000111011100000000000000001110000000001000000000000000000000000000000000000000000000000000000
000000000000000000000000000000000001011011010000000000000000000010100000010001100001110000000110000001000000011000000000000000000000001000000000100000110001000000000000000011000000000001000000000000000000000111000000000000000000000000110000
000000000000000011000100000000000000100000011000000000000000000001000100000100100011111000000000000010000000000000000000000000000000000000000000000000000000000000000000000100000011000000000000000000000000000000000000000000000000000000110001
000000000000000011001010000011100000000000000000000000000110100000001000000011000000010100000000000000000000000000010000000000000000000000000000000000000000000000000000000000001101000000000000000000000000000000000000000000000000000001010000
000000000000000000000110000000000000000000000000000000000110110000001110000000000010001100000000010000000000000000101000000000000000000000000000000110000000000000100000110000001111000000000000000000000000000000000000000000000000000000111100
000000000000000000000000000000000000000000000000000000000100000000000000000011000001011100000000010000000000000001000100000000000001100000000001110111000000000011011001010000000010000000000000000000000000000001100000000000000000111000001000
011000000000000000000000000000000000000000000000000000000110110000000000000100100000000100000000111000000000000001000100000000100001100000000001000001000000000011011000100000000110000010000000000000000000000010100000000000000000000011011000
011000000000000000000000000000000000000000000000000000000110100000000000000011100000000100000001001100000000000000111000000001110000000000000000110100011110000011010100000000001100000100000000000000000000000001000000000000000000000011010000
000000110000000000000000000000000000000000000000011000000010010000000000000011000011001000111101000100000000000000111000100010011000000000000000000101111011000001100100000000001000000101000000011100000000000000000000000000000000000000011000
000000110000000000000000000000000000000000001100011000000000110000000000000000000000110001000000000000000001100000000000101011011100001110000000000000001011000001110100000000000000000010000000010100000000000000000000000000000000000011011010
000000000000000000000000000000000000000000011011000000000000100000000000000000000000000001010011000111000001100000000000010111000000010001010000000000100011000000111000000011000000000000000000010010000000000000000000000000000000000001000110
000000000000000000000000110000000000000000101111000000000000000000000000000000000000000000100011000111000000000000000000000010100000010011001100000000010000100000000001000111000000000000000000001010000000000000000000000000000000000010001001
000000000000000000000000010000000000000001110000100000000000000000000000000000000000000000000000000111000000000000000000000001000001101110000000001100011101110110000010101000000011011000000000001110000000000000000000000000000000000010001000
111100000000000000000000010100000000000001010001000000000000000010100000000000000000000010000000110000000000000000000000000001100001100010000000010010000000000110010010000101001100110000000000000000000000000000000000000000000000000010000110
001000000000000000000000001100000000000001100010110000000000000110100000000100000000000101000000101100000000000000000000000000000001011001000000010010000000110110000010000110101100010000000000000000000000000110000000000000000000000000100101
101100000000000000000000000000000000000001100001011000000000011111000000001010000000000101000000100001000000000000000000000001110000011010000000001100000000000000110010010001110000010001000000000000000000000110000000000000000000000000001110
000000000000000000000000000000000000000000000011010100000000011000000000000110000000000010000000000001000000000000000000000000000000011000000000000000000000000000000010010001100001110011000000000000000000000000000000000000000000000000000000
000000000000000000000000000000001100000000001001000010110000000000000000000000000000000000000110011000000000000000001100000000000000000000000000000000000000000000000011100000000000000100000000000000000000000000000000001100000000000000000000
000000000000000000000000001110001100000000000001010100000011000000000000000000000000000000000101100000000000000000010010000000000000000000000000000000000000000000000000000000000000000011010000000000000000000000000000001100000000000000000100
000000000000000100000000000000000000000000000101000000000101000000000000000000000000000000000011001000000000000000001100000000000000000000000000000000000000000000000000000000000000000001110000000000000000000000000000000000000011110000001000
001100000000001000000000100000000000000000000111110000000100100000000000000000000000000000000011001000000000000000000000000000000000000000000000000000000000000000000000000000000000000000000000000000000000000000000000000000000111000100001100
001100100010101000011111110000000000000000000001110000110000110000000000000000000000000000000000111000000000000000000000000000000000000000000000000010000000000000000000000000000000000000000000000000000000000000000000000000001000000010001011
001110010010000000111000010000000000000000000000000001111100110000000000000000000000000000000000000100000000000000000000000000011000000000000000000101000000000000000000000000000000000000000000000000000000000000000000000000001100000001000100
000100001000000000100001111000000000000000000000000011100001110000000000000011000000000000000000000110000111000000000000000000100100000000000000000101000000000101000000000000000000000000001100000000000000000000000000000000000011000000100000
000001101010000000000101100000000000000000000000000110000111000000000000000011000000000000000000000010001001000000000000000000011000000001000000000010000000000100010000000000000000000000011011000000000000000000000000000000000001000000100100
110000000111000000100000000000000100000000000000001100010000000000000000000000000000000010000000000000101101000000000000000000000001100000100000000000000001110100010000000000000000000000000100000000000000001110000000000000000000100001000010
010000000111000000000100000000001010000000000000011000001001000000000000000000000000000101000000000011101110000000000000000000000010100011000000000000000001110100010000000000000000000000000000000000000000000001000000000000000000000100110000
100000000000000000000100110110000110000000000000001100000010000001100000000000000000000101000000000011000110000000000000000000000100000001011000000000000001110100000000000000000000000000000000000000000000010001000000000000000011000000010001
010000000000000000011100110110000000000000000000000000000000000010010000000000000000000010000000000000000110000000000000101100000100100011011000000000000001100010000000000000000000000000000000000000000000100001000000000000000011100000000000
000000000000000000000000000000000000000000000000000000000000000001010000000000011100000000000000000000100110110000000001010100000100011111110000000000000000000001110000000000000000000000000000001010000001101110000000010000000001100010100000
000000000000000000000000000000000000000000000000000000000000000000100000000000000000000000000000000000000100110000000000010100000010000100000000000000000000000000000000000000000000000000000000000000000000111000000000101000000000110110100000
000000000000011000000000000000000000000001000000000000000000000000000000000000000000000000000000010000000110010000000000010000000001000100000000000000000000000000000000111000000000000000000000000001000000000001000000000000000001110100100000
000000000000110110000000000000000000000001100000000000000000000000000000000000000000000000000001101100000111000000000100100000000000111000000000000000000001000000000000001000000000000000000000000001000000000110110000000000000000110011000000
000000000000101110000000000000000000000001011000000000000000110000000000000000000000000000000001100000000001000000101110000000000000000000000000000000000011000011000000010000000000000000000000000100100000000110110000000000000000000010000000
000000000000000101100000000000000000000000111000000000000001010000000000000000000000000000000000110100000000000001001000000000000000000000000000000000000010100011000000000000000000000000000000000011100000000000000000000000000000000000000000
000000000000000001100000000000000000000011110100000000000001000000000000000000000000000000000000001000000000000001001000000000000100000000000000000000000000000000000000000000000000000000001010000000000000000100100000000110000000000000000000
000000000000000001000000000000000000000011001100000100000011010000000000000000000000000000000000000000001110000001001000000000001010000000000000000000001100000000000000000000000000111000000000000000000000000100100000011000000000000000000000
000000000000000011000000000000000000110000000100000100001000011100000000000000000000000000000000000000011111000000101100100000011011000000000000000000001100000000000000000000000000111100001000100000000000000011000000011011000000000000000000
000000000000000110000000000000000000001000000000011100011011100000000000000000000000000000000000001110111010100000001101100000100001000000000000000000000000000010000001100000000001100100000100010000000010000000000000001000011100000000000000
000000001000000100000000000000000000000011000001101000010000100000000000000000000000000000000000111111100011000000000100001101001111100000000000000000000000000010000010010000000000001000000001100000000001000000000000001100011000000000000000
000000001100000000000000000000000001010011000000110000001100010100000000000000000000000000001010000000000011000000000011101101101001000111000000000000000000000010000010011010000000000000000000000000000010111100000000000111110000000000000000
000000000000000000001000000000000000100010000000000000000000011000000000110000000000000000001010110000000000000000000100010011100110000000000000000000000000000000000001101100000000000000000000000000000000010010000000000010010000000000000000
000000000000000000001000000000000000000000000000000000000000000000000000000000111000010000001001100000000000000001111111100000000000001000100000000000000000000000000000001110000000000000000000000000000000000001000000000000010000000000000000
000000001000000000001000000000000000000000000000000000000000000000000000000001000010010000000000000000000000000000101101110010000000001000000000000000000000000000000000000100000000000000000000000000000000010010000000000011010000000000000000
110001001000000000000000000000010000000000000000000010000000000000000000000001000000010000001101100000000100000000000000110100000000001001110000000000000000010100000000000010000000000000110000000000000000011100000000001100010000000000000000
110001000100000000000000000000101000001110000000000011000000000000000000000000000001000000001101100000001010000000000010011000000000000100010000000000000000010100000000000000000000011101001000000000000000000000000000111110000000000000000000
000000000110000000011111000000101000010010000000000011100000000000000000000001001000010000000100100000010010000000000010000000000100000011110000000000000000011100000000000000000000001100001100000000000000000000000000101000000000000000000000
000000100000011001101011000000010000010010000000000011000001100000000001000001100010010000000011000000011010000000011000000000001010000000001000000000000000000000010000000000000000000000001110000000000000000000000000000000000000000000000000
000000010010110001101011000000000000100000000000000010000001100000000011100000000001010000000000000000011000000000011101000000000110000000111000000000000000000000101000000000000000010000001100000000000000000000000000000000000000010000000000
000000011100100111111100000000000000011100100000100000000000000000000000000000000000000000000000000000011010000000001010100000000000011000010000000000000000000001000100000000000000001001001000000000000000000000010000000000001100101000000000
000000000000010001000000000000000000000010011010000000000000000000000000000000000000000000000000000000001010000000011000010000000000011000000000000000000000000000101000000000000000000000110000000000000000011100111000000000010011001000000000
000000000000000001100110000000000000000100000100100000000000000000000000000111000110000000000000000000001001000000001000100000000000000000000000000000000000000000010000000000000001001000000000000001100000000001010100000000001110110000000000
000000000000000000010000000000000000011100000000110000000000011100000000000000001100000000000000000000000011000000000111000000000000000000000000000000000000000000000000000000000000000000000000000010010000000001010100110000000000000000000000
000000000000000000110000000000000000000000100010110000000000011010000000000000001100100000000000000000000011000000000000000000000000000000000000000000000000000000000000110000000000000000100000000001100000000000111000110000000000000000000000
001100000000000000101110000000000000000000000010000000000000010010000000000000000111000000000000001000000000100000000000000000000000000000000000000001110000000000010000000000000110000001010000000000000000000000010000000000000000000000000000
010010000000000000111110000000000000000001101110100000000001101100000000000000000110110000001000001111000011000000000000000000000000000000000000000000000000000000100000000000001001000001010000000000000011000110000000000000000000000010001000
010100000000000000000010000000000000000000100001100000000101010100000000000000000100001100010100001001100001100000000000000000000000000000000000000000000000000000101010001011000011000000100000000000000100100110000000000000000000000100000100
001000000000000000010000000000000000000000001101100000001000001000001110000000000000000100011000000110010000000000000000000000001101100000000000101000000000001100100101000000000001000000000000000000000000000000000000000000000000000010000000
000000000000000000010010000000000000000000000000000000000001001000000000000000000010001000000000000110000100000000000000000000010001100000000000101000000001100000100101101010000101000000000000000000000011100000000000000000000000000000000100
000000110000000000001100000000000000000000000000001000000000010000000000000000000001110000000000000001100000000000000000000000001110000000000000010100000000001011100100011000000000000000000000000000000000000011000000000000000000000110000000
000000110000000000000000000000000000000000100000010110000000000000000000000000000000000000000000000000100100000000000000000000000000000000000111001100000110100010100100000000000010000000000000000000000000000111000000000000000000011000010000
000000000000000000000000000001110000000000100000010100100000000000000000000000000000000000000000000000011000000000000000000000000000000000110001000000000110000110100000000000000001000000000000000000000000000011000000000000000000100000001000
000000000000000000000000000011100011000000100000010000111100000000000000000000000000000000000100000000011100000000000000000011000000000000100011000000000111000010100000000000000010100000000000000000011100000000000000000110000000000010000000
000011000000000000000000000110010001000000000000000000000010001100000000000000000000000000001110100000001100000000000000000011000000000000011100000000000000000110000001000000000001100000000000000000100010000000000011000110000000001010000000
000100011000000000000000000011011001000000000000000000001111011100000000000000000000000000000000100000001001000000000000000000000000000000001000000000000000000000011000000000000000000000000000011001000010000000000010100000000000001100100000
000010001000000000000000000000100001001000000000000000000110101111100100000000000000000000000000100000000001100000000000000000000000110000000000000000000000000001100001000000000000000000000000000001000000000000000001000000000000000000000011
100000110000000000000000000000000001101100110000000000000001110010011110000000000000000000000001010000000001000000000000000000000000111000000000011000000000000000000111000000000000000000000000011101110000000000000000000000000001000000000010
001000000000000000000000000000000000101100110000000000000001110010001101100000000010000000000001110000100011000000000100000000000001001000000000100000000000000000000000000010100000000000000000000110100000000110000000111000000100100000000110
001100000000000000000000000000000000000100000000000000000001000001000011010000000101000000000001000000110000000000001010001100000000111000000000110011000000000100000000000010010000000000000000000001101100001001000000101000011000100001001100
101000000000101110000000000000000000011100000000000000000000000001010000000000001001000000000000010111110000000000001010000110000000111001000000111011010000010001000000000010010000000110110000000001011100000110000000001000011001000001001001
000000010001101101000000000000000000101000000000000000000000000001100000000100001010000000100000010000000000000000000110110100000000000001100000111000011000000001000000000011111100001010101100000000000000000000000000010000001110000000101000
000001101101000101000000000000000001101100000000000000000000000000011100000000101000000001010000001000000000000000000010000000000001000001000000011000110110000010000000000000111100011000101100000000000000000000000000000000000000000000000000
000001101101100000000000000000000000100010000000000000001100011000011110001101001000000011011000000110100000000000000000111111100010100000000000001000100101000010000000000000001001001010101100000000000000000000000000000000000000000000000000
000000111111100010000000000000000000001001000000000000010010100000101100000000110000000000000000000001000000000000000010000011001000000000000000000100111011110010000000000000000010000110110000000000100000000000000000000000000000001110110100
000000000100000000010000000000000000000001000000000000001100010000110000000000000000000000100000000000000000000000000000000000001000011000000000000000111001011000000000000000000000000000000000000001010000000000000000000000000000001110000000
001100000011011001100000000110000000001000110000000000000000001010100000000000000000000000010000000000000000000000000000000001101111001100000000000000011000110000000001110000000000000000000000000010010000000000000000100000000100110010000000
001100100010010000000000000110000000001010101000000000000000000010110000000000000000000000110000000000000000000000000000100011001010011000000000000000010000111000000010001000000000000000000000000001100000000000000001010000001000110000000001
000011100000001010000000000000000000000101001000000000000000000000000000000000000010000001100111100000000000000000000000011000001100010000000000000000111101100111000100000000000000000000000000000000000111000000000000100000000001110001000001
001101100000000110001000000000000000000000111000000000000000000001001000000000000010000011000111110000000000000000000000001000001100000000000000000000001110000011000000000000000000000000000000000000111001000000000000000000000101000000000000
101100011000000001101011010000000000000000000000000000000000000010010011000000000010000011001100010000000000000000000000000000000000000000000000000000001110000000000000001000000000000000000000000001000001000000000000000000000000000000001111
110000011000000001100101100000000000000000000000000000000000000100000011000001100000000110101000101000000000000000000000000000010000000000000000000000000000000000000110100000000000100000000000000000100110000000000000000000000000000000000000
000000000000000000000001100010001000000000000000000000000000101000000000000010000000000011100010001100000010100001000000000000010000011111100000000000000000001000000010110000000000110110100000000000011000000000000000000000000000000000000000
000000000000000000001110000110100110000000000000000000000001101011000000000100100000000001000011000010000010010011100000000000010001111110010000000000000000001000000010110000000001001011000000000000000000000000000111000000000000000010100000
000000000000000000000000000100110100000000000000000000001000000100000000000010100000110000000001110010000010101111110000000000000011110000100000000000000000011000000000110000000000001001000000000000000000000000000111000000000000000001100000
000000000000111000000000000000001000000000000000000000010100101000000000000001100001000000000000000100000001111101100000000111000100100011000000000000000000010000000000100000000000101100000000000000000000000000000000000000000000000001000000
000000001000001000000000000000000000000000000000000000001000111000000000000001100010000000000000101100000000101011100000000000000011100000000000000110000000010000000101000000000000001000000000000000000000000000000000000000000000000000000000
000000010101011000000001000000000000000000000000000000000000000000000000000000000100100000000001001000000000001001000000000000010001100000000000000110000000000000000010000000000000001100000000000000000000000000000000000000000000000011000000
000000000000000011000001100000000000000000000000000000000000000000000000000000001000000000000011011000000001110000000000000000010000000000000000000000000000000000000000000000000000011100000000000000000000000000000000000000000000000011000000
000000001000100011100000000111000001100000000000000000000000000000000000000000000100010000000010100000000000000000000000000000010000000000000000000000000000000000000000000000000000000000000000000000000000000000000000000000000000000000000000
000010000010000011000000001000100001100000000000000000000000000000000000000000000000010000000111110111000000000000000000000000000000000000000000000000000110000000000000000000000000000000000000000000000000000000000000000000000000000000000000
001000000000000000000000000100100000000000000000000000000000000000000000000000000100010000000001111000100000000000000000000000000000000000000000110000001110000000000000000000000110000000000000000000000000000000000000000000000000000000000000
000110001000000000000000011000100000000000000000000010000000000000000000000000001000100000000000001011000000000000000000001100000000000000010001001000100110000000000000000000001001000000000000000000000000000000000000000000000000000000000000
000000000010000000000001000011110000000000000000000011110000000000000000000000000100000000000000101100000000000010000000100011110000000010101000110001010110000110000000000000001001000000000000000000000000000000000000000000000000000000000000
000000000010000001100010000000011100000000000000000001110000000000000000010001100000000000110000010000000000000100100001111111111000110010101000000010011100001010000000000000010001000000011100000000110000000000000000000000000000000000000000
000010001011000000000010000110000100000000000000000000100000000000000001101010010000000001110000000000000000000000110001111001000101000010010001110010001100001100000000000000001010000000100010000000110000000000000010000000000000000000000000
000000001000100000000010001000110100000000000000000000000000000000000001000000000000000000000000000000000000010000100111000000011001001000000001110011001100000000000000000000000100000001000001000000000000000000001110001000000000000000000000
000000010010010000000001100000100000000000000000000000000000000000000001100000010000000000000011000000000000010001000000000000001000001110000010100011011000000000000000000000000000000000001001000000000000000001101000001000000000110000000000
000001110010100000000000000000000000000000000000000000000000000000000000011101101000000000000111110000000000100001000000000000000100101110000000000011000000000000000000000000000000000001111000000000000000000010001000000000000000101000000000
000110000001000000000000000000000000000000000000000000000000000000000000000000111000000000001100001000000111110010000000000000001010101010000000000001001000000000000000000000000000000000100010000000000000000001111100000000000000101000000000
000100000000000000000000000000000000000000000000000000000000000000000000000000011000000000000100000100000111010000000000000000111100000000000000011000111000000001000000000001000000000000000000000000000000000000000010000110000001001000000111
000100100000010000000000000000000000000000000000000000000000000000000000000000000000000000001101001000001000100000000000000000001001101000000001000010100100000111110100000010100000000000000000000000000111000000000000100110000001110000100000
000011100001001000000000000000000000000000000000000000000000000000010000000000000000000000001101000000000000000010000000000000101001000000000001000010001000001000101000001100100000000010111000110000000110100000000000100000000001000000110000
000000000000100100000000000000000000000000000001110000001111000000111000000000000000000000000011100000000001001001000000000000011110111000000010000001000000001000110100000001000000001101100000101011100010110000000000000000000000000000001000
000000000000000100000000000000000000000000010010010000001000001000111100000000000000000000000000000000001110000011000000000000000111101000000001110101000000000111000010001001000000000111000000111010000000110100000000000000000000001000000100
000000000000010100000000000000000000000000101110001000010010110000000010000000000000000000000000000000000000000011000010000000000010000000000000000001000000000000000000000010000000000011000000001000001000000111000000000000000000011000000100
000000000000011000000000000000000000000000101100010000001000000000001001000000000000000000000000000010101000000110000101000000000000000000000000010100000000000000001001000000000000000000000000000000010000000011000000000000000000010000101000
000000000000000000000000000000000000000000010011010000001001000001100000000000000000000000000000000100000000000000000100100110000000000000000000011100000000000000001011000000000000000000000000000000010001000110000000000000000000000000010000
000000000000000000000000000000000000000000101001010000000101000000100000000000000000000000000000000111110000000000000011000110000000000000000000000000000000000000000100000000000000000000000010000000000010000100000000000000000011100000000000
000000011100000000000000000000000000000000101101010000000010000000000100000000000000000100000000000000000000000000000000000000000000000000000000000010000000000000000000000000000000000000000010000000011100000000000000000000000001010000000000
000000100000000000000000000000000000000001101100000000000000000000001000000000000000001010001100000000000100000000000000000010000000000000000000000101000000000000000000000000000000000000000010000000000000000000000000000010000010010000000000
000000101001100000000000000000000000000000110010110000000000000000000000110000000000010000100000000001000100000000000000000111000000000000000000001100100000000000011000000000001100000000000000000000000000000000000000000111100001100000000000
100000110100010000000000000000000000000000101110110000000000000000000000110000000000010011100010000000100010000000000000001000100011000000000000000110100000001100111000000000001100000000000000000000000000000000110000001000000000000000000011
000000000100100000000000000000000000000001001101110000000000000000000000100110000001111100000000000110000100100000000000001011000101000000000000000011000000000010111000000000000000000000000000000000000000000000101000001101011000000000000000
001000001001000000000000000000000000010001011000000000000000000000000000001010001001101111101000011111001000000000000000000110001111000000000100000000000000000101100000000000000000000000001100000000000000000000010000001100111000000000001000
001000001010000000000000000000000000101000011000000000101000000000000000011010011111000111110000011001100100000000000000000000001101000000001010000000000000000011000000000000000000000000110100000000011110000000010000000000000100000000001000
001000000110000000000000000000000000101000001000000001001000000000000000011100010001000000101000011000000100000000000000000000100000000000000000000000000000000000000000000000000000000000010000000001110010000000010100000000011000000000001000
000000000110000000000000000000000000101000000110000000100100000000000000000000000000100000011000000000000000100000000100000000111000000000010001100000000000000000000000000000000000000011011000001010100110000000000000000000010000000000000000
100000000000000000000000000000000000011000000111000000000000000000000000000000000100100000110000000000000010110000000100000000100010001110010101011000000000000000000000000000000000100000000000001000000000000000100010000000000000001100000011
000000000000000000000000000000000000000100000100000000000000000000000000000000000001000000011000000000000110000000000100000000011110001110100000110100000000000000000000000000000001010000000000001001110100000000000000000000000000010010000000
000000011000000000000000000000000000001100000011000000000000000000000000000000000000000000000000000000000000000000000000000000001110001100110000011100000000000000000000000000000010010000000000000001010000000000000000000000001000000000000000
000000100100000001100000000000000110000000000000000011000000000000000000000000000000000000000000000000000001000000000000000000000000011000011111000000000000000000000000000000110001100000000000000001010010000000011101110000010111000100100000
000000011000000010100000000000000011011100000000000101000000000000000000000000000000000000000000000000000001100000000000000000000000011100011111000000000000000000000000000000110000000000000000000000100000000000000001110000000001000000100000
000001110000000011000000000000000010001000000000001101000000000000000001100001000000000000000000000000000000000100000000000000000000001100000000000000000000000000001100000000000000000000000000000000100000000000000010001000100010001000101000
000011100000000000000000000000001010000000000000000110000110000000000010010010100000000000000000000000000000000100000000000000011000001010000000000000000000000000001100000000000000000000000000000000010100000000000011011000100101101000001110
000110110000000000000000000000001100000000000000000010001001000000000010100001100000000000000000000000000000001010000000000000001000000110000000000000001000000000000000000000000000000000000000000000000000000000000000000001001000000000000000
000000011000000000000000000000000000000000000000000000011111000000000001000000000000000000000000000000000000000100000000000001110000000000000000000000001100000000000000000000000000000000000000000000000000000000000000000001010000111000000000
100000011100000000000000000000011111000000000000000000011101000000000000000000000000000000000000000000011000000100000000000011100000000000000000000000011010000000000000000000000000000000000000000000000000000000000000000001010000000100000011
100000011000000000000000000000111110100000100000000000000000011010000000000000000000000000000000000000010100000000000000000110000000000000000000000000000110000000000000000000010000000000000000000000000000000000000000000000010000001101000010
010110110000000000000000000000100000000001110000110000000000110001000000000000000000000000000000110000000100000000000000000000000000000000000000000001101110000000000011000000010000001100000000001110000000000011100000000011100000000111110100
010111100000000000000000000000000000000000000001111000000000001110000000000000000000000000000001001000001100000000000000001110000000000000000000000001000000000000000100100000100100000000000000001001000000000011101000000011000000000000011101
000101000000011000000000000000000000011100001100000000000000000000000000000000000000000000000000110000101100000000000000001101000000000000000000000000111000000000000101001101110011000000000000001011000000000001110010000000000000000000111011
001000000000100100000000000000000001100011000111000000000000000000000000001100000000110000000000000000000000000000000000010001000000000000000000000000000000000000000010001111110100000000000000110000000000000101100000000000000000000000000011
010000000000101000000000000000000001101000000010000000001000000000000000001100000011001000000000000000000000000000000000011110000000000000000000000000000000000000000000010000000000000000000000110000000000000101001010000000000000000000001000
000000000000101000000000000000000001000111101100000000100100000000000000000000000100000100000000000011000000000100000000001000000000000000000001100000000000000000000000100100000000000110000001001000000000000000000000000000000000000000111110
000000000000000100000000000000000000101110001100011000111000000000000000000000000100000000000000000100000000001110000000000000000000000000000010010000000000000001100001100000000000000110000000110000000000001001000000000000000000000000100010
001000000001000100000000000000000000000000010000011000010000000000000000000000000100000000000000000000011000000011000000000000000000000000000001100000000000000001010000100000000000000000000000000000000000010010000000000000000000000000100010
010100000001101000000000000000000000000110010000000000000000000000000000000000000011110100000000001000001000011100100000000000000000000000000000000000000000000001000000000010000000000000000000000000000000001100000000000000000000000000010100
000010000001000000000000000000000000000000000010100000000100000000000000000000000000001000000000001100100000001000110000000000000000000000000000000010000000000000000000010010000000000000000000000000000110000000000001000000000000000000001000
100010000000000000000100101100000000000001000010000000001100000000000000000000000000000000000000000100111100000000000000000000000000000000000000000101000000000000000000011000000000000000000000000000001001100000000010100000000000000011000000
100001000000000000001000101100000000000000000000010000000001000000000000000001000000000000000010000001000000000000010000000000000000000000000000000101000000000000000000111100000000000000000000000000001000010000000010100000000000000011000001
001010000001000000001100001100000000000010000111101000001001000000000000000010100000000000000010000001000000000001110000000000000010000000000000000010000000000000000001010010000000000000000000000000001100000000000001000000000000000000000000
000110000000111000000000011000000000000110101010011100000101000000000000000010100000000000001101100000000000000001110000000000001111100000000000000000000000000000000000000010000000000000000000000000000011100000000000000000000000000000000000
000010000000111000000000000000000000000010001100001000000001000000000000000001000000000000000110110000000000000000000001000000000000010000000011100000000000000000000010100010000000000000000000000000000001110000110000000110000000000000000000
000111100000000000000000000000000000000001001000110000000000101100000000000000000000000000000110110000000000000000000000000000000111000010000011100000110000000000000000101100000000000000000001100000000000000001001000001001000000000000000000
001100100000000000010100000000000000000000010001000000000000100100000000000000000110000000000010010000000000011100011110100000001000111010000100010000110000000000000000000100001100000000000001100000000000000000110000000110000000000000000000
011100110000000000100100000000000000000000010101000000000000110010000000000000001001000000000000010000000100010101100011000000000110011100000011010000000000000000000000000000010010000000000000000001100001010000000000000000000000000000000000
000000100000000000010000000000100000000000001110000000000000000111010000000000000110000000000010010000011000110010100110010000001101000000000011100000000000000000000000000000001100000000000000000011111101000000000001000000000000000000000000
000110111000000000001000000001010000000000000100000000000000000011110000000001100000000000000010010000000100010000000000110000000000000000000000000000000000000000000000000000000000000000000000000110000001000000000010100000000000000100000000
000001000110000000000000000000000000000000000000000000010011000001011000000001100000000000000001100000000100010001000000100000000000000000011000000000000000000000000000000000000000000000000000001100000111000000000010100000000000001101000000
000000100110000000000000110001110000000000000111000000000010000011000000010000000000000000000000000000000010000001000000111100000000000000011000000000000000000000000000000000000000000000000000000110101001000000000001000000000000000100001000
000010010110000000000000000001000000000000000110100000110100000001111000010100000000011000000000000000010001100000000000010000000000000000000000000000000000000000000000000000000000000000000000000010101010000000000000000000000000000001001000
000010011000000110000000000100000000000000000010100000100111010000110000010010000000100100000000000000011110101010000000001001000000000000000000000000000000000000000000000000000000000000000000000010101100000100000000000000000000000000010000
000001100000001001000000110100000000000000001011100000100010100000000000000110000000011000000000000001000101100000000000000100100000000000000000000000000000000000001010001110000000000000000000000000000000000110000000000000100000000000000000
000000000000000101000000001000000000000000011010000010001100000000000000000000000000000000000000000011101111000000000000000100100000100000000000000000000000000000000100001010000000000000000000000000000000000011000000000001111110000000000000
000000000000000010000000000000000000000000100000000010100000000000000000000000000000000000000000000000000000000000000000000100010001010000000000000000000000000000000000001100000000000000000000000000000110000011011100000010111000100000000000
000000000000000000000000011100000000000000100011000100100000000000000000000000000010100000000000000000000000000000000000000010001001010000000000000000000000001100000000000000000000000000000100000000001010000110010100000000001000010000000000
000000101000000000000000101000000000000000000001000101100010000000000000000000000100010000000000000000000000000000000000010000010000100000000000000000000000010010000000000000000000000000011010110010001010001000010100000000000010010000000010
000011101000000000000000101000000000000000001011000000011010000000000000000000001000010000000000000000000000000000000000001000100000000000000000000000000000001100000000000000000000000010110011010010000101110000011000000000000000011000000111
111100000000000000000000110000000000000000000100000010000000000000000000000000001000010000000011000000000000000000000000000001000000000000000000000000000000000000000000110000000000000101010000110000000000110001110000000000100001001000001110
110000110011000000000000000000000000000000000000000001101000000000000000000000001000100000000011000000000000000000000000000001000000000000000000000000000000000000000001001000000000000010111000011000000000000011100001100000000001111000010001
111000000100100000000000000000000000000000000001100000001100001100000000000000000100100000000000000001110000000000000000000110000000000000000001111110000000000001010000001000000000000000000000011000000000101100000010010000000000110000110011
001110000011000100000000000000000000000000000001001000011100010010000011000000000011000000000000000010010000000000000000000000000000000000101001100000110000000001000100010000000000000000000111001100000001100111000011000000000000000001110101
001110000000000110000000000000000000000000000000111100010010010100000110100000000010000000000000000010001000000000000000000000000000000000100000101000110000000001001000000000000000000000000011111101110000000011000000000000000000000000110010
000000000000001010000000000000000000000000000000100000000110000100001000001000000101000000011100000100000000000000000000000000000000000001000001000000000000000101100101100000000000000000000010100001100001000000000000000000011000000000010000
100000000000000000000000000000000000000000000000000000000100000000001000000100000101000000100010001101110000000000000000011000000000000000100000000001000000001010100001100000000000000000000001010000000000000000000000000000011000000000001111
000000000000000000000100000000000000000111000000000000000100000110000100000010000010000001000001000100000000000000000000101000000000000000000000000010000000010010100001000000000000000000000011100000000000000000000000000000000000000000000111
000000000000000000001000000000000000000000000001100000001000000000000100000010000000000000000000000110001000001100000000110000000000000000110000000000000000110110011001000000000000000000000110100000100000000000000000000000000000000000000010
000000000000011100000100000000000000000000000010010000000000000000000000101100000000000000100000000010000000010110000011000000000000000000000100000000010000001000001010000000000000000000000110000000001000000000000000000000000000000000000000
000000000000000000010010000000000000000000000010000100000000000000111000001100000000000000010010000000000000001000001001000001100000000000110001110000101000000101000000000000000000000000000111000010000100000000000000000000000000000000000000
000000000000000010001101000000000000000000000001111100000000000000111000000000000000000000001100000000000000000111100010000010100011100000110000000000101000000110100000000001100000000000000000000011100000100000000000000000000000000000000000
000000000000000010100001000000000000000000000000011100000000000000110000000000000000000000000000000000000110011111000000000011000000000000011100000000110000000000110000000010010000000000000000000000001111000000000000000000000000000000000000
000000000000000010100000000000000000000000000000000000000000000001100000000000000001110000000000000000000000011010000100001100001000001000000000000000000000011010100000000001100000000000110000000000000010000000000000000000000000000010000000
011000000000000001000000000000000000000000000000000100000000000010010000000000000000000000000000000000000000000001000000010100001000001000100100000000000000000010000000000000000000000001010000000000000000000000000000000000000000000101000000
011000000000100101000000001110000000000000000000000110000000000010010000000000000010001000001110000000000000001100001000011000001000001000100000000000000000000000000000000000000000000001010000000000000000000000000000000000000000001000100000
000000000000000000000000011010000000000000000000000010000000000011001000000000000010001000000000000000000000001001110000000000000000000010010000000000000000000000010000000000000000001111100000000001100000000001010000000000000000000101100000
000000000001001011000000011100000111000000000011000110000000000001101100000000001000000010000000000000000000000110000000000000000011100010100000000000000000000000001100000000000000000010000000010001100000000001010000000000000000010000000000
000000000010000111001100001100000000000000000010111010000000000000101000000000110000100001100000000000000000001110000000000000000000000011100000000000000000010000000101000000000000111100000000010000000000000001001000001100000000111100011000
000000000110010000000000001100000000000000000001010010000000000000010000000000100001010000100000000000000000000001000000000000000000000000000000000000000001101100001001000000000001101000000000010000000000000000011100001010000001110000011000
000000000110110000010011101100000000000000000000010011000000000000000000000000100010001000100000000000000000000000110000000000000000000000000000000000000001001000110001101000000010100000000000000000000000000000111101000100000011000000010010
000000000110100000100000110000000000000000000000000000000000000000000000000000011010001011000000000000000000000000110000000000000000000000000000000000000000110000010010001100000110100000000000000000000000000011110011100000000001100001000010
000000000001000000000000000000000000000000000000000000000000000000001100000000000100000100000000000000000000000000011000000010100000000000000000000010000011100000000000001000000011000000000000000000000000000000000001001000000000000000001010
000000000000000000000101000000000000000000000000000000000000000000010010000000000000000000000000000000000000000000101100000100100000000000000000000011000111000000010001110000000001000000000000000000000000000000000000111000000000000000000000
110000000111000000110010000000000000000000000000000000000000000000100000000000000000000000000000000000000000000001000010000100000000100000000000000001101111100000000100110000000000000000000000000000000000000000000100100100000000000000000000
001000000111001100001000000000000000000000000000000000001100000001000000000000000000000000000000000000000000000000000001000000000001011000000000000000110000010000000000000000000000000000000000000000000000011011001010010110000000000000000001
010100001110110010000000000000000000000000000000000000010100000001001000000000000000000000000000000000001000000010000000000011010001001100000000000001010010011000000000000000000000000000000000000000000000010010010000010100000000000000000010
100100011100100100000000000000000000000000000000000000001000000001001000000000000000000000000000000000011000000010000000000000100001000000110000000111100101011100000000000000000000010000000000000000000000111100001010000100000000100000000000
011100000000010100000000000000000000000000000000000000000000000000100100000000000000000000000000001111100000000001100011100000000001101000000001111110110010011000000000000000000000101000000000000000000000010010000100100001101111010000001000
101000001100000000000000000000000000000000000000000000000000000000000100000000000000000000000000011100100000000000010000000000010001100000000000111100010000010000000000000011000000100100000000000000000000001010000001100000001010010000110000
001000000000000000000000000000000000000000000000000000000000000000000100000000000000000000000000100000000000000100010000000000010000000000000001010000001111100001100000000100100000011000000000001100000000001010000010000000010110100000110001
000000000000000000000000000000000000000000000000000000000000000000010100001110110000000000000000011110000000000000001111000000010000000000000010100000000111000001010000000100100000000000000000001100010000000000000001111111100011100000000100
010000000000000000000000000000111000000000000000000000000001100000001100000110001100000000000000000001000000000110010111000000000000000000000001000000000010000000010000000000100000000000000000000000101000001110000000100000011000000000100100
000000000000000000000000000000000000000000000000000000000001100000000000011000001100000000000000000110100000000100000000000000000000000000000100100000000000000000111000000100100000000000000000000000011000000010001100000000001100001101101111
000000000000000011000000000000000000000000110000000000000000000000000000001000101100000000000000011000110011001100000000000000110000000000000011000000100000000000101000001111100000000000000000000000000000100100010010000000001100010011000000
000000000000000100100000000000000000000000110000000000000000011000000000001000110000000000000000011000001001000100000000100000110000000000000001000000100000000011111000010000010000000000000000000000000000011000010110000000000000010011001000
000000000000000011000000000000000010000000000000000010000000010011000000000100000000000000000000011111110000001110000001010000000000000001000000000001010000000000110000110010011000000000000000000000000000000000111001000000000000001100100000
000000000000000000000000000000000101000000000000000010000001100001100000000010001000000000010000000000001000101100011110000000000000000010000000000010100000000010100001100101011100000000000000000000000000000000000100100000000000000000010000
000000000000000000000000000000000110000000000000000110100010011100100000000001101100000000101000000000000101100000011010001100000001000001000010000011100000000010100001100010011000000000000000000000000000110000111000100000000000000000000000
000000000000000000110000000000000000000000000000000011010010101111000000000000100100000000110000000000000000000000000110111110000000000000000110000001000010100011000011100000010000000000000000000000000001001000110111000000000000000000000000
000000000000000001001000000000000000000000000000000011100010000100000000000000010010000000000000000000000000000000011000001111000000000000000100000000000100100000000000000001100000000110000000000000000000110000000000000000000000000000000010
000000000000000000110000000000000000000000000000000001000001000010100000000000001100000000000110000000000000000111011111111010000000000000000000000000000010000000000000000001000000001001000000000100000000000000001100000011000000000000000101
000100000000000000000000000000000000000000000000000000000000000001000000000000000000000000001001100000000000000000000000000100000000000000000000000001011101000000000000000000000000000110000000000110000000000000100100000100100001110000000101
001010000000000000000000000000000000000000000000110111011100000000001000010100000000000000010000100000000000001000001101000000000000000000000000000001010101000000000000000000000000000000000000000011000000000000100100000011000110001000000010
000100000000000000000000000000000000000000000000000001101100000000010101000111000000000000000010000000000000001000100010010000000000000000000000000000010000100000000000000000000000000000000000001110000000110100001010000000000110010000000000
000000000000000000001000000011000000000000000000001001100000000000110000000000100000000000000000000000011000001001000100000000000000000000000000000110111101000000000000011100000010000000000000000100000000101110010100000000000010110000000000
000000000000000111010100000011000000000000000000000000000000000011101100001111000000000000011011101100000100001110110100000000000000000000000000000110110010000000000000010010000101000000000000000000000001011101100110000000000001010000000000
000000110000001001010100000000000000000000000000000011000000000100000000000011000000000000000111111000011000000000000000000000000000000001110000000100000000000000110000010000000101000000000000000000000000000101010000001100000001110000000000
000000110000010000111000000000000000100000000000000000000000000001100001001100000000000001000000010000010000000000000000000000000000000001010000000100100000000000101000010001100010000000000000001100000000001100000100011110100000100000000000
000000000000010010000000001000000001100000000000000000000000000000000000111000000000000001000000000000110000000000000000000000000000000010010000000010100000000000001000001101100000000000110000100010000000000111111000100101000000000000000000
010000000000010010000000011110000011000000000000000000000000001111000000000000000000000001000110000001000000000000000000000000000000000110100000000000000000000000101000000000000000000000100000010010000000000011110000000100010000000000000000