111000100000001100000001000001000010000000000000000000000000010001000001000000000000000000000110001100000000000000100000000000000000000100100000011000000000000000110001100000000000000000001100001100000000000001100000000000100000000000000000
100100010000000000000001000001100011000000000000000000000000001000000010100000000000000000000000010000000000000011010000000000000000000011000000011000000000000000000001011010000000000000001100000000000000000000000011001110000000000000000001
100010100000000000000010000001000001100000000000000000000000000000000010010000000000000000000000010011000000000100111100010000000000001111100000000000000000000000000000110100000000000000000000000000000000000000000000001100000000001100000011
100110100000000000000010000110000011100110000000000000000000011000000001100000000000000000000000001100000000001111111100000000000000001010110000000000000000000000000000000001100000000000000000000000000000000000000000000000000000010010000001
101010000000000000001000011000000100100110000000110000000000111000100000000000000000000000000000000000000000001000000000010010000000000110110000000000000000000000011000100001101000000000000000000000000000000000000000000000000000001010000000
010010000000000000000000010000000110100100000011111111001100100011110000000000000000000000010100000000000000001001000000000001000000000011100000000000000001100000011000101000000100000000000000000000000000000000000000000011110000000100000000
000000000000000000000110100000000001000100000000011111101110000000001000000000000001100001000010000000000000000110100000000001000000000000000000000000000001100000000000100000110100000000000000000000000000000000000011000100001000000000000000
100001100000000000000000100000000000000000010101000000000100000001110000000000000010010001000000000000000000000000000000010010000000000000000000000000000000000000000000101111111000000000000000000000000000000000000000001000110000000000000000
100000010000000000000000000000000000111000011011011111000011000001100000000000000010100010000000011100000000000000000001000000000000000000000000000000000000000000000000011100000001100000000000000000000000000000000000000100100000000000000101
100111011000000000000000000000000000000000000000110110000010001110000000000000000001000011011100100000000000000000000010000000000000000000000000000000000000000000000000000000000010010000001000000000000000000000000000000000000000000000001100
000011010000000000000000000000000000000000000000000000000000000000000000000000000000000010001101000110000000000000000000000000000010000000000000000000000000000000000000000000000011011000001000000000000000000000000000000000000000000000010000
000110110100000000000000000000000000000000000000000000000000000110000000000000000000000000000001000101000000000000000110000000000101000000000000000000001100000000000000000000000001010011100000000000000000000000000000000000000000000000001010
011100000000000000000000000000000000000000000000000000000000001010000000000000000000000000000001111010000000000000011010000000000100100000000000000000001100000000000000001100000011100000000000000000000000000000001100101000000000000000000011
010000001010111000000000000100100000000000000000000000000000001010000000000000000000000000000000001010000000000000001011100000100000010000000000000000000000011110000000010010000111000000000000000000000000000000001101010100000000000000000011
010100000100000000000000011000110000000000000000000000000000000100000000000000000000000010000100011000000000000000110011000001001001000000000000000011000000100010000000010100000010110000000000000000000000000000000011010110000000000000000000
000110000000000000000000011000000000000011100000000000000000000000000000000000000000000011111101100100000000000001000000000000000000000000000000000010000001000100000000001000011010100111000000000000000000000000000001010000000000000000000010
000100000000000000000000100011000100000000000000000000000000000000000000000000001110000000000100000000000000000001000000000001101111110000000000000001000011011000000000000000010000100110000000000000000000000000000000000000000000000000000010
111000000000000000000000100000000100000000000000000000000000000000000000000000000000000000000001000001000000010110000000000000000100000111000000000000000001001000000000000000010000000000000000000000000001000000000001110000000000000000000001
010000000000000000000010000011101100000000001000000000000000000000000000000000000000000000000001101000100000110110001100000000000001110111000000000000000001000011000000000000001000000000000000000000000001000000000000000000000000000000000000
000000000000000000000011100000011100000000010100110000000000000000000000000000000000000000000000100101100000000000010000000000000000110000000000000000000001000000100000000000000010000000000000000000000000000000000000000000000000000000000000
000000000000000000000001000000011100000000010100110000000000000000000000001110000000010000000100010000100000000100011111011000000000000000000000000000000000101111000000000000000110010000000000000000000000000000100000000000000000000000000000
000000000000000000000000000001000000000000001000000000000000000000011000001111000000010010000100001000010000000101100011010000000000000000000000000000000110010000000000000000000000000000000000000000000000010000000000000000000000000000000000
000000000110000000000000000000100010000000000000000000000000000000100100010001111100000000001010000000100100101101110001010000000000000000000000000000000100100000000000000000000000011000000000111000000000001000000000000000000000000000000000
000000000110000000000000000000000001000000000000000000000000000000101000001100000000000010000000000000010100010110000001010000000000000000000000000000000011101100000000000000011000000000000001111100000000000110100000000000000000000000000000
000000000000000000000000000000000001000000000000000000000000000000010000001111110000001100000010000000001000011010100000110000000000000000000000000000000000001100000000000000110000000000000010000000000000001100110000000000000000000000000000
000000000000000000000000000000000101000000000000000000000000000000000000000011100100000000001000000011000000010110000001000000000000000000000000000000010001000100000000000111110000000000000011001110000000000000001000000000000000000100000000
000000000000000000000000000000010100010000010000000000000000000000000000000000000001000000011000000010010000111000000000010000000000000000000000000000010001111000000000000100110000000000000110001100000000000100101000000000000000001000110000
000000000000000000000000000000011100011000010000000000000000000000000000000000000000000000011100000001001000011000000000000000000000000000000000000000001011000000000000000110110000000000000001000000000000000110110000000000000000010000001000
000000000000000000000000000000000010010000010000000000000000000000000000000000000000000000001010011100110000011000001000000000000000000000000000000000000001000000000000000010100000000000000111000000000000000001000000000000000000010000010000
000000000000000000000000000000000000001000000000000000000000000000000000000000001000000000000011011000000000011100001110010000000000001100000000110000110000000000000000000000010000000000000111000000000000000010000000000000000000001101000111
110000000000000000000000000000000001010000000111000000000000000000000000000000010100000000000010011000100000000000000001110000000000010010000001001000000000000000000000000001010000000000000000000000000000000010000000000000000000001110000110
110000000000000000000000000000000011000000100000000000000000000011000000000011011000100000000110000100100000000100000000000000000000010100000001010000000111100000000000000000010000000011100000000000000000000101000000000000000000000000000001
100000000000000000000000000000000001010000111000000000000000000010100000000000110010001000000000000100100000010100000000000000000000001000000000100000101011100000000000000011000000000000000000000000000000000010000000000000000000000000110000
000000000000000011000100000001000000110000111000000000000000000001000000000000100010000000000000000000000000000000000000000000000000000000000000000000000000000000000000000010000111000000000000000000000000000010000000000000000000000001001000
000000000000000011001010000001000000000000000000000000000110110000001010000011000010000100000000000000000000000000010000000000000000000000000000000000000000000000000000000000001000100000000000000000000000000000000000000000000000000001000000
000000000000000000000110000001000000000000000000000000001000110000001100000000000000100010000000000000000000000000111000000000000000000000000000101101000000000001110000110000001001000000000000000000000000000000000000000000000000010000100100
000000000000000000000000000000000000000000000000000000001000000000000100000011000000010010000000000000000000000001101100000000000001100000000001101101000000000010001001010000001000000000000000000000000000000001100000000000000000010001000000
011000000000000000000000000000000000000000000000000000001000110000000000000100100000000110000000100100000000000001010100000001110001100000000001000101101100000100000100100000001010000000000000000000000000000010100000000000000000010111011000
011000000000000000000000000000000000000000000000000000000000100000000000000100100000001100011011000100000000000001000100000001001000000000000000101001000011000000010100000000001010000100000000001000000000000001000000000000000000000011000000
000000110000000000000000000000000000000000000000011000000110010000000000000010100001111000111010001100000000000000101000010110000100000100000000001010100000000000000110000000001100000100000000010100000000000000000000000000000000000000000100
000000110000000000000000000000000000000000011110111000000001110000000000000000000001110001000101000100000001100000010000101000010100001110000000000001001000100000000100000000000000000010000000110110000000000000000000000000000000000011010010
000000000000000000000000000000000000000000000001100000000000110000000000000000000000000001000011000101000001100000000000011000011000010001101000000000010110100001001000000101000000000000000000010010000000000000000000000000000000000001110011
000000000000000000000000110000000000000001000000100000000000000000000000000000000000000000100011001000100000000000000000000100100000010001101000000000110100010000010001000101000000000000000000011011000000000000000000000000000000000011001010
111000000000000000000000010000000000000001000100100000000000000000000000000000000000000000000001101101000000000000000000000010000001001000000000001100011001111110000010001001000111011000000000001010000000000000000000000000000000000111001011
111100000000000000000000010100000000000010010001010000000000000110000000000000000000000010000000110000000000000000000000000001100010000011000000010010001001000001000110001101011001000000000000000100000000000000000000000000000000000001001111
000000000000000000000000001100000000000010010010011000000000000000100000000100000000000101000001101000000000000000000000000000010001001011000000010010000000001111110111001100000100011000000000000000000000000110000000000000000000000000000000
011100000000000000000000000000000000000001100000000000000000010001000000001010000000000101000000010010000000000000000000000000100000000000000000001100000000000000000111001000001000011011000000000000000000000110000000000000000000000000001111
000000000000000000000000000000000000000000000011010100000000010010000000000110000000000010000000010000000000000000000000000000100000011100000000000000000000000000000110010001010000111011000000000000000000000000000000000000000000000000000100
000000000000000000000000000100001100000000000001000110000000000000000000000000000000000000000111110000000000000000001100000000000000000000000000000000000000000000000011100000000000100100100000000000000000000000000000001100000000000000000000
000000000000000000000000000100001100000000000001000000000011000000000000000000000000000000000100101000000000000000010010000000000000000000000000000000000000000000000001000000000000000011010000000000000000000000000000001100000001100000000000
000000000000000000000000000100000000000000000100011000000101100000000000000000000000000000000100010000000000000000001100000000000000000000000000000000000000000000000000000000000000000011010000000000000000000000000000000000000100100000001000
001100000000011100001110110000000000000000000100010000001011110000000000000000000000000000000010001100000000000000000000000000000000000000000000000000000000000000000000000000000000000000100000000000000000000000000000000000000100000000011010
010000000001010000100111010000000000000000000000010001000101000000000000000000000000000000000001111100000000000000000000000000000000000000000000000010000000000000000000000000000000000000000000000000000000000000000000000000001000000010001010
000010010101000000100000000000000000000000000000100010001000001000000000000000000000000000000000010110000010000000000000000000011000000000000000000101000000000000000000000000000000000000000000000000000000000000000000000000001110000001000110
001101101000000000101011001000000000000000000000000100000000010000000000000011000000000000000000000110000111000000000000000000100100000000000000000101000000000010000000000000000000000000011110000000000000000000000000000000000111000001100000
000000011011000000000011000000000000000000000000001000100011000000000000000011000000000000000000000111011001100000000000000000011000000000000000000010000000100100100000000000000000000000010010000000000000000100000000000000000011100001100000
110000001000000000000010000000000100000000000000010010001101000000000000000000000000000010000000000010100001000000000000000000000001100010100000000000000001010110111000000000000000000000001110000000000000000110000000000000000000000001010000
010000000101000000000000000000001010000000000000010000000000000000000000000000000000000101000000000010100001000000000000000000000010100011010000000000000010000110000000000000000000000000000000000000000000001101000000000000000001000000110000
110000000010000000000110110110000110000000000000011100000000000001100000000000000000000101000000000010100001000000000000000000000111000000011000000000000010000110000000000000000000000000000000000000000000000011100000000000000010100000110000
100000000000000000001100110110000000000000000000000000000000000010010000000000001000000010000000000001001000000000000000111100001110011000000000000000000001010011100000000000000000000000000000000000000001101101000000000000000000000000000000
000000000000000000001000000000000000000000000000000000000000000001010000000000001000000000000000000000001000110000000000010110000110011000011000000000000000000001100000000000000000000000000000000000000001001110000000010000000010000110000000
000000000000000000000000000000000000000000000000000000000000000000100000000000001000000000000000000000001000001000000000010000000010000001100000000000000000000000100000010000000000000000000000000000000001101010000000010000000000000110110000
000000000000111100000000000000000000000001100000000000000000000000000000000000000000000000000000111000001000010000000000111000000001110100000000000000000000000000000000011000000000000000000000000000000000011111100000000000000001000100100000
000000000000100010000000000000000000000011010000000000000000000000000000000000000000000000000001001000000101100000001110000000000000111000000000000000000011000000000000101000000000000000000000000011100000000100010000000000000001011111000000
000000000000100000000000000000000000000001001000000000000000110000000000000000000000000000000000000100000001000000011010000000000000010000000000000000000010100011000000000000000000000000000000000000100000000110110000000000000000000011000000
000000000000001100100000000000000000000010000100000000000001010000000000000000000000000000000001111000000000000001101000000000000000000000000000000000000010000011000000000000000000000000000000000011100000000111110000000000000000000000000000
000000000000000000000000000000000000000010000100000000000001000000000000000000000000000000000000011000000100000011111100000000000100000000000000000000000100000000000000000000000000010000000000000001000000000000000000001100000000000000000000
000000000000000000000000000000000000000010010110000000000011010000000000000000000000000000000000000000010001000001101000000000011011000000000000000000001100000000000000000000000000100100000100000000000000000100100000010001000000000000000000
000000000000000101000000000000000000010000001100000110011000011000000000000000000000000000000000000100100000000000000011100000011011000000000000000000001100000000000000000000000000000100000000000000000000000011000000000000001000000000000000
000000000000000101000000000000000000010000000000110100011101101000000000000000000000000000000000000000000000100000010001110000100000000000000000000000000000000000000001100000000001100100000001010000000000000000000000000010110100000000000000
000000001100000110000000000000000000000111000001000100010010110000000000000000000000000000000000010000100000100000001100001101001100100010000000000000000000000111000010011000000000000000000000100000000011111000000000001001000100000000000000
000000001100000000000000000000000000100100000001110000001000110000000000000000000000000000000000000111000011000000000111100000001000100010000000000000000000000000000010000000000000000000000000000000000001111100000000001001000000000000000000
000000000000000000000000000000000000100011000000000000000000011000000000000000010000000000011010110000000000000000110000011110110110000111000000000000000000000000000001100000000000000000000000000000000000110110000000000110011000000000000000
000000000000000000011100000000000000000000000000000000000000000000000000000000110000000000000101110000000000000001100000000010000000000000000000000000000000000000000000010010000000000000000000000000000000000011000000000011011000000000000000
000000000000000000000000000000000000000000000000000000000000000000000000000001010000111000001110000000000000000001100000001000000000011101010000000000000000000000000000001000000000000000000000000000000000010110000000000110011000000000000000
110000001100000000000000000000010000000100000000000011000000000000000000000000000000100000001101100000000100000000000110000100000000001100110000000000000000000000000000000000000000001000110000000000000000011100000000000001100000000000000000
110000001110000000001110000000101000001110000000000100100000000000000000000000000000100000000000010000001010000000000001111000000000000100001000000000000000110110000000000000000000010110101100000000000000001000000000100010000000000000000000
000000000110000000111001000000101000010011000000000100100000000000000000000001100000100000001100100000010011000000000100000000000100000011111000000000000000010100000000000000000000010110010010000000000000000000000000101000000000000000000000
000000000111111001000000100000010000110000000000000100100001100000000011100001100000011000000011000000100000000000010010000000001010000000001000000000000000001000010000000000000000001000010010000000000000000000000000000000000000000000000000
000000110101100100000001000000000000100100000000000011000001100000000011100000000000100000000000000000100000000000000011000000000110000000101000000000000000000000111000000000000000000000010010000000000000000000000000000000000000010000000000
000000011101101000001110000000000000011100010000000000000000000000000001000000000000000000000000000000000000000000000011100000000000011000111000000000000000000001101100000000000000000000101100000000000000001000111000000000001111101000000000
000000001000000000000010000000000000000010011101000000000000000000000000000010000000000000000000000000001011000000011001110000000000011000000000000000000000000000111000000000000000000000110000000000000000001000000000000000010000001000000000
000000000000000001100000000000000000000110001101110000000000001000000000000010001110000000000000000000000001000000011011100000000000000000000000000000000000000000010000000000000000000000000000000001100000001011000100000000001110110000000000
000000000000000001011000000000000000001100000000000000000000010100000000000010000000000000000000000000000100100000000111000000000000000000000000000000000000000000000000000000000000000000000000000010010000000001000100110000000100000000000000
000000000000000000100100000000000000001000000000110000000000100010000000000000000001000000000000000000000010100000000010000000000000000000000000000000100000000000000000000000000000000000100000000001100000000000000000110000000000000000000000
001100000000000001000010000000000000000001110010110000000000000010000000000000000000010000000000001010000000100000000000000000000000000000000000000000100000000000000000000000000110000001010000000000000000000000111000000000000000000000000000
010010000000000000100001000000000000000001110110100000000011000110000000000000001000111000001000011011100010000000000000000000000000000000000000000000100000000000100000000000000001000001010000000000000011000110000000000000000000000000000000
010100000000000000100010000000000000000001100000010000000011010100000100000000000110011100010100001000100011100000000000000000000000000000000000000000000000000001100110000000000011100000100000000000000011000110000000000000000000000110000000
001000000000000000000000000000000000000000000011100000000010111100000100000000000000000100011000001000100000000000000000000000001011100000000000000000000000000001101101110011000001100000000000000000000010100000000000000000000000000000000000
000000000000000000010100000000000000000000000000000000000000011000000100000000000001111000000000000100100000000000000000000000010000100000000000101100000000011010111101101100000010000000000000000000000001000000000000000000000000000110000000
000000110000000000001100000000000000000000000000001100000000000000000000000000000001110000000000000011100000000000000000000000001111000000000011110100000010110110111100111100000010000000000000000000000001000101000000000000000000001100000000
000000110000000000000000000000100000000000000000010110000000000000000000000000000000100000000000000001101000000000000000000000000100000000000011101100000111000000110000000000000000000000000000000000000000000100100000000000000000011100000000
000000000000000000000000000010010000000001110000110111101000000000000000000000000000000000000000000000100000000000000000000000000000000000110100100000001000000110110000000000000011000000000000000000001000000101000000000000000000010000000000
000000000000000000000000000100000011000000000000001000111100000000000000000000000000000000001110000000000000000000000000000011000000000000100111000000000101000000000000000000000010100000000000000000011100000000000000000110000000000100000000
000010000000000000000000000100011001100000000000000000000001010100000000000000000000000000001111000000000010000000000000000011000000000000011110000000000010000111010000000000000001100000000000000000111010000000000011000110000000001011000000
000101011000000000000000000111011011100000000000000000001000100001000000000000000000000000000100110000001111100000000000000000000000000000011100000000000000000011110000000000000000000000000000000001100000000000000010100000000000001100000000
000000101000000000000000000001110011011100000000000000001000000001110110000000000000000000000001110000000011100000000000000000000000101000000000000000000000000000111101000000000000000000000000000101000000000000000001000000000000000000000011
000000010000000000000000000000000001100000110000000000000000000000110001000000000000000000000001010000000000000000000000000000000001001000000000010000000000000000000011000000000000000000000000001100010000000000000000110000000000000000000000
011100000000000000000000000000000001100010110000000000000010010011010000100000000010000000000011010000110011000000000100000000000001000100000000101000000000000000000010000001000000000000000000000100001000000110000000101000001001100000001011
001100000000000100000000000000000000000010000000000000000001000011101111000000000101000000000001011010000000000000001010001110000001000100000001001111100000000000000000000110110000000000000000000000000100001001000000101100010101100000001001
011100000001101010000000000000000000010100000000000000000000000011000000000000001001000000000000101011010000000000001010010010000000101001100001000011011000000010000000000110000000000110111000000001010100000110000000001000000011000001101000
000000111011100001000000000000000001100000000000000000000000000001000000000000001000000000100000010111100000000000000010001110000000110011100000000001000100000011000000000010000100011010100100000000001000000000000000000000011110000000010000
000001000100011100000000000000000001101100000000000000000000000000000010001110001000000011011000001100000000000000000110000001000001000001100000100100100110000011000000000000000010011000100010000000000000000000000000000000000100000000000000
000000000000000010000000000000000001101010000000000000001100010000100010000001001000000011011000000111000000000000000001011100100001000000000000011101000000000111000000000000001010011010100100000000000000000000000000000000000000000100000000
000001100000100000000000000000000000000011000000000000010010101000100010000000110000000001110000000011000000000000000000011000110100010000000000000001000000011100000000000000000000000110111000000000100000000000000000000000000000001011000000
000000010000010001100000000000000000000001000000000000001100010000101000000000000000000000000000000000000000000000000000000010101010011100000000000000000010001000000000100000000000000000000000000001010000000000000000000000000000000000000000
001100000111111000100000000110000000000100110000000000000000000100000000000000000000000000010000000000000000000000000000000011101011100100000000000000000001000000000001110000000000000000000000000010010000000000000000100000000000100010000000
001000100011110101000000000110000000001010101000000000000000000100110000000000000000000001011011000000000000000000000000010011100001110100000000000000000100001110000011110000000000000000000000000001100010000000000001010000000000001000000000
000000010000001010000000000000000000000111001100000000000000000001110000000000000000000010011100010000000000000000000000011100010010011000000000000000100001101101000000000000000000000000000000000001001111000000000000100000000011010000000000
111000000000000110010100000000000000000000111000000000000000000000000000000000000111000000000000010000000000000000000000011000001100000000000000000000000000000101000000000000000000000000000000000000111101100000000000000000000011000000000100
100110001000000000101011000000000000000000010000000000000000000010000111000000000000000000111000001000000000000000000000000000001000000000000000000000001010000000000000000000000000000000000000000001001101000000000000000000000000000000000111
111000011000000001110100010000000000000000000000000000000000000100000011000001000000000100101000001100000000000000000000000000000000001111000000000000000100000000000110100000000000110000000000000000111110000000000000000000000000000000000110
000000000000000000001000100111000100000000000000000000000001101010000000000010100000000100110110011100000001000011100000000000111000000001100000000000000000000000000010000000000001111110000000000000011100000000000010000000000000000000000000
000000000000000000000111000110100110000000000000000000000001101010000000000110000000000011100010011010000110111000010000000000000010000000010000000000000000001100000000001000000000101000100000000000000000000000000101000000000000000000100000
000000000000010000000100000111110110000000000000000000001001101110000000000010110000100000000011100110000010000000010000000010000010000000100000000000000000011000000000000000000000001001000000000000000000000000000101000000000000000010100000
000000000000011000000000000000011000000000000000000000010100101100000000000010010001100000000001000110000000000000000000000010000100000001000000000000000000110000000001110000000000001100000000000000000000000000000010000000000000000001100000
000000001000000100000000000000000000000000000000000000001000101000000000000001100011000000000000011100000001100000000000000010000010010000000000000110000000000000000011000000000000000000000000000000000000000000000000000000000000000011000000
000000001000011100000001100000000000000000000000000000000000010000000000000000000100000000000011000000000001001111100000000000000010100000000000000110000000000000000010000000000000000000000000000000000000000000000000000000000000000011000000
000000001000110110100001100010000000000000000000000000000000000000000000000000001100000000000010011000000000110000000000000000111000000000000000000000000000000000000000000000000000010100000000000000000000000000000000000000000000000011000000
000000000000000100100000000111000001100000000000000000000000000000000000000000000000000000000000000110000000100000000000000000000000000000000000000000000000000000000000000000000000001000000000000000000000000000000000000000000000000000000000
000000000000000010100000001000100001100000000000000000000000000000000000000000000000111000000100000111000000000000000000000000000000000000000000000000001010000000000000000000000000000000000000000000000000000000000000000000000000000000000000
000010000000000000000000010101110000000000000000000000000000000000000000000000000000110000000000000000100000000000000000000000000000000000000000110000001001000000000000000000000110000000000000000000000000000000000000000000000000000000000000
000100000000000000000000001110000000000000000000000010100000000000000000000000001100000000000001000011000000000000000000000111100000000000010001001000110001000000000000000000001001000000000000000000000000000000000000000000000000000000000000
000000000100000000000000000001000000000000000000000010010000000000000000000000000000000000000000001110000000000000000001100000001000000000101000110001010000000110000000000000011011100000001000000000000000000000000000000000000000000000000000
000000000010000000000011000100010100000000000000000010000000000000000000110001100000000001010000011000000000000001110000000000001000100110101001000011110000001010000000000000011111000000011100000000110000000000000000000000000000000000000000
000000000011000000000111000100100110000000000000000001110000000000000001110001100000000001010000000000000000000001110000000001000111010101010001010110000010001100000000000000001110000000111110000000110000000000000010000000000000000000000000
000000011010100000000010000101111000000000000000000000000000000000000010010000000000000000100000000000000000000001110011010000011110001010000010000100100000000000000000000000000100000000000011000000000000000000011010000000000000000000000000
000000011100110000000001000000110000000000000000000000000000000000000001111000110000000000000100000000000000110001100010000000011100000010000000110100011100000000000000000000000000000001001000000000000000000001001000000000000000110000000000
000011110010100000000000000000000000000000000000000000000000000000000000111001001000000000001000110000000010000011000000000000001101000001000000000000011000000000000000000000000000000001101100000000000000000010000000000000000001101000000000
000111100001000000000000000000000000000000000000000000000000000000000000001001000100000000001001111000000100010000000000000000000011001010000000000011001000000000000000000000000000000001100000000000000000000001111100000000000001101100000010
001100000000000000000000000000000000000000000000000000000000000000000000000000101000000000000000001100001000010000000000000000000010100100000000000000101100000001000000000001000000000000000000000000000010000000111100000110000001001000000010
000100100000000000000000000000000000000000000000000000000000000000000000000000000000000000000000000000000111100000000000000000100011100000000000100100100100000110011000000110100000000000010000000000000101000000000001000110000011010000110010
000011100000111000000000000000000000000000000000100000000110000000111000000000000000000000001000000000000000000000000000000000000000001000000011000010000000001010000100000110100000000110110000110001000000110000000000000000000001000000110000
000001000000001100000000000000000000000000000001110000001110000000000100000000000000000000000111100000000110000101000000000000010000001000000010000001000000001010111100001111100000001000000001001011000110001000000000000000000000000000011000
000000000000000110000000000000000000000000011010011000011000110000100100000000000000000000000001000000000110000100100000000000000000101000000001100001100000000111100000000011000000001000000000101010000001110100000000000000000000011000001100
000000000000010100000000000000000000000000100010011000011100010000000010000000000000000000000000000000011000000000000010000000000110000000000000010000000000000010000000000000000000000101000000001100000000001101000000000000000000011000001100
000000000000011000000000000000000000000000100001111000011101100000000000000000000000000000000000000000000000000111000101000000000000000000000000010110000000000000000111000000000000000000000000000000011000000000000000000000000000011000011000
000000000000000000000000000000000000000000100011011000001110000001110000000000000000000000000000000100000000000000000100100110000000000000000000010100000000000000001011000000000000000000000000000000000000000101000000000000000001100000010000
000000001000000000000000000000000000000000101001011000000101000001100000000000000000000000000000000111100000000000000011000110000000000000000000001100000000000000000110000000000000000000000000000000010110000110000000000000000011100000000000
000000011000000000000000000000000000000000100000000000000010000000000000000000000000000100000000000011100000000000000000000110000000000000000000000010000000000000000000000000000000000000000111000000001100000000000000000000000000010000000000
000000100100000000000000000000000000000001000001010000000000000000000000000000000000001100000000000000000000000000000000000111000000000000000000001101000000000000000000000000000000000000000000000000001000000000000000000110000010010000000000
000001101000100000000000000000000000000000000010110000000000000000000000110000000000011110110100000000000110000000000000000111000000000000000000001000100000000000101000000000001100000000000000000000000000000000000000000111000001100000000001
000000110111010000000000000000000000000001100000001000000000000000000001001000000000000111100000000011000110000000000000001000100011000000000000001000100000000101000100000000001100000000000000000000000000000000110000001000010000000000000001
000000010110100000000000000000000000000001000001010000000000000000000000101110000001000000010000000000000100000000000000001011001000100000000000000111000000001010001000000000000000000000000000000000000000000000101000010010001000000000000001
000000001011000000000000000000000000010000000000100000000000000000000000001011011000000000000000010000101100000000000000000111000001100000000100000000000000000100000000000000000000000000011100000000001100000000111000001110100100000000000000
011100001011000000000000000000000000101000100100000000010000000000000000000010010100001000001000100001101100000000000000000000011001000000000100000000000000000011100000000000000000000000110100000000011110000000110000000000100100000000011100
000000001001000000000000000000000001101100011000000001101100000000000000010100010101100010001000011000000000000000000000000000100100000000000001000000000000000000000000000000000000000001000000000001000001000000001000000000011000000000000000
000000000110000000000000000000000000101100001001000000000000000000000000001000000001100000001000000000000001110000000000000001100000000100001011110000000000000000000000000000000000000000111000000100110110000000000000000000011000000000000001
000000000000000000000000000000000000011100001001000000000000000000000000000000000001100000100000000000000110110000001110000000100010001011111011001000000000000000000000000000000000100000000000011000011110000000000000000000000000001100000001
000000000000000000000000000000000000010100000100000000000000000000000000000000000000000000111000000000000111000000000000000000010001010000101000000100000000000000000000000000000001010000000000000001011000000000000000000000000000001100000001
000000011000000000000000000000000000001100000010000000000000000000000000000000000000000000000000000000000010000000000000000000010010000011100111010100000000000000000000000000000010010000000000000011010000000000001000100000001110000000000000
000000100100000001100000000000000111010000000000000011000000000000000000000000000000000000000000000000000001100000000000000000000100000000000001101000000000000000000000000000110001100000000000000001010000000000001011010000001111000000000000
000001001000000010100000000000000001011100000000001101100000000000000000000000000000000000000000000000000001100000000000000000000000000000010001000000000000000000000000000000110000000000000000000001110000000000001100001000000101000001100000
000010001000000011000000000000000010011100000000001001000000000000000001100001000000000000000000000000000000000000000000000000000000000010001110000000000000000000001100000000000000000000000000000000110000000000000010001000000010110000001000
000100000000000000000000000000001010000000000000001001000110000000000010010010100000000000000000000000000000001110000000000000011000001010000000000000000000000000001100000000000000000000000000000000000000000000000011011001110111010000011100
000110001000000000000000000000001100000000000000000110010001000000000010100001100000000000000000000000000000001010000000000000001000000110000000000000001100000000000000000000000000000000000000000000000000000000000000000001011001001000000100
000000000100000000000000000000010000000000000000000000000001100000000001000000000000000000000000000000000000001110000000000010010000000000000000000000000000000000000000000000000000000000000000000000000000000000000000000011011000011000000001
100000100100000000000000000000100001000000000000000000010001100000000000000000000000000000000000000000011000000000000000000100010000000000000000000000010010000000000000000000000000000000000000000000000000000000000000000000011000000110000010
110000000100000000000000000000100000000001110000000000001000011000000000000000000000000000000000000000010100000000000000000110000000000000000000000000100001000000000000000000000000000000000000000100000000000001000000000010010000001001000110
010100001000000000000000000000101100000001110001001000000000100001000000000000000000000000000000110000000110000000000000001000000000000000000000000001101010000000000011000000111000000000000000001110000000000010110000000010100000001101010101
000000010000000000000000000000000000001000111001001000000000011110000000000000000000000000000001001000010010000000000000001010000000000000000000000001000000000000000100100001001010000000000000011001000000000000000000000010100000000010000001
000101100000011000000000000000000000111110001100010000000000000100000000000000000000000000000000110000011100000000000000010001000000000000000000000000110000000000000101011000000110000000000000001111000000000000000000000000000000000000100000
101000000000100100000000000000000001000010001001000000000000000000000000001100000001110000000000000000000000000000000000010001000000000000000000000000010000000000000010010000011010000000000000101000000000000000000100000000000000000000001011
000000000001101100000000000000000010010000101001000000000000000000000000001100000011111000000000000000000000000000000000010110000000000000000000000000000000000000000000010001100000000000000001001000000000000001100000000000000000000000001001
000000000000001100000000000000000001000001011010000000100100000000000000000000000100000000000000000010000000001110000000011000000000000000000001100000000000000000000001110000000000000110000001001000000000000010000000000000000000000000101010
000000000000001100000000000000000000001000100100011000101000000000000000000000001110000000000000000010000000001001000000000000000000000000000010010000000000000001100001110000000000000110000000110000000000000000000000000000000000000001101011
001000000001101100000000000000000000001000010000011000111000000000000000000000000101100000000000000000011000010001000000000000000000000000000001100000000000000011000001100000000000000000000000000000000000010010000000000000000000000000110110
001100000011100000000000000000000000000000000000010000000000000000000000000000000011111000000000001100001000011110110000000000000000000000000000000000000000000000100000000000000000000000000000000000000000001100000000000000000000000000011100
000110000001100000000000000000000000000010000001000000001100000000000000000000000001111000000000001100100100011100110000000000000000000000000000000010000000000000000000011100000000000000000000000000000111000000000001000000000000000000001000
100011000000000000000000001100000000000000000001000000001110000000000000000000000000000000000000001111111000000000110000000000000000000000000000000101000000000000000000000000000000000000000000000000001011100000000010100000000000000011000001
110111000000000000001000000010000000000000000100110000001110000000000000000001000000000000000000000011011000000000010000000000000000000000000000000101000000000000000000000100000000000000000000000000011000100000000010100000000000000011000001
000011000000110000001100000000000000000111000111100100000001100000000000000010100000000000000010000000000000000001001000000000000010000000000000000010000000000000000000010010000000000000000000000000001111100000000001000000000000000000000000
000011000001001000000000011100000000000110011000100100000001100000000000000010100000000000001000110000000000000001010000000000000111100000000001000000000000000000000001100111000000000000000000000000000110010000000000000000000000000000000000
000000000000101000000000000000000000000110001000100100000011100000000000000001000000000000000000000000000000000000100000000000001000000000000010100000000000000000000001010010000000000000000000000000000010010000110000000110000000000000000000
001000100000010000000000000000000000000000011100110000000001111100000000000000000000000000000000001000000000001000001111000000000111001100000100010000110000000000000001011110000000000000000001100000000000100001001000001001000000000000000000
010000000000000000001000000000000000000000110011000000000001100110000000000000000110000000000111011000000000010110111110000000001000100010000100010000110000000000000000001100001100000000000001100000000000000000110000000110000000000000000000
010101110000000000110000000000000000000000010101000000000000111001000000000000001001000000000000111000001000000101100000100000000011000100000100010000000000000000000000000000010010000000000000000010001010100000000000000000000000000000000000
000010001000000000011000000000100000000000000000000000000000000100010000000000000110000000000000111000001100110010100110010000001100001000000010100000000000000000000000000000001100000000000000000100011001000000000001000000000000000000000000
000010111100000000000000000000100000000000001110000000000000000100000000000001100000000000000010010000000100011001000001110000000000000000000001000000000000000000000000000000000000000000000000001000110001100000000010100000000000001110000000
000011000010000000000000000001010000000000000100000000000011000000011000000001100000000000000001100000000110000000000001000000000000000000011000000000000000000000000000000000000000000000000000001001000101100000000010100000000000001100000000
000001100001000000000000000001100000000000000101000000111111000010000000001000000000000000000000000000000011100000000000101000000000000000011000000000000000000000000000000000000000000000000000001010001001000000000001000000000000001100000000
000001110010000000000000000011000000000000000000100000111101000010001000110000000000011000000000000000010000110000000000100100000000000000000000000000000000000000000000000000000000000000000000000010101010000000000000000000000000000000011000
000010011100000110000000001010000000000000000000110001101101100001001000000010000000100100000000000000110100000000000000001000000000000000000000000000000000000000000000000100000000000000000000000000001100000110000000000000000000000000000000
000001110000001001000000010100000000000000011010100001011000100000000000000110000000011000000000000011000000110000000000001111100000000000000000000000000000000000000100001010000000000000000000000000000000000101000000000001101100000000000000
000000000000000101000000011000000000000000011010000000010100000000000000000000000000000000000000000011101101100000000000001110110000100000000000000000000000000000000100010010000000000000000000000000000000000000101000000000000100000000000000
000000000000000010000000010100000000000000100111000110010000000000000000000000000000000000000000000001000110000000000000000110010001010000000000000000000000000000000000001100000000000000000000000000000110000000010100000000000000000000000000
000000000000000000000000011100000000000000000011000100110000000000000000000000000000000000000000000000000000000000000000000000011001010000000000000000000000001100000000000000000000000000001100000000001011000111010110000000001100110000000000
000000100000000000000000100000000000000000000100100011100100000000000000000000000100110000000000000000000000000000000000000000010000100000000000000000000000010010000000000000000000000000111010110000001010111100110100000000000000110000000111
111111100000000000000001101000000000000000000111000011110100000000000000000000001100111000000000000000000000000000000000000000100000000000000000000000000000001100000000000000000000000011000110001000000111001000000000000000000000111000001000
001110000000000000000000110000000000000000000110000001101100000000000000000000011100110000000011000000000000000000000000000001100000000000000000000000000000000000000000110000000000000100000001000000000001010010001000000000000001000100001000
000100000011000000000000000000000000000000000000000001011100000000000000000000001100110000000011000000100000000000000000000001000000000000000000111100000000000000000000101000000000000011111000000000000000101110010001100000000001001000110000
000000000100100000000000000000000000000000000001100000100000001100000000000000000110100000000000000001110000000000000000000010000000000000000001011100000000000000100000011000000000000000011110100000000001111000100010000000000001001001000000
000010000011000110000000000000000000000000000001001100010010010010000111000000000111000000000000000010011000000000000000000000000000000000010000000001110000000011001000000000000000000000000100000010100001111001000011000000000000000001000100
001010000000001010000000000000000000000000000001101100010010000110000110000000000100000000001000000110000000000000000000000000000000000001110000110000110000000001001110100000000000000000000000000101010001100101000000000000000000000001000010
000100000000000010000000000000000000000000000000101000001110001000001000000000000101000000011100001101110000000000000000000000000000000001100000000000100000000100110011100000000000000000000010000011010000000000000000000000011000000000110000
100000000000000000000000000000000000000010000000000000001100000110001100000100000101000000111110001100100000000000000000011000000000000000000000000000000000001010110000000000000000000000000000010000000000000000000000000000011000000000001000
100000000000000000000000000000000000000010000000000000001100000000001100000110000010000000000000000001110000000000000000101000000000000000110000000000000000110010100011000000000000000000000100010000000000000000000000000000000000000000001000
000000000000001000001100000000000000000010000001100000000000000000000000000010000000000000000000000110000000001110000000110000000000000000000000000000000000110111011111000000000000000000000000100000000000000000000000000000000000000000000111
000000000000001000001100000000000000000000000010100000000000000000011000011010000000000000000000000110000000010010000011000000000000000000001000100000010000011000011100000000000000000000001000000000000000000000000000000000000000000000000000
000000000000001100000010000000000000000000000010000100000000000000101000011100000000000000011100000000000000001000000101000001100001000000111000100000101000001101000000000000000000000000000101000010000000000000000000000000000000000000000000
000000000000000001011101000000000000000000000001100010000000000001000000000000000000000000001100000000000000010000100000000010100001000000000000100001101000000110110000000001100000000000000010000011001001000000000000000000000000000000000000
000000000000000110010010000000000000000000000000000100000000000000001000000000000000100000000000000000000000010000100000000011000001000000111000000000110000001010110000000010010000000000000000000001000111000000000000000000000000000000000000
000000000000000010100000000000000000000000000000000100000000000001000000000000000000100000000000000000000000010000000000001100000000000000010100000000000000000100110000000001100000000000110000000000000011000000000000000000000000000010000000
011000000000000001100000000100000000000000000000000110000000000010010000000000000001110000000100000000000000010010000000010100011100011100000000000000000000000101000000000000000000000001011000000000000000000000000000000000000000000111000000
011000000000000010000000011010000000000000000000000110000000000110111000000000000000000000000100000000000000001111010000011000000000000101110000000000000000000000000000000000000000000100010000000000000000000000000000000000000000001100100000
000000000000000101000000000010000010000000000000000001000000000010001100000000000100000100000100000000000000001001110000000000000001000100110000000000000000000000001000000000000000000100100000000001100000000000000000000000000000001001100000
000000000000000001000000000010000010000000000011111011000000000010101100000000010000000001000000000000000000000000100000000000000001000110110000000000000000000000001110000000000000000000000000000001100000000011011000000000000000110110110000
000000000111001101000000000010000010000000000010011011000000000001101100000000110000100001100000000000000000001001000000000000000001000010100000000000000000111000000100000000000001101100000000111000000000000000000100001100000001000000011000
000000000000111010001111000010000000000000000001000010000000000000010000000001100001110000110000000000000000000111100000000000000000000001000000000000000001101100011001000000000000001100000000000000000000000000000010001010000010000000100100
000000001000110000000001100100000000000000000000100011000000000000000000000000100111011100100000000000000000000001010000000000000000000000000000000000000001001100111011111100000110100000000000000000000000000000000001100100000010010000111100
000000000100110000000000111000000000000000000000000000000000000000000000000000011010001011000000000000000000000000000000000000000000000000000000000000000010010000110001001100000100100000000000000000000000000001000100100000000011100000000011
000000000011000000000000100000000000000000000000000000000000000000001100000000001100000110000000000000000000000000000100000001000000000000000000000011000100010000000001101100000100100000000000000000000000000001100010001000000000000000000100
000000000001000000000010000000000000000000000000000000000000000000011100000000000000000000000000000000000000000000101100000111000000000000000000000010101000000000000001001000000011000000000000000000000000000000000001101100000000000000000000
110000000101000000011110000000000000000000000000000000000000000000100000000000000000000000000000000000000000000000000110000000000000110000000000000010001000100000000001010000000000000000000000000000000000000000000101100110000000000000000000
001000000000011100010000000000000000000000000000000000001100000001100000000000000000000000000000000000000000000000000000000010000001011100000000000000000000011000000000000000000000000000000000000000000000011111001100110110000000000000000001
110100010000110010000000000000000000000000000000000000010100000011100000000000000000000000000000000000011000000000000000000001100011011100000000000000011010000100000000000000000000000000000000000000000000000011011000000100000000000000000001
100110010011100110000000000000000000000000000000000000001000000001111100000000000000000000000000000111111000000010000001000001100011011100000000110000001101000100000000000000000000010000000000000000000000100110001100001010000111100000000000
100100010000001000000000000000000000000000000000000000000000000000001100000000000000000000000000010011100000000001100001000000000010010000000001000000011010000100000000000000000000101000000000000000000000100010000110100000011011010000010000
100000000000000000000000000000000000000000000000000000000000000000001110000000000000000000000000010000100000000000010001000000000001110000000000000010110000011000000000000011000000100100000000000000000000011011000011100000100000010000101000
010000000000000000000000000000000000000000000000000000000000000000000110000100000000000000000000100010000000000000010110000000111000000000000001000000001000100001100000000100100000011000000000001100000000000000000010001111111000110000111000
000000000000000000000000000000010000000000000000000000000000000000000110001011011000000000000000011110000000000110010001000000000000000000000010100000001000100001010000000001110000000000000000001100010000001010000001111111100010100000111010
000000000000000000000000000000010000000000000000000000000001100000001100010011000100000000000000000001000000000110000001000000000000000000000011100000000111000000000000000001110000000000000000000000101000000110000001101111111011000001110000
000000000000000000000000000000010000000000000000000000000001100000000000011000000010000000000000001110110000000000000010000000000000000000000000100000000000000000101000001100110000000000000000000000011000001010001100000000000000001100111110
000000000000000011000000000000000000000000110000000000000000110000000000001100100100000000000000010001110011001110000000000000110000000000000011100000000000000000000100001111110000000000000000000000000000011100010010000000001100010000011010
000000000000000100100000000000000000000000110000000000000000011000000000001100111000000000000000100010001011000000000000100000110000000000000011000001110000000000001000110000011000000000000000000000000000011000000111000000000000010000100000
000000000000000011000000000000000010000000000000000000000000011011100000000100010000000000000000010111111000010010001111100000000000000000000000000001010000000010001001011010000100000000000000000000000000000000110001000000000000001111110000
000000000000000000000000000000000101000000000000000010000001100100100000000011011100000000010000001111111001101010010011001000000000000011000000000010010000000000100000000101000100000000000000000000000000000000000101100000000000000000000000
000000000000000000000000000000000110000000000000000100100010000000100000000001101100000000101000000000000001110000010000000010000000000000000110000010100000000110100000010010000100000000000000000000000000110000100000100000000000000000000000
000000000000000000110000000000000000000000000000000000010110000001000000000001100110000000110000000000000000000000000011000001000000000000000110000011100001000011000010100001011000000000000000000000000001001000100111000000000000000000000000
000000000000000001001000000000000000000000000000000000000010001000000000000000010010000000000000000000000000000010110000000001000000000000000110000000000110000000000001000001100000000110000000000000000000110000010000000000000000000000000010
000000000000000000110000000000000000000000000000000011100000000011000000000000001100000000000111000000000000000010110111110001000000000000000000000000000011000000000000000001100000001001000000000110000000000000001100000011000000100000000101
000100000000000000000000000000000000000000000000000001101000000001000000000000000000000000001111100000000000000110010000011100000000000000000000000000010101000000000000000000000000000110000000000101000000000000010110000100100011110000000101
001010000000000000000000000000000000000000000000000011010100000000001000001100000000000000000000100000000000000000000110000000000000000000000000000000010101100000000000000000000000000000000000001001000000000000011110000011000100001000000010
000100000000000000000000000000000000000000000000011100000100000000110000001111000000000000000000000000000000011100001010000000000000000000000000000011000101100000000000001000000000000000000000001001000000110110011010000000000000111000000000
000000000000000010001000000011000000000000000000000001110000000000000110001000100000000000000110000000001000011011011110000000000000000000000000000110000111000000000000011100000010000000000000001110000001000001110000000000000110011000000000
000000000000000111010100000011000000000000000000000010100000000011101000000100100000000000001000001100000100001111101000000000000000000000100000001000100110000000000000110100000101000000000000000000000000110001010110000000000010001000000000
000000110000001101000100000000000000000000000000000000000000000000010000000001000000000000001100000100011000000100000000000000000000000001010000001101110000000000110000111001000101000000000000000000000000010001001110010010000001010000000000
000000110000011001111000000000000001100000000000000000000000000000000000101110000000000000000011011000000000000000000000000000000000000011011000000111000000000000101000010011100010000000000000000100000000001000000000010001000001110000000000
000000000000111001010000011000000010100000000000000000000000000100100000111100000000000011100000000000110000000000000000000000000000000110010000000001000000000000001100001011100000000000110000011010000000001000001000010001100000000000000000
011000000000010010000000100010000010100000000000000000000000001001000000110000000000000000000110000011000000000000000000000000000000000110110000000000000000000000101000000000000000000000110000011010000000000100001000001100000000000000000000