010110100000000100000010010010100000000000000000000000000000011101000011000000000000000000000110000000000000000011100000000000000000001100110000011000000000000000111011111000000000000000001100001100000000000000000000000010000000000000000001
001101010000000000000000000000010111000000000000000000000000000000000010110000000000000000000000010001000000000011100000000000000000001100110000011000000000000000000001000100000000000000001100001000000000000000000000000011000000000000000011
001010010000000000000101000000100001000000000000000000000000011000000010010000000000000000000000010001000000000000000000000000000000011100000000000000000000000000000001000000000000000000000000000000000000000000000000000000000000001100000111
110010000000000000000010010011000000110100000000000000000000100000000001100000000000000000000000001010000000001000000100000000000000000000000000000000000000000000000000000100010000000000000000000000000000000000000000000001000000010010000010
111010000000000000000000100010000100100010000000000000010000101101010000000000000000000000000000000100000000011000101000000000000000000100000000000000000000000000011001010000011000000000000000000000000000000000000000000010010000001010000001
111110000000000000000001000100000100101100000000000001101110110111001000000000000000000000000000000000000000011001100000000011000000000011100000000000000001100000011001000011001000000000000000000000000000000000000000000100010000000100000000
100000000000000000000011001000000110000100000010000001000010100010001000000000000001100001000000000000000000000101000000000011000000000011100000000000000001100000000000000110001100000000000000000000000000000000000000001000001000000000000000
010000110000000000000001000000000001111000010101100001101001000010111000000000000010010010110000011000000000000010000000000000000000000000000000000000000000000000000001100110011000000000000000000000000000000000000000001111101000000000000100
010000001000000000000000000000000000000000010100010001100100100101000000000000000010100000111100101100000000000000000000000000000000000000000000000000000000000000000000010011110001110000000000000000000000000000000000000000110000000000001000
010000111000000000000000000000000000000000001101010000000101001110000000000000000001000100010110000010000000000000000000000000000000000000000000000000000000000000000000000000100010001000000000000000000000000000000000000000000000000000010000
100000000000000000000000000000000000000000000000100000000000001001000000000000000000000101000100001111000000000000001010000000000010000000000000000000000000000000000000000000000011000100100000000000000000000000000000000000000000000000000000
000000100100000000000000000000000000000000000000000000000000001011000000000000000000000000000000000001000000000000010010000000000101000000000000000000001100000000000000000000000010111011000000000000000000000000000100010000000000000000000010
000110100100000000000000000000000000000000000000000000000000001001000000000000000000000000000001011011000000000000000000000000000010100000000000000000001100010010000000001100000000011000000000000000000000000000001111111100000000000000000100
010000000110111000000000001000110000000000000000000000000000001011000000000000000000000000000010000100000000000000100001000000000001000000000000000000000000100010000000010010001100110000000000000000000000000000001001000010000000000000000010
100000000000000000000000010110000000000000000000000000000000000100000000000000000000000010010111101000000000000001111101000000110000000000000000000011000001000010000000010100010000100110000000000000000000000000000101010010000000000000000010
010001000000000000000000101111110000000011100000000000000000000000000000000000000000000010000100001000000000000001000000000000111011000000000000000011000010000010000000001000100101101101000000000000000000000000000001011100000000000000000010
000010000000000000000001110001100000000000000000000000000000000000000000000000001110000010010100000000000000000001100000000000100011000010000000000000000000000010000000000000100100001100000000000000000000000000000011010000000000000000000000
000000000000000000000001100001100110000000000000000000000000000000000000000000000000000000100000000000000000110101000000000000001000001101000000000000000000000110000000000000111000000000000000000000000000000000000001110000000000000000000001
001000000000000000000010100001100011000000001000000000000000000000000000000000000000000000000000000000110000100001000000000000000010010101000000000000000010001000000000000000000000000000000000000000000000000000000000000000000000000000000000
000000000000000000000110110001010110000000010100110000000000000000000000000000000000000000000001001110000000011001010100000000000000011110000000000000000000001100100000000000000110000000000000000000000000000000000000000000000000000000000000
000000000000000000000010100001000110000000010100110000000000000000000000001000000000000000000111111000001000001001111000111000000000000000000000000000000100000001000000000000000110000000000000000000000000000000000000000000000000000000000000
000000000000000000000001000000100100000000001000000000000000000000011000011001001000000000001110000000001000000010110010000000000000000000000000000000000100000001000000000000000000000000000000000000000000000000000000000000000000000000000000
000000000110000000000000000000011110000000000000000000000000000000100100111000101000000000000000000000000000000000100000000000000000000000000000000000000100000010000000000000010000000000000000101000000000000111100000000000000000000000000000
000000000110000000000000000000000011100000000000000000000000000000101000011000001000000000000000000000110000100000000011000000000000000000000000000000000110001100000000000000010000000000000011000110000000000000010000000000000000000000000000
000000000000000000000000000000000010100000000000000000000000000000010000000000000000000000000100000000001000110000000000010000000000000000000000000000000010010010000000000111001000000000000011000010000000001000001000000000000000000000000000
000000000000000000000000000000001000000000000000000000000000000000000000000000100000000000001000000011000000110000000000100000000000000000000000000000000001000100000000000110000000000000000010000011000000000000001000000000000000000000000000
000000000000000000000000000000010110001000010000000000000000000000000000000000000000000000001000000000100000000010000000000000000000000000000000000000000000111000000000001000000000000000000010000000000000000000001000000000000000011000010000
000000000000000000000000000000010011000000010000000000000000000000000000000000000000000000000001111000000000000000000000000000000000000000000000000000011111111000000000001011000000000000000010000000000000001000000000000000000000011000001000
000000000000000000000000000000001111000000010000000000000000000000000000000000000000000000000110110100001000001000001010000000000000000000000000000000000011000000000000000100100000000000000001100000000000000100010000000000000000110000000011
100000000000000000000000000000000110001000000000000000000000000000000000000000011000000000000110000000110000001000001000010000000000001100000000110000000000000000000000000011011000000000000101000000000000000000000000000000000000011000000001
100000000000000000000000000000000010000000000011000000000000000000000000000000110100000000000100101011000000000100001000010000000000010010000001001000000011000000000000000011011000000000000010000000000000000100100000000000000000001100001101
010000000000000000000000000000000100000000011010000000000000000011000000000000110100000000000000001010100000001100000010110000000000010100000001010000000010100000000000000011100000000011100000000000000000001000100000000000000000000100000011
100000000000000000000000000000000010010001101000000000000000000010100000000000110001000000000000000000100000000000000000000000000000001000000000100000000001100000000000000100100111000000000000000000000000000101000000000000000000000000110001
100000000000000011000100000001000001110000101000000000000000100001000000000000110101100000000000000000000000000000010000000000000000000000000000000000000000000000000000000011000111000000000000000000000000000010000000000000000000000001010000
000000000000000011001010000001000000000000010000000000000011010000000100000000100001000000000000000000000000000000111000000000000000000000000000000000000000000001110000000000010001000000000000000000000000000000000000000000000000000010010000
000000000000000000000110000001000000000000000000000000010001010000011000000011000000000111000000000000000000000001010100000000000000000000000001110000000000000010001000110000000100000000000000000000000000000000000000000000000000000010000000
000000000000000000000000000000000000000000000000000000011101000000001100000011000000000001000000000000000000000001000100000001110001100000000010011101100000000010001111010000100000000000000000000000000000000001100000000000000000011011010000
011000000000000000000000000000000000000000000000000000000111110000000000000100110000000110000011000000000000000011000110000001001001100000000001011011101110000001110111100000100000000000000000000000000000000010100000000000000000011101001000
011000000000000000000000000000000000000000000000000000000011000000000000000110110000000110010011001010000000000011000110001101011000000100000000110000011101000000001001000000000000000000000000011100000000000001000000000000000000001111110000
000000110000000000000000000000000000000000001010010000000100010000000000000011100001100110100001001000000000000000000000011110110100001001000000010110000001000000000000000000011100000000000000100010000000000000000000000000000000000000000010
000000110000000000000000000000000000000000010001010000000011011000000000000000000001100011011110010000000001100000111000100010110100010001000000000011000100000000001010000000000000000000000000110110000000000000000000000000000000000001000001
100000000000000000000000000000000000000000001011010000000011100000000000000000000000000001110110100011000001100000000000010100100000100000100000000001000001100000001000000000000000000000000000100001000000000000000000000000000000000010100001
000000000000000000000000110000000000000001000110010000000000000000000000000000000000000000000000000001000000000000000000010011001000111110110000000000110000000010000110001111100010000000000000011011000000000000000000000000000000000000100000
001000000000000000000000010000000000000010110010000000000000000000000000000000000000000000000000010110000000000000000000000110110001110110100000001101100101101010000110011111001000100000000000010001000000000000000000000000000000000010101100
000000000000000000000000010100000000000100000010000000000000000000000000000000000000000010000000000100000000000000000000000010010000000000100000010011011101100000000110111001100000001000000000001110000000000000000000000000000000000000101000
000000000000000000000000001100000000000010010100000000000000000011000000000100000000000101000000011100000000000000000000000001010000000100000000010010000000000100110000000100010100111110000000000000000000000110000000000000000000000000001000
000000000000000000000000000000000000000001100010000000000000000011000000001010000000000101000011000100000000000000000000000000110000001011000000001100000000000100100000100100001000101111000000000000000000000110000000000000000000000000001010
000000000000000000000000000000000000000000000000000010000000000000000000000110000000000010000101000100000000000000000000000000000000011100000000000000000000000011000000000000000000010110100000000000000000000000000000000000000000000000001010
000000000000000000000000000100001100000000000000000000000001000000000000000000000000000000001001101100000000000000001100000000000000000000000000000000000000000000000010110000000000011100110000000000000000000000000000001100000000000000000000
000000000000000000000000001100001100000000000010100010000011100000000000000000000000000000001001011100000000000000010010000000000000000000000000000000000000000000000011100000000000001110110000000000000000000000000000001100000010100000001000
000000000000001000000000000000000000000000000000000100000111010000000000000000000000000000001001000100000000000000001100000000000000000000000000000000000000000000000001000000000000000011010000000000000000000000000000000000000110100000010100
001100000000101000011100101000000000000000000000000000001010011000000000000000000000000000000100001000000000000000000000000000000000000000000000000000000000000000000000000000000000000001100000000000000000000000000000000000001000000000100010
010001110100001000111001001000000000000000000000110000001100100000000000000000000000000000000011100000000010000000000000000000000000000000000000000010000000000000000000000000000000000000000000000000000000000000000000000000011010000001000011
000000010110100000100100100000000000000000000000000000000000000000000000000000000000000000000000100000001111000000000000000000011000000000000000000101000000000000000000000000000000000000010010000000000000000000000000000000011001000011111111
010000001101000000100011000000000000000000000000001110000011000000000000000011000000000000000000000000000000100000000000000000100100000000000000000101000000000000000000000000000000000000010010000000000000000000000000000000001101100110100000
111110101000000000000100000000000000000000000000010100000101100000000000000011000000000000000000000000100000100000000000000000011000000000000000000010000001110000110000000000000000000000010001000000000000000000000000000000000100110011100000
100000011010000000000101000000000100000000000000100000000101100000000000000000000000000010000000000000000000000000000000000000001001100010110000000000000010110000110000000000000000000000001110000000000000000100000000000000000010100011011000
001000001111000000001000000000001010000000000000100100000000000000000000000000000000000101000000000110000010100000000000000000000000000010001000000000000000000000110000000000000000000000001110000000000000000000000000000000000011100001001000
101000000110000000001000010110000110000000000000100100000000000001100000000000000000000101000000000110001000100000000000111100001101001001101000000000000011000000000000000000000000000000000000000000000000000001110000000000000011100000110000
110000000000000000010000010110000000000000000000011000000000000010010000000000001000000010000000000001000000000000000000110010011101000000001000000000000000000100000000000000000000000000000000000000000001111001100000000000000000000011100000
000000000000000000001111100000000000000000000000000000000000000001010000000000001000000000000000000000000100110000000000000000001011001000110000000000000000000010010000000000000000000000000000000000000010000000000000000000000000000111100000
000000000000100100000000000000000000000001000000000000000000000000100000000000001000000000000000111000000010101000000000010110000111100000110000000000000000000001100000011000000000000000000000000000000001110001100000000000000000000110010000
000000000001000000000000000000000000000011100000000000000000000000000000000000000000000000000000100100010000000000001111111000000001000000000000000000000000000000000000001100000000000000000000000001100001110000100000000000000000000001000000
000000000001000010000000000000000000000010010000000000000000000000000000000000000000000000000001100100000000000000011011011000000001010000000000000000000111000000000000010000000000000000000000000001100000010000110000000000000000000001110000
000000000000110100000000000000000000000000101100000000000000110000000000000000000000000000000001110110000010100000010111000000000000110000000000000000000000000011000000000000000000000000000000000000010000000000011000000000000000010000000000
000000000000000000000000000000000000000100011100000000000001010000000000000000000000000000000000001100000001000001000000000000000100010000000000000000000001000011000000000000000000000000000000000010110000001100011000000000000000000000000000
000000000000000000000000000000000000000101001110000000000001011000000000000000000000000000000000011100000000000111000110000000001110000000000000000000001000000000000000000000000000000000000000000010100000000100100000000000000000000000000000
000000000000000000000000000000000000000010001010000100000011111000000000000000000000000000000000000000000000000001011011000000010001000000000000000000000010000000000000000000000000011000000000000001000000000101100000000000110000000000000000
000000000000000000000000000000000000000000000111001110000100101100000000000000000000000000000000000000000000000000010011111000100100100000000000000000000100000000000000100000000000011100000000000000000000100011000000000001001000000000000000
000000000000001100000000000000000000001010000111001110111111011100000000000000000000000000000000000000000000000000000010011000100001000000000000000000000000000000000001010000000000000100000000000000000001100010000000000000000100000000000000
000000001100001110000000000000000000001010000001000000000100000000000000000000000000000000000000010111000000000000010001101001011100000000000000000000000000000111000010001000000000000000000000000000000010100000000000000100001100000000000000
000000001100000000000000000000000000001000000001100000000001101000000000000000000000000000000100101000000000000000010000000001000010000010000000000000000000000000000010000000000000000000000000000000000011000010000000001001101100000000000000
000000000000000000000000000000000000000000000001100000000000110000000000000000111000000000001100000011000000000000111100001100011110000011100000000000000000000000000000000000000000000000000000000000000001100011000000000011011100000000000000
000000000000000000011100000000000000000000000000000000000000010000000000000000001000110000001100110000000000000000010001010001101000001000100000000000000000000000000001110000000000000000000000000000000000110011100000000010010100000000000000
000000000000000000001100000000000000000100000000000000000000000000000000000000011001010000000000010000000000000000000001101100000000001010001000000000000000000000000000000000000000000000110000000000000000011011000000000001011000000000000000
110000000000000000000010000000010000001110000000000011000000000000000000000000000000000000000011010000000110000000000010000100000000010010101000000000000000000000000000000000000000001111101100000000000000110110000000001001110000000000000000
110000000000000000000001000000101000001001000000001000010000000000000000000000000000010000000000010000001001000000000100001000000000001110000000000000000000110110000000000000000000010000000100000000000000011100000000001011000000000000000000
000000000000111000100000100000101000100011000000001000010000000000000001000001100000000000000000000000110101000000000000001000000100000111000000000000000000100011010000000000000000010010000001000000000000001000000000000000000000000000000000
000000000000111000100000100000010001001011000000001000010001100000000001000001100000110000000100100000111010000000000100010000001010000000100010000000000000011111111000000000000000001110000001000000000000000000000000000000000011100000000000
000000110000000000001100000000000000100000000000000011000001100000000010100000000000110000000010000000000000000000001101100000000110000000000000000000000000000001010100000000000000000001000001000000000000000000000000000000001000010000000000
000000100110100000000000000000000000011010001000000000000000000000000001000000000000000000000000000000000000000000000100110000000000011000101100000000000000000011101110000000000000000001000100000000000000000000000000000000001000001000000000
000000011110100000100111000000000000010011110001100000000000000000000001000010000000000000000000000000000011100000011000111000000000011000010000000000000000000001010100000000000000000000101100000000000000001101011000000000010000101000000000
000000001000000001011000000000000000000011000001100000000000011100000000000010001100000000000000000000000100100000010000110000000000000000000000000000000000000000111000000000000000000000010000000001100000001100010000000000010010000000000000
000000000000000010000100000000000000011011000000010000000000010010000000000010000110000000000000000000000010000000001111100000000000000000000000000000000000000000010000000000000000000000000000000010010000000100010000110000001010000000000000
000000000000000010000100000000000000001111111101100000000000000001000000000000000000000000000000000000000001110000000111000000000000000000000000000000100000000000000000000000000000000000100000000001100000000001111000110000000100000000000000
001100000000000010001011000000000000000111110000010000000011101001000000000000000000011000000000011001000001110000000010000000000000000000000000000000100000000000000000000000000000000001010000000000000000000011000000000000000000000000000000
010010000000000001100011000000000000000011000001000000000011111111000000000000000000100100001000000000110010000000000000000000000000000000000000000000100000000000000111000000000111000001010000000000000011000101100000000000000000000000000000
010100000000000000000000000000000000000000000100010000000100110010000100000000000100101110010100000010000010100000000000000000000001100000000000000000000000000001000111111100000001000000100000000000000100100101000000000000000000000000000000
001000000000000000000000000000000000000000000011100000000000001000000100000000000011101100011000001000001011000000000000000000000001100000000000000000000000010100000111111100000001000000000000000000000110110000000000000000000000000100000000
000000000000000000001100000000000000000000000001100100000000000000000100000000000011001100000000001000010000000000000000000000001100100000000000000100000001101011000011110010000000000000000000000000000010100000000000000000000000001100000000
000000110000000000001100000000000000000000000000111100000000000000000000000000000001001000000000000010000000000000000000000000010011000000000000010010000100000010000011111000000011000000000000000000000001000111000000000000000000010010000000
000000110000000000000000000000000000000000000000100100000000000000000000000000000000110000000000000010100000000000000000000000001000000000010110011100001000001111100011111000000011000000000000000000001000000101000000000000000000110000000000
000000000000000000000000000000000001000001110000000101001100000000000000000000000000100000000000000001100000000000000000000000000000000000111110111000001000100000110000000000000100100000000000000000011000000111000000000000000000010000000000
000000000000000000000000001110101101000000000000111101000010000000000000000000000000000000000011100000100000000000000000000011000000000001101011000000000111000000011000000000000010100000000000000000111000000000000000000110000000010010000000
000010110000000000000000001001101101000000000000001100001100000000000000000000000000000000001111100000000000000000000000000011000000000000110011000000000110000000000000000000000001100000000000000011100000000000000011000110000000010001000000
000010101000000000000000001101000100011000000000000000000000000011100000000000000000000000000100010000000001000000000000000000000000000000010000000000000000000000001000000000000000000000000000000101100000000000000010100000000000001010000000
000000001000000000000000000011011000010000100000000000000000000001100111000000000000000000000110101000000001110000000000000000000000010000000000000000000000000000011110000000000000000000000000001001000000000000000010010000000000000100000000
101000010000000000000000000000111000101101010000000000000000000011001011000000000000000000000000011000000000000000000000000000000010000100000000010000000000000000011001100001000000000000000000010000000000000000000010000000000001000000000100
011100000000000000000000000000000001111000010000000000000000000110000000100000000010000000000011010100000000000000000100001110000010000000000001001101100000000000000011000011100000000000000000001100000000000110000001000100001011000000001000
010110000000001110000000000000000000110011100000000000000000000000000001000000001001000000000010010000000000000000000011001110000000000010000001101101111000000000000000000010100000000100111000000000001100001001000000100010011110100000011000
001100110011001110000000000000000001100100000000000000000000000010000001000000010000000000100001110000000000000000000000110001000010000001000000110000000100000010000000000110000000001110100100000000001100000110000000010100010100000000101100
001000000000000001000000000000000001001100000000000000000000000000000000000110000000000001110000000000000000000000000000011101100010011010110000000011010010000011000000000000000000011010000010000000000000000000000000001000001111000000110000
000000000001100010000000000000000010111000000000000000000000000000000010001000000000000001110000000001100000000000000100010000000010010001000000010100011110000000000000000000000000110000100010000000000000000000000000000000000110000000000000
000001001111000000000000000000000001011001000000000000001100010000000110000100000100000011011000000011100000000000000110000011011010110000000000010000100000000000000000000000000000011010000010000000000000000000000000000000000000000110000000
000000110000010111100000000000000000000100100000000000010010101000101100000010110000000000111000000010000000000000000001110100101010111000000000011011000000010000000000100000000000001110100100000000100000000000000000000000000000001000000000
000000000000000010100000000000000000000000000000000000001100001101010000000000000000000001000000000000000000000000000000001110011010110110000000000000000000010100000001100000000000000100111000000001010000000000000000000000000000000101000000
001100000110000000100000000110000000000110111000000000000000011101110000000000000000000000111000000000000000000000000000001110000010000110000000000000000010000000000010010000000000000000000000000010000000000000000000100000000000100010000000
010000000010111100100000000110000000001000101100000000000000000011010000000000000000000000000011000000000000000000000000001101110001000110000000000000000011101100000010100000000000000000000000000010011001000000000001010000000010010000000000
000000000000111000001100000000000000000110110110000000000000000000010000000000000000000000111111010000000000000000000000110111100000001000000000000000000010000010000001100000000000000000000000000000000000100000000000100000000000000000000000
010100000000111101101110000000000000000110100100000000000000000001100010000000000111000001100110100100000000000000000000001101000000001100000000000000000000001000000000000000000000000000000000000011100000110000000000000000000010100000000000
000010011000000100010000000000000000000000111000000000000000000011000101000000000000000001110000010100000000000000000000000000000000000100000000000000000010000000000010000000000000000000000000000001000001100000000000000000000001000000001100
110100011000000001101100110110000000000000010000000000000000000110000000000010000000000000011000001100000001100001100000000000011100001000100000000000000000000000000101000000000000000000000000000001100001000000000000000000000000000000000000
110000000000000001100000001110000000000000000000000000000001011000000000000100100000000000011100000000000110010011000000000000010000000100010000000000000000001000000101000000000011000100000000000000010000000000000010000000000000000000000000
000000000000000000000001111010000110000000000000000000000110010011000000000000110000000011111011000011000000001001000000000000000110000011010000000000000000011100000011100000000001100110000000000000000000000000000101000000000000000000100000
000000000000011000001100000110110100000000000000000000001011000010000000000010001001100011000010110000000100010000000000000010000000000000100000000000000000100100000000110000000000011010000000000000000000000000000101000000000000000001110000
000000000000010100000000000010001100000000000000000000010101010010000000000010010010010000000100000110000000000010000000000010001000000000000000000000000000111000000010110000000000001100000000000000000000000000000010000000000000000000110000
000000001000100000000000000000001000000000000000000000001000101100000000000001111010100000000100001110000011101001000000000010000001000000000000000110000000010000000100100000000000000000000000000000000000000000000000000000000000000000000000
000000001000111010000001100010000000000000000000000000000000011000000000000000011001000000000100000000000010000000100000000000000101000000000000000110000000000000000011000000000000000000000000000000000000000000000000000000000000000011000000
000000001000100111100001100101000000000000000000000000000000000000000000000000001100000000000010101110000001000001000000000000110000000000000000000000000000000000000000000000000000000000000000000000000000000000000000000000000000000011000000
000000000000011100100000001001100001100000000000000000000000000000000000000000000000010000000000001100000001000110000000000000000000000000000000000000000000000000000000000000000000000000000000000000000000000000000000000000000000000000000000
000000000000000000100000001100010001100000000000000000000000000000000000000000000000101000000000000001100000000000000000000000000000000000000000000000001100000000000000000000000000000000000000000000000000000000000000000000000000000000000000
000000000000000000000000010100110000000000000000000000000000000000000000000000000000000000000000000100100000000000000000000011000000000000000000110000000010000000000000000000001100000000000000000000000000000000000000000000000000000000000000
000000000000000000000000011100100000000000000000000010000000000000000000000000000000000000000000001000100000000000000000000100000000000000110001001000000010000000000000000000001101000000001000000000000000000000000000000000000000000000000000
000000000010000000000000001000000100000000000000000111000000000000000000000000000000000000000000011011000000000000100000000011100001000111101011000000101000000110000000000000000001110000011100000000000000000000000000000000000000000000000000
000000000111000000000010001011001010000000000000000110100000000000000000100001100000000000000000011100000000000001110000000000111010001110001100000010011000001010000000000000000001100000101110000000110000000000000000000000000000000000000000
000000000000100000001100000100110000000000000000000001110000000000000011100010010000000000100000000000000000000011000000000000111000000000010010000010110000001100000000000000001111000001110001000000110000000000001000000000000000000000000000
000000000110110000000000000101101010000000000000000001100000000000000011000001010000000000100000000000000000000000000111000000110001011000000011010100110100000000000000000000001110000000000111000000000000000000010000000000000000100000000000
000000000010001000000000000011001100000000000000000000000000000000000011000011000000000000000000000000000000000010100011000000110000001000100000001101100100000000000000000000000100000001101011000000000000000000010100000000000000111000000000
000000000110010000000000000000000000000000000000000000000000000000000000000011000100000000000010000000000000000001100000000000000000001000000000000000110000000000000000000000000000000010000100000000000000000000000110000000000001100100000000
001100000011100000000000000000000000000000000000000000000000000000000000000011000100000000000011110100000000010001000000000000000001110001000000000010100000000000000000000000000000000001111000000000000000000011001100000000000000010010000010
011000110000000000000000000000000000000000000000000000000000000000000000000000111000000000000000001100001001000000000000000000000000000110000000000010000100000111000000000011000000000000000000000000000010000000100110000110000011001100000010
001100110000010000000000000000000000000000000000100000000000000000011000000000000000000000000011000000000111100000000000000000000010000000000011000000010100000000000000000010110000000001000000000000000100010000001100000110000010100000000010
000010110000011100000000000000000000000000000001110000000111000000111000000000000000000000000100100000000000000000000000000000000001010000000010100000011000001010100100000001110000000000110000110111000100010000000000000000000010100000110000
000010100000001010000000000000000000000000000001010000000010100000010110000000000000000000000100000000000110000000000000000000000000111000000010100000000000000100100100000001100000001000000000101000100100001100000000000000000001110000000000
000001000000000011000000000000000000000000001101000000000100010000000110000000000000000000000000100000001010000111000000000000000000001000000001100100000000000101101000000000000000001100000000000001000010000010000000000000000000011000000000
000000000000010110000000000000000000000001000110000000000010010000000000000000000000000000000000000000000100000101000010000000000000000000000001001000100000000000000110000000000000000000000000011110000000000000000000000000000000000100000000
000000000000011100000000000000000000000000010110001110000010010000100000000000000000000000000000000000000000000111000101000000000000000000000000100111000000000000000110000000000000000000000000001000000000000000000000000000000000000000010000
000000000000000000000000000000000000000010000011000100000000100001010000000000000000000000000000000010000000000000000100100110000000000000000000110000000000000000001001000000000000000000000000000000001110000000000000000000000000000000011000
000000010100000000000000000000000000000010000011110100000001000000000000000000000000000000000000001101100000000000000011011010000000000000000000001110000000000000000110000000000000000000000000000000000110000110000000000000000111000000000000
000000000100000000000000000000000000000001010011000000000000000000000000000000000000001000000000000011100000000000000000011100000000000000000000000000000000000000000010000000000000000000000111000000000010000000000000000000000011011000000000
000001100110000000000000000000000000000000010001000000000000000000000000000000000000010000000000000000000000000000000000011100000000000000000000011000100000000000000000000000000000000000000000000000001100000000000000000010000011010000000000
000011000000100000000000000000000000000001100011001000000000000000000000110000000000000000010000000000000100000000000000011100000000000000000000010000100000000010001000000000001100000000000000000000000000000000000000001101100001100000000001
000001010001010000000000000000000000000010010001001000000000000000000000101100000000000000000000000000000100000000000000011101110001000000000000011000100000000111001000000000001100000000000000000000000000000000110000011101000000000000000001
000000111000110000000000000000000000000001100001110000000000000000000000001011010000000001000000000001100000000000000000001100000010100000000000000000000000001001001000000000000000000000011000000000000000000001001000010001010100000000000001
000000000001110000000000000000000000111000110000110000010000000000000000011000011100000001000000000010010100000000000000000100001000010000000000000111000000000101000000000000000000000000100100000000000000000001110000001000000100000000000000
011100000101100000000000000000000001001000010100000000101000000000000000000011010111100000001000010001110100000000000000000000000010100000000010000000000000000011000000000000000000000001010000000000000011000000110000001101100110000000011100
000000011011000000000000000000000010000100000000000000101000000000000000011010000011110000011000010000000111100000000000000000001101000011000110000000000000000011000000000000000000000001001000000000110011000000000000000001100100000000000000
000000000110000000000000000000000000010000000000000000010000000000000000001100000000010000100100000000000011010000000000000010001000001000101010111000000000000000000000000000000000000000110000000000000011000000000000000000011000000000000001
000000000000000000000000000000000001110111000000000000000000000000000000000000000000100000101000000000000011010000001110000000001000001000101000111000000000000000000000000000000000100000110000000101100000000000000000000000001000001100000001
000000000000000000000000000000000001011110001010000000000000000000000000000000000000000000101000000000000000110000000000000001001111001100001000100100000000000000000000000000000001010000000000000111100000000000000000000000000000001100000001
000000011000000000000000000000000010010000000000000011000000000000000000000000000000000000110000000000000000110000000000000000010111000011011111010100000000000000000000000000000010010000000000000011011000000000001100010000000010000000000000
000000100100000001100000000000000100010000000000001111100000000000000000000000000000000000000000000000000010110000000000000000000000000001000000011000000000000000000000000000110001100000000000000011011000000000011000001000000000000000000000
000001111100000010100000000000000100010000000000010000100000000000000000000000000000000000000000000000000001100000000000000000000000000000011001110000000000000000000000000000110000000000000000000000001000000000011000000100010000000000000000
000010001000000011000000000000001000110100000000010011000000000000000001100001000000000000000000000000000000000100000000000000000000000010000001000000000000000000001100000000000000000000000000000000100000000000000100000100101100011000011100
000100000000000000000000000000010000111000000000011001100001000000000010010010100000000000000000000000000000001110000000000000011000000001001110000000000000000000001100000000000000000000000000000000000000000000000011111100111000111000010000
000110000000000000000000000000000000000000000000000111000011000000000010100001100000000000000000000000000000011011000000000000000100000111000000000000000000000000000000000000000000000000000000000000000000000000000000000011101010100100001101
100000001010000000000000000000000100000000000000000000000010100000000001000000000000000000000000000000000000001110000000000000011000000000000000000000000000000000000000000000000000000000000000000000000000000000000000000011000000110000000000
111000010010000000000000000001001000000000100000000000000011100000000000000000000000000000000000000000011100000100000000001110000000000000000000000000001000000000000000000000000000000000000000000100000000000000000000000000011000010111001000
000000010010000000000000000001000000000000100000000000000001000000000000000000000000000000000000000000010010000000000000001010000000000000000000000001010010000000000000000000110000000000000000001110000000000001100000000100001000010000100001
000000001100000000000000000000100000000000000000010000000000100010000000000000000000000000000000110000000001000000000000000010000000000000000000000010010010000000000011100000100100000000000000010011000000000001100000000010001000001000001001
101101110000000000000000000000000000001011000110110000000000011001000000000000000000000000000001001000010010000000000000000001000000000000000000000001000000000000000100011000100011000000000000000001000000000000000000000000000000001100110010
100001110000111000000000000000000000111000001000100000000000000010000000000000000000000000000000110000010100000000000000000011000000000000000000000001010000000000000101001000000011000000000000000111000000000000000000000000000000000011100000
110000000001001100000000000000000010000100011000100000000000000000000000001100000001010000000000000000011100000000000000000001000000000000000000000000110000000000000011000000001111000000000000011011000000000000000000000000000000000000001110
100000000001100110000000000000000011100000101010000000000000000000000000001100000101001000000000000000000000001110000000000110000000000000000000000000000000000000000011011000101000000000000001101000000000000000000000000000000000000000101000
000000000000000111000000000000000001000001001011000000111000000000000000000000000101110000000000000000000000010010000000110110000000000000000001100000000000000001000011111000000000000110000001001100000000000000000000000000000000000001101001
000000000000000010000000000000000000000000000100010001101100000000000000000000011100100000000000000000000000010001000000001000000000000000000010010000000000000011000011100000000000000110000000110000000000000000000000000000000000000011010111
001100000001000100000000000000000000000000000000100001101000000000000000000000000000000000000000001100011100111011100000000000000000000000000001100000000000000010100001011000000000000000000000000000000000001100000000000000000000000001100011
011010000110010000000000000000000000000000000001100000011100000000000000000000000000000000000000001100000100110011000000000000000000000000000000000000000000000000000000101000000000000000000000000000000000011100000000000000000000000000111110
001000000001000000000000000000000000000000000000100000001100000000000000000000000000001000000000010100000110010100011000000000000000000000000000000010000000000000000000001100000000000000000000000000001101010000000001000000000000000001111110
010100000000000000000000000000000000000000000011100000011100000000000000000000000000010000000000000000001100000000001100000000000000000000000000000101000000000000000000000000000000000000000000000000011000110000000010100000000000000011101010
010000000000000000001100000110000000000010000101000000001000000000000000000001000000000000000000000000000000000000000100000000000000000000000000000101000000000000000000000000000000000000000000000000110000010000000010100000000000000011000001
100010100000110000001100001100000000000110000011100000000000000000000000000010100000000000000000000000000000000000000000000000000101000000000000000010000000000000000000101110000000000000000000000000011000111000000001000000000000000000000000
000011100001001000000000011000000000001000001010100000000000010000000000000010100000000000000000000000000000000000000000000000001001000000000011100000000000000000000011000110000000000000000000000000001110001000000000000000000000000000000000
000011000000101000000000000000000000000100011000000000000000011000000000000001000000000000000000011000000000000010001110000000001000100000000100010000000000000000000011010110000000000000000000000000000111110000110000000110000000000000000000
000000100000010000000000000000000000000001000010010000000000001010000000000000000000000000000011111000000000001100001110000000001111110100001000001000110000000000000000011000000000000000000001100000000000000001001000001001000000000000000000
000011010000000000000000000000000000000001101101000000000000100010000000000000000110000000000111000100000000010000100000000000001000101010001000001000110000000000000000000000001100000000000001100000001010000000110000000110000000000000000000
001000011000000000101000000000000000000000110000000000000000111010000000000000001001000000000010000000001100110000000000000000000011000100001000001000000000000000000000000000010010000000000000000000010001000000000000000000000000000000000000
001000000100000000110000000000100000000000000010000000000000010100000000000000000110000000000000000000001101000111000011000000000111000000000100010000000000000000000000000000001100000000000000001100100010000000000001000000000000000100000000
000000010000000000010000000001010000000000000100000000000000000000000000000001100000000000000001100000001101000111000011000000000000000000000011100000000000000000000000000000000000000000000000010110000000000000000010100000000000001100000000
000111100001000000000000000001010000000000000010000000010000000000000000000001100000000000000000000000000110000000000011010000000000000000011000000000000000000000000000000000000000000000000000011011000000000000000010100000000000010000000000
000000000001000000000000000011100000000000000001100000010000000000000000000000000000000000000000000000010010001000000001111000000000000000011000000000000000000000000000000000000000000000000000001110000001000000000001000000000000001000000000
000000001101000000000000000110000000000000000001010000000001100000000000001000000000011000000000000001000010110000000000000100000000000000000000000000000000000000000000000000000000000000000000000010100011000000000000000000000000000000000000
000010101110000110000000001001000000000000000000001000000010100000000000001110000000100100000000000001000000000000000000010100100000000000000000000000000000000000000000000100000000000000000000000000011100000110000000000000000000000000000000
000001110000001001000000110100000000000000010000110011100010100000000000000110000000011000000000000000000000010000000000011000110000000000000000000000000000000000000000001010000000000000000000000000001000000101110000000000001100000000000000
000001110000000101000000110110000000000000100000000111100001000000000000000000000000000000000000000010100000010000000000000001010000100000000000000000000000000000000000010010000000000000000000000000000010000000011100000000010010000000000000
000000000000000010000001000110000000000000010000000110110000000000000000000000000000000000000000000001101001000000000000000001001001010000000000000000000000000000000000001100000000000000000000000000000111100100000010000000001100000000000000
111100000000000000000000010110000000000000001000001100011000000000000000000000000000000000000000000001000110000000000000000000001001010000000000000000000000001100000000000000000000000000111110000000001010011100010001000000000000100000000110
001101000000000000000001011000000000000000000001100000001100000000000000000000001111010000000000000000000000000000000000000000000000100000000000000000000000010010000000000000000000000010000001010000001100111001000010000000000001010000000000
000101000000000000000010010000000000000000001101100000000110000000000000000000010000110000000000000000000000000000000000000000001000000000000000000000000000001100000000000000000000000010000000110000000000010001011100000000000011100000001000
111100000000000000000001100000000000000000000101100000000010000000000000000000111011000000000011000000100000000000000000000000000000000000000000011000000000000000000000110000000000000100000000100000000000000011111000000000000000010100001101
000100000011000000000000100000000000000000000000000000000110000000000000000000000001100000000011000001110000000000000000000010100000000000000000010110000000000000000000101000000000000011111001000000000000000100000001000000000011101110110000
001010000100100000000000000000000000000000000000100001111000000100000010000000000000100000000000000001001000000000000000000001000000000000000000000111100000000011010000101000000000000011100000000001000000000000010010100000000001000100010000
000000000011000111000000000000000000000000000010010000111010000010000101000000001111000000001000000110011100000000000000000000000000000000100000000011100000000010011100111000000000000000000110000011100000000000100011000000000000000010100000
000110000000000001000000000000000000000000000010100000011011001010001001000000010000000000011100000111001000000000000000000000000000000000011000000000010000000100001000110000000000000000000000000100000000000010000000000000000000000010010000
000000000000000010000000000000000000000000000001110000111011001010011100000000000000000000101010001100110000000000000000000000000000000011011000000000000000001111000100110000000000000000000000000010000000000000000000000000011000000000110000
000000000000000000000000000000000000000010000000000000010100000000010000000110001100000000101010001110000000000000000000011000000000000000000000000000000000011010000000100000000000000000000000000000000000000000000000000000011000000000001100
000000000000000000000000000000000000000010000000000000001000000000010100001000000010000000011100001011110000001110000000101000000000000000100000000000000000011001000001100000000000000000000000000000000000000000000000000000000000000000001010
000000000000000000001100000000000000000010000001100000000000000000010100001001000000000000010100001100110000001010000000110000000000000000000000000000000000000011100000000000000000000000000000000000000000000000000000000000000000000000000000
000000000000011100011010000000000000000000000010110000000000000000100100010011000000000000001000000110000000010010000011000000000000000000001000100000110000000001000000000000000000000000000000000000000000000000000000000000000000000000000111
000000000000000100100011000000000000000000000010100000000000000000101000010100000000000000010100000000000000100100000011000001100001000000011000100001101000000000000000000000000000000000000110000011000000000000000000000000000000000000000000
000000000000001010100001000000000000000000000001000110000000000000010000001000000000000000000000000000000000000100000000000010100001000000100000100010001000000000000000000001100000000000000110000100100010000000000000000000000000000000000000
000000000000001010000110000000000000000000000000000000000000000000000000000000000000000000000000000000000000000100000000000011000001000000101000000001110000001000011000000010010000000000010000000011001101100000000000000000000000000010000000
000000000000000000111000000000000000000000000000001010000000000000000000000000000000100000000000000000000000000100000000001100000000001001000000000000100000001011010000000001100000000000011000000000000010000000000000000000000000000111000000
011000000000000010100000001100000000000000000000001010000000000111011000000000000001110000000100000000000000000100000000010100011100001011001000000000000000000100000000000000000000000000100100000000000000000000000000000000000000001001100000
011000000000000010100000001011000000000000000000100110000000000000101000000000000001110000000100000000000000011100100000011000000000000000110000000000000000000000000000000000000000000000011000000000000000000000000000000000000000000000000000
000000000000000100000000000000000010000000000010001111100000000010110000000000010000000001000100000000000000011000111000000000000001001000000000000000000000000000000100000000000000000100000000000001100000000000000000000000000000000000000000
000000000010011101100000000000100010000000000010001100000000000010110000000000111000100011100000000000000000000000000000000000000001000001010000000000000000111000011100000000000000010100000000000001100000000000001100000000000001111110000000
000000000000011001100100001000000010000000000010001000000000000000001100000001011000100011010000000000000000000000000000000000000001000100100000000000000001111000010000000000000000000010000000111000000000000000001110011100000010001111011100
000000000100100110001001000001000000000000000001110000000000000001111000000011011000100011011000000000000000000010000000000000000000000011100000000000000000001100000010111000000110100100000000000000000000000000000000000010000100000001100100
000000000001000000000101011010000000000000000000100000000000000000010000000001111000000011110000000000000000000000000000000000000000000000000000000000000010000000010110110100001000000000000000000000000000000000000100000100000100100000100110
000000000100100000000000011100000000000000000000000000000000000000000000000000000010001000000000000000000000000000000000000000000000000000000000000000000110100000000000100000001000010000000000000000000000000001100110000100000100100000110010
000000000100000000000011100000000000000000000000000000000000000000000000000000011000000011000000000000000000000000001100000011000000000000000000000111000110000000000110100100001100110000000000000000000000000001100000101100000011100000000000
000000000000110000011000100000000000000000000000000000000000000000010100000000001000000010000000000000000000000000010010000001100000000000000000000100010100000000000010010000000011000000000000000000000000000111000101001000000000000000000000
110000000000101100010001000000000000000000000000000000000000000001101000000000000000000000000000000000000000000000001100000001100001100000000000000010000000011000000001000000000000000000000000000000000000001011111100000000000000000000000000
001100000000011100010110000000000000000000000000000000001100000010111000000000000000000000000000000000000000000000000100000001100001100000000000000000000100011000000000000000000000000000000000000000000000010001000111110000000000000000000001
100011010000100010000000000000000000000000000000000000010100000111001000000000000000000000000000000010000000000000000000000010100010000110000000000000010010010010000000000000000000000000000000000000000000000111000100011000000111000000000000
010000010001101010000000000000000000000000000000000000001000000001000000000000000000000000000000001100000000000001100001000001100000000000000000000000010111001010000000000000000000010000000000000000000000011000111000111000011111100000000001
010111010001101110000000000000000000000000000000000000000000000000000000000000000000000000000000011110000000000001110011100000100011100000000000000000000010010010000000000000000000101000000000000000000000011000000001110110010010011000010001
011000000000000000000000000000000000000000000000000000000000000000000000000000000000000000000000111010000000000001001100000000000001110000000000000000010100011000000000000000000000100100000000000000000000100001000001111000001011001000110001
000000000000000000000000000000000000000000000000000000000000000000000000000111000000000000000000100000100000000000100111100000111001110000000001000000011001100001100000000011000000011000000000001100000000011000000001000000000000000000000000
000000000000000000000000000000010000000000000000000000000000000000000110001000101100000000000000111100000000000111010100100000000000000000000010110000001010100001010000000000000000000000000000001100010000011000000110000000000100010000000000
000000000000000000000000000000010000000000000000000000000000000000000100011100001010000000000000010000100000001010000011000000000000000000000000110000000000000000100000000100000000000000000000000000101000000011000000000011100100110000000110
000000000000000000000000000000010000000000000000000000000001100000000100000010000010000000000000000111111110001010000000000000000000000000000000010000000111000000100000000111000000000000000000000000011000000111000100100011100111000000000111
000000000000000011000000000000000000000000110000000000000000000000000000000010101010000000000000100010011000111100000000000000110000000000000000110000100000000000010100000000011000000000000000000000000000001000000001100011000000010110000100
000000000000000100100000000000000000000000110000000000000000000101100000000110101000000000000000100100001000111010001111110000110000000000000000000011011000000000000100011001001000000000000000000000000000000000010100000000000000010000110000
000000000000000011000000000000000010000000000000000000000000110000010000000100101100000000000000100100000010010010001110110000000000000000000000000011011000000000010000000110010010000000000000000000000000000000000000100000000000000000010000
000000000000000000000000000000000101000000000000000000000011111100010000000111000000000000010000001111110011010100001000110000000000000000000000000000000000000111110000110000101010000000000000000000000000000000010011100000000000001000010000
000000000000000000000000000000000110000000000000000000000100011111110000000011000000000000101000000111110001011000110000000000000000000000000110000110110000001000100001010100000010000000000000000000000000110000001100100000000000000011000000
000000000000000000110000000000000000000000000000000000001001000010100000000000100000000000110000000011100000100000100000000010100000000000001001000110110000000101000001100100011000000000000000000000000001001000111011000000000000000000000000
000000000000000001001000000000000000000000000000000001111101000011000000000000111010000000010000000000000000000001101111100100100000000000000110000001000110000010000001100010010000000110000000000000000000110000010101000000000000000000000010
000000000000000000110000000000000000000000000000000000111100000100100000000000011100000000000101000000000000000110000111111110000000000000000000000000001110000000000000000001000000001001000000001110000000000000110000000011000000010000000101
000100000000000000000000000000000000000000000000000000001000000010000000000000000000000000001000110000000000000100111000001100000000000000000000000000001110000000000000000000000000000110000000000001100000000000111010000100100010001000000101
001010000000000000000000000000000000000000000000001010110000000001110000000000000000000000000101000000000000001000001110011000000000000000000000000011001110000000000000001000000000000000000000000001100000000001100000000011000000001000000010
000100000000000010000000000000000000000000000000010000010000000000100100011101000000000000000110000000000000000110001001000000000000000000000000000101001100000000000000011100000000000000000000010001100000000011100011000000000000111100000000
000000000000000111100000000011000000000000000000001011001000000000000010000010100000000000000100000000000000001000010000000000000000000000000000001000100010000000000000010000000010000000000000010010000001000100000111000000001000001100000000
000000000000001101101100000011000000000000000000000110010000000001000100000001100000000000001010001100001000001000000000000000000000000001110000001000100100000000000000001101000101000000000000001110000001000111010011000000000000001100000000
000000110000010001010100000000000000000000000000000000000000000001000000000011100000000000001001010100001100001000000000000000000000000011001000011000110000000000111000000101000101000000000000001100000000000101101001010001000100001000000000
000000110000110001010100000000000001110000000000000000000000000000100000000111000000000000000001001001100000000000000000000000000000000001011000001100000000000000100100000100100010000000000000001100000000100000010100111110100011011000000000
000000000001110101011000110000000110110000000000000000000000000001000001100000000000000011101001000100000000000000000000000000000000000000001000000000000000000000000010000011000000000000110000001010000000011100000000100000010000100000000000
000000000000011001000001010001000000000000000000000000000000011101000011000000000000000000001001001000100000000000000000000000000000000000110000000000000000000000100110100011000000000000110000010010000000000000000000000100100000000000000000