100011100000000001100001000101001100000000001101000100011000100000010001001111000010001111110000000011001101001100000100000110000010011101000101000010101110000110000010110110000001111111010000110000000101110000000110000100100010000000100010
000011100111111011010000110000000000111100001101100010001101010000000010101010000010010000000100000011100001100101001000000011001100001111001000000110100110000110000100000000010010100001000011101010000000000110000000011011110010000000000001
000000000000010110100000000101100000000000001101000000100011101100000001001010000000001100001000111100000001100110001000010000000000011000011000000000100000000000000101010010001100010000000000000001000000000100100000100000010000000000011000
000000100000010100100000000000000000000000001110000000101110001000000000110100000000001100000101101000010001000101010001000011100000110111011110110011000000000000000101010111101100011100000010000001000000000100101000000000110011000000111100
100001000000000010100000000001100000000001101100111001000110000000100001100101000000010010010000011110000110011100001101100001100011000110001000001010000000000000001100001101001000000000000000110100000000000100101010000000000011111010001111
110000000000001000001000000000011000000001110001001100000100010100011001000101011011111000000101101001000010111100100001110110010000000010000110111100000000000000001100000000101010000000011001110000001110000011100010000000001011000010000001
001001010000000010101000000110010111000001010000000000000100010010001110000001010010000001000010000110000011000100001000000011011100001001000000010001011011000000010100001000000100000000100101110000010010000011011100001111000110000000000010
011001111000001100101001100011110100001101000001110010100000110010110111000100100000001010100000100011000100000101000100000011000000011001000001100011100011101111011000000100010101110011000001100000100010011000010010001111000000000100000110
001000001000010001100000110000101000001000000000001001000110110010100011000111100000101000000001100010011100000100000100000000001000100000100000001100000011101001100000000000010011011111000000010001000000011000000000000000000101010000000011
001101101010100001101101001000010010000011111000011100000010111000100000000000011000010010000000111110100010000001000000000000101100111000000100001110000001001001101100101110111010000000011001000001001000001000000000000010010100000000000000
001111101011000000001100010000101100001000001000010000000000101011000001011100000010000010000101010000010000000010000000000001101000110111101000011000000101110000100100100001111000110000101010100001000000000000000000000000011010000000000000
001000000000000001000011010000100010100111101000000001100000101100000001011100110110100001100010001100011000100010001000100010100000010000110000011100110000110000101001001000101000110100000000000000001000011000000000000000001000000000000000
000000000010000000000010000000011011001000000100010110100000100000000000100101000010000011110111000100111110100100000010010010000000010000110111101100000000000000111111000001011000011110000010000000111000111000001010000001101000000000001100
001010010010000000100001001001000010010011000000100000011000010010001000010000110110000100110110001000011000011000000000010010101101101100000111110100011000000011000111000101000000000011101010000100010100000000000101000000111100010100010100
100101000100000000011111110001011110111011100000010100000100000001010000111000000110000101010010111000000011000000010000101000001000000000000000001001010100010111111010000000000011101000011000101100001110010000000001100000000110100101000011
100100111001000000000000111010000100100011100000000001000000001000000001101000100000001110011010010000000000000000111000010000011000000000000011100101010110011100011010101011100011010100000000000100000001010000001001000000000111000100111000
001101111000100000000000010010010100000000100000011100010001000100111000000000111010000100001100110000000000000000111000000001010000000000000100100000010001000000000111001000010111000000000000001111001010100100000001000111000010000000000011
000110000000110000000000001000000110110001000000011000000000000011110110100001101001001000000100001000000000000000111000000010000000100001100100000000001110010000000000000001100000000001010001110011000010110111100110000111000000000000000110
000000101011000100000000010000111000000000100000000101000010000000010000000001011000001100000100000000000000000001011000000110011000010010000100001111100010010000001100001001000100010011001000000000000111110100011100000100000000000000000111
000110001000000010000010010100001110000001000011000010000110000000010110100000011010100110000000010111100000000000011001011101000001111011001011011100110000001100010100001100000000000010000000000000000101010000111000000111100000000000011110
000110010000000000000010101100111100000001001101111111010110000011110000100000000000010110001100001111110100000001010010001001000010100111101101010000010000101000100010000000010100011011000000000000000111000001000000000100010000000011000010
000101000000001010001000011100110001000000010110110000000010000100111010000000011000100110010000101000000001001000100000010001100000010000100000001111000000110000100010000000001110101011100000000000000010111111100000000000000000000100000011
000000000000000000000001100000101100101110001000010000000000000100000100000000011000000110011010101110100000001000000000000001100001101011111100010000000000010001100000000011000001100000110000001100010001100000100000000110010001100110001011
000000000000000000010001000000001000110000100000001000000001100000001000011001001101111010000010000110000110001000000110001000000001101000000100000000011110000001000001000100101111100000000010000110010000101001100000000011100000000010100001
010000011000000000000100000000001001110000100000000110000111000111100000010011000011000110000001001110101100000000001110101100000000000101100000011001101010000000110000000000110000000000001111100000010000100100000001010001100000100001000000
011000100100000000000000000000001001010100000111000010100000100100000000010000110000000100111000111000001100000000011010101000000000000000000000000100101010100000011001000110000000000010001010100000000000101000000000000000000000010000000000
000100100100000000000000000000011100111100111001000011000110000000000000001111000000101010111000001110001110000101110000111000000000100000000000000000100000010000011111000000000000000100000111000101100000110000000001001000000000001000000111
000000011111000100000000011010000000110001100000000010001110010100000000000011001000010011110000111010001000101010110001010000000000000001100000001101111100111000011010000001000000011000000010000110011000000000000011100000010000100100110111
100100000100001100000000000010011000010000001000111001000001010101000000000000011100011100101100110101101011000000100011010000000000010010111000010110000110001101100101000011101011001000000000001100010001110000000101100100001100100100110001
000110000111001001100100000000011101101100011000011000100010000001000000000010011010001000100100001010111111000000001100001001000000001100101011101011111100000110101111000101011100101000000010001000100000001100000001000011000001001000100000
111010000000010011111100000100001000100001010111111000000001010001011000001100000110110010111000000111110000011001101011111000100000111001000011001011101000000110001000100110111000101000100101010000000100100100000000000010000100010000110011
001101000110010000001000101000000000100000010110000000000000001000000111001010000101010010110000000000110000100001110110001111100000010000101000001000011100000000001010000000000000001100011001000000011100000000000010100000001100010001010011
100010000110100100011101100000110011111001100110000001000000000100111011000000000000010001100000000011100000101000000000001110100011110100100101010000011100011000001001000010000001101100000111000000001111000100000110001000001100001111100000
000101000000101100000100110001010100000011111110000011000010000100000000000110010000000100011000000000111010100000000000001100011111011000111110111000100100011000000000010110000000001100000110000000001100001000000011000000100100001100010001
000111110001001100000001100011100001000001000010000010001000000000000000100110000000000010000000000000001110110000100010000100100100011001111111000000011011110100000000010101000000000100010100000000000101111110000011000101000111010001001010
101111110010000111000001000001000011000001001110000010001011011000101110000010000000101110000010000110100101001101000100001001000000000001000000000001100011000000100010000111000000011000010100000000000110000110000000000000000001100001000001
100000000001000000100000000000001010010101101000000000000111010000110000101100000001111100101100010110000010000101100100000001100000011101100000000100000001110110000100001101100001101000000100000000000111101000001000000000010000000001100100
000010011011000011000111010000001000110000100000000001110100011100010100000000101101110110011100011001011100110001101010110011111000101101100000001100100010100100000000001011100000001011010100011000000110001000001000000000101001000111101100
001010010110110000000111011100011111000000000001000010110010001101101110000000101111001110000000100000000001010000011000100110000001000001100000010001000010100001000000110010100000001100110100000000000110100000000000000000000010001000011100
000011111000001000000000101100100000000100000110000000001000110011010000000000111111110110000000011111111100010010010000011110000000101011000000000001000010010000000000000011100001110000010111000000000010010000000000000000100011000000000110
000000001000001000000011111101001100000000001111000000010000101010101000000000000001000100000000000001100000001100001100100110100000000000001100000000000001010100000001000000000001000100000001001000000001111000000000000110110010110110100100
100000000111110110000001100110101100000000000000000000001100011110001000000010100000001000000110101100000100010001101100001100100110000000100011101101001001101010111001010011000001000000101000001101010000101000000000001110001000010010001101
101000001110000010010000001001000010000000001111101010101011000111110000000000010011001000010000001100000101110110010011000000100111000101000001010001001000000100001110111011000000000001111000000101001100011100000000001010001111100001000011
001000001000000010011000011001000111000000010000001010011001000000001000011100010100001001100000010000000000100000010001001101000011000111000010010110001001110101010101000000000011100101111000100000011100001100000000011001000111110010000110
000000000001100001001011011010010010000000111111010011001110100001100101101000010110111010001111000001111000000011011110001100000111000010001001110110000000011011000000110000000111010010110000001100001011101000000000000000100000100010010100
000000000011101000011111101100111010000001000000110101000011110001000001101000010000000110000110000010011000000010110100000000011011000000010001000010001000000000000000000000001001000111000000001100000110101000000110011011000110000110010010
000000001111100100101000101111000000000000010101000011000001010001100000011100010011000000000100000011100111010101010100000000111010000001110010110110000110110000000000000000000001000011000000010000000010100000001000000100000110000000100100
010110000000010100101001101101001111110011010110001001000010000011000100000000100010110001000000000000000010001000001101001001100000000001000001000100000000000000000000000000000011001000000001101110010001100101111001111100000001000001100000
100110100010000000101001100001000000110000000001111111100101111110001000000000000011000001011111000000000110101100011001001011001010000010111010000000000000000000000000000000000000110100000100010110001011100100100000000100000001110001100110
000001111100111000100100111010000010001000000001000100011110111010000000000000011101101101000001000000000000101110111000001010011000000011011001000000000000000101000000000000000000001000000100000110010100000000101000010110000000000001000001
010100000000011110001001101000100100101000000000110000001110010011000000000000000011000010000000000000000001110101100001001011010010000001000001110000000000000000100000000001000010010111101001101110000000000000011010110100100000000001000001
000000001100001001010110101010100100100011010000000000001110011011000100000000000000000000000000000000000010010000000000001100000110110001000000110000000010111001000000100001000000001110010010000100000001110000000110010100100000000001000000
100000001110000001001100001010100000011100001000001001100110111001010100011100000000000010000001000000000100100011010000111000000000110000001001111000000000001010000000100110000000101100000000000000010001111000011000010011000001101001000101
000101011010001001001100011000100000010011010000001000100001100011100101100110000001000010000000000000111100000000010000111000000010000010000000011000000000001100000001100100000000000011100000000000101100110000011100011000010000010011110110
010010110000000010000001101001100000110000100000010000100110110001100000110100000000000000000010000101000110000000000000000100001011010010010000100100000010000000000000100010000010010011000000000000000011000000010101111000011000000100010000
100011011100001001010001110110100000110000000001011000000011100000000000000100110000000011000010110100000000000011000011000111001001110010000000001100000000000000000000000000000010000010000000100001001010000011000010100000001000000000000000
100000000101000011100000010110100111000100000011110001000011100000000000110100011000000000010001110100000000000011100110000000100100101000100001011000000111100001100100001010100010001000110000101000110000001111000000110110011000000000000000
100100000110110000100010011001011000000100000110010001000000000000000001000110011000000010010000010000000011100000110000000000010110010000010010010100001000000010110010100110001100000000001000000100000001100000000000101101011000001011111100
111100000000001011000010000011100000001111011101000000010000000001001000100110110000000010101100010000000010100001011000000010100011011000010000000100001101100100100011000010111110011010000010110000000001000010100000010000001000010101101101
111100000000010101010111000110000000001101000000000100000000000001001000011011100001010001110100010000000000100001110001110111000010010000000000000000010001011011000000000000010100111110000011100010000001000100010100110000110000000000111111
100100001100010000000011000000000011011110010000000100010000000001000000000001000011100000011100110010000000001000100010001000100001100100000001000111011111000011000011000000000000011100000000100110000010000000100100001110001000100011011111
001000011110101100000000001000000110011111000000000011000110000000001000000000001110000000000000111101000000100100000100000000000001011100000110010000000011101011101011000000000000000000000000001001000110000001001000000011111011100010111000
100000000000101010001000011000010000111000000000000000010000010100110000011000001110000000000000000001000000001001010000101101011000110011010100110001111000011001101001000001000000000000010000001110000000001100011000000011000000000010110000
100000100001101000000010001000101111000111101001000101010100000011000000011010000100000000001000010000100000110001010000100000000111011010010011110010110000001111110000000111110000000000000000111000000010000000000001000100011001000010000000
000010000000110000000110001011110110000100000000000101000000110011011000100010100000000000001100000011100001000000000000100000110110010001110001110000000001111000010000101110110000000000000111001000000010100000110010000100010101010000010000
100000000010000000000000000111100000000000001010010011000000100000011000100000000000000000110000011000000011111000100000111111010110110000001000110000000000000001010100101001100001100001110001010000000000010010010010000001010001011010000000
110000110100001011000001111001100000000000010010100110000001100000010101100010001010000000101100001110001110001011111100110110000001010000000000110000011001000000010000001110000001100001111000001100011100000000011100001000010101010001110110
110010101000001010010110001111011000111000000000101100000000110000001000001110111110000000001010001011001010100011001000110000000000010000000000000111001001000001111110000001000101110000001110001000011000001000000001101000000100001001010110
101000011000000000000010000000100100111110100001010000001010001000010001100100100010000000000100000000011000110000111010110000000001101000000000100000101000000110101001000010000000011000001100010010000001100100000000001000000011001101010100
111110001111100000001000000100000000010010100000001010100011011000010001111100011110000000000111000000000110100001001000100111101110011001110011100111010111000101111000000010000000011100000000000000001000000010110011110101100110001001001100
010000010000000000100111100100100000000010000001000000100011000000000010011100001000000000000110111000000000001011011000011001100000010100010011000000000000000010001110001000000000001101010001000110000000011000000000111000110000010001111010
101000001000000011000000001000100100000000010011100000111000110000110100000100000010000000000000100100001101111100001000000110100000001100010000100000010001001111101000100000000000001100000010010010000000001111010001000001110000011011010110
010000111000000110000000000000100100000000000011111111000110001011000000000000000000000001001000000000001101110000001000000000100000000000011100010000000101000110101011000000010100100100000010011010100000000000010110000000111000010010000011
101110111000001000111100000000011000110000000000000001100011101100000100000000000111000000001001110000110000100000000010000011000000001000011110010000100001000011101010000000010000000000001100001110100000000000000100100000000000111001001011
101001000000001100100111000000000010010110011100000000100000001001001100000000000111000111000101000010101010110000000010100000000000001001010111111001001100000011011000001100011010000011100110000001110000000000000011110001000110100000000000
110001110010011011110000100000000100010110000000000000100010000111000000100000000000000011101010000011011010110000000011111001011000010001000000000000101100000000000100000100000000000000101000000000110000001000000100111111100001111000001000
100000110010000010101101000000001000011110000000000000000010100010000001001010011001000000100001100111011110000000001101000111111000011100000101000111000000000010010100110100000000000000111000000000000001001100001010000000100000000000010101
000000000000000000000001000000001000010010000110000000000010010011101000111000000000000001000000110000001010100011001101111011010000001110100101000100000000000101111001111100000000000000001000110011000111000101101011000001010000000010000111
001010000000011000100011011000010000010001001110000000000001011000001100000000010100000001000001110000000111000011000001001000000000000010010011111011000000000010001011000000000011000000001100011011000000000101101110011110110000010000110001
001000000110000000001100011100111000000001001110100000000000100000100000000001010100000010000010010011100000010001100001010000100000000011100000100000010000100001111001010001000111000000000000000000000000010010001110101001101000100000001000
000001001000000011011000111101100000000101100000110000000000001100000000001100110010000010000110111011100000010000100000100111000000101000000000100000010010000000110000111001000001001000000000000000000000010010001110010010101100010000001100
100011110100100001000000100101110110100111000000110000000000001110000000000110011100100000000110100110100000010000000000011111100001001100000011011000000000100000000000000011101001001000000010100000000000010001001110011100101100000000000001
110100110010100000110001000000000010101001000000000100000000000110000010100011001001000000000010011000000000000000110000001000010011111010111100001110000000110000000000000000010001001000000010000000000000000011001110000010100000001000001101
011010110000000000011010000000000010000010000000100000000000000000000001100011000010100000001000101100010100000001100000001010010100001000001011000000000001101001100000001000000001000000011000001000000011000010000000010000110011011000001001
001000100011100000101000000000000011100000001100000000000010000000010110101010000010100000011001101010001101000000010000001000000100001000100000010000000001111010110110010001100001000011000010000011000100101000001000100110100011000001101001
000001000000001100000000000000000010110000001100000010000101000000010100100000000000110001000000111000001101000001000000000100110000001000100110000001100000110000100111000000001101000010001101100000100000010000000000000011000000001101111011
000111000000011100000000000111011001010110010000000000011001000000010000100010110001110000000000010110001110000000000000000000000000000000100010010000110000000001110100110000000001000000000100001101100000100000000000000000000000001110010010
100000010000010100010000000011100110000001001001001101101010000000000100100010110001100100001011100000001111000001100000111100010000000001100000011000010000000100011010011000001000000011101000000011010010100000000001000000000000000001001010
100001000000011000010000000100100110000101000011110000001100000001100000001001010011001000111111111100010010000001000011000000110000000001011000101000001100000000001010011010110101010011110000000000110000000000001010000000000000111010110100
000010010000111000000000000110110000001101111100000001110000000000100111000001100101000000001010100100000111100010100110000000000010101010100001001000100100000111000010010110110000100011111100001000000000000000000000000000011000001101010101
101000101001011100110001011000001010100000000010000000000000000001000000000001100000101010001000000110011011100000001111000110000000101000000000011110001100000110100010100001100010111001101100010100000011000010000000000000010011100110010100
000000101001011100001111111101011100000000111101100001010000100000000011000001111100011000000000010100110000000000001001100110000000100000000000000011000000000000110011011001100011000001100000000100000011001110000000000000100001001100010001
000000010000110000111001010000010000000010000111100000011000100000001001000111100000001111000100000100000000000100011001100010001001101100000101101110100001100000000001111000100010110001000000000000001010011000010000000001110001100100111011
000101000000001011000001101110100011100000100010110011011000100000000100000000000000001110000110000000100100001110001000000000010100111000010000100011100001100000000000000000011100000011000000000000011011101010001000000101010110110000110110
000010000000010000111000010000100011000000100011110001000111100000000110100100011110000000000110001001100100011001001100010001000010010001000000110100000000110000000000000000000000110011100000110110000010111010001001011100010001101000000110
000010000000100000100001101101000000000000100001000000000000010000001100011100010100000000000000001000001100000111000100011000000000000110100010000000000001100000010011010000000010100011000000110110000011100100000001000100011001100000010000
011011100000110000111100011100000100000000110000000100110001001000000000000100100100000001100001000000100000000010000010100000001110000110100100101100000001110000100000000100000010000011010000000000000011100000011000010001010000001100001011
101010110000010110000111111100001110000111010011000000110000110100000000000110010000110001100010000000010000110000000110000000001100011110100110001010000000110000000000000001010000110000000100100010000011100100011000000101001000000000001000
000010000000010000000110000000001100011000011000000000101101000100000001000110110011001000110000000000010010100000000000001000000000010101100010000110000111000001100011001111110011000000001110000000000011101000000000001100000010000000000110
000010000001110000011100001110000110000000100000001101000001001011000001000010110011001001100100010000101101000100000100001000100000001001000001001010000000000110001000001011110000001100100001101100000111000101000000000100001001000000011000
110100000000000000111001011000100000001011000000000111001101000000001000000000110001100000100000110101000111000100000001100000100000000001000010011110000001000001110000000000000100111111100010000100001101010101000000111100000000001000111011
000000000000110110011000100000110010000100000001110010110100000000000100000000000000000011010110100101000100111000000001010110010110000000100011001000100001100111000001100000000100000011000011111000010011100001000110001100000000110100110000
000000001101000000110000111000001100000000000001100110010111100001001001010101010000100000000000100000000110110000000000010110100100000000011100000010100010010110000001100000000000010000000100000000011000001001111000010010001100110110000000
000000001010001000111110000110010010000000011001101101000000001011000001110011100010101011000001100000111111001110001000001001110000000000011010001110000100000101000100110001010010001000000100001000001011000000001010100110000000000100000001
000110001000001010000010000011000100000000001000111100100000001000000000100000000011110101000000000000011000001100001000111110000000000000000001100101001110100010110100100001001110010100110000101000110110011000011000000001000000000110001001
101010001100000000000001000001110100011100111000000100010010000000000000111001100100100000000000001001000000001100101010000100000000000000000001001001001000000000001000000000000010011010000000000001110001110000001100001001000000000000111011
000100000110001000100010000000111000111000010011010000000101111001100000010100000101010111111000000110010000010001100001100110100100010000000100000000100110000001001011000000010000011010000000011111100001100000101100010000000000000111110010
001000000000001100010100000000000001000000100000000100000011101001100000001010001101000110001000000011100000000000101100101000011000001001100001000000001111000000111000000100001111011000100100011110110000000001001111110001011010000000010100
010100000000100100010011000000000000100000100000110011000101000100000000000000000100000001001011100000100000000000001101110000101011011101100000100000100000000100000100001110000000000000001010011011101100000001001111000100100001110001010010
011111101010100110000011100000000000110101110000011010100000101100000000000000001000000100110000000011000000000110000101000000001011011110000001111001101111000100111100000110000111000000000010000111000000000001000011000001100001110001001010
001110001101001110000001000000000000100000110000010110110100000011011110000000000111111110010000000011100000110100000101101100001100000000000000000110100000100100001100000000000111000000000000000000001100000000001100000011110001100100000101
000000001101100000000010000110100000000000110000000000101111000011110101000000000110010000100100000000001000110110011010010100001000000000000110100110001110000101110101001001000000000110001100001000111011100000001111001110011101100110000001
000000001101000110100001100010110000100000000000110100010000000000001101011100000000000100010000010000101011010111101100100000010010100000000100111011000110000011000011010000000010000101000000001000001000111111110110110100001001100010000101
000000011111000000110110000100010001000000001000111100000001100110000011101000000000000000000000011101100111110000101000101001010010100000000000000011011000100000000001011010111101000001000000010000000100111010001010110110000100000110000011
100001101111111011010100010100011000000000001011100000001000110001000011011101010000000010010000100010000100000000000000000011101100010110000000001101001010100010101000000101000001001100000000001011001110110001101110000110001001000000000001
110010111101111010000000011000110100000000010010000000000000110000111101001000111000000010001000001111100000000000110000000000111000100111100000000001100000100100111000100000001110000100100010000100001011000001110011000100000001001110000000
100011000110000010000000000001001000000000001010000000100000100100100000000000000000000011111100000001000100000000000000000000110110100000110000000000000001001000110111110000011100001001100001100000001010100000000001000100000100001110000010
000000000011011100000110000011010000000000000100101001001000000001010000000000110111101000010110000110111000001000010000000000000000000000100000010000100000011101000100011100000000001000000001110000001000010001010000010000000000010100000001
000000001011010000000111101110100000000011100000100001000000000010001100010000110110000100000110000011110001010001010001111000000100000010000001001100000000100001100010001110001011101000000000110000000000010000001000000000001000001110011100
100000011001010000000101101110000000000100100001100000000000001010000011000001111011111000000000000000000100100000000010000010001101000010101001001000100000111111000011111010001101100001000000011000011111100010010000000011000000000010010010
000010100000000000000000011100000001011111100000000100001000010000000001000010101011010000001011100100000010000000000110000000101000001101100101001001000000111000000110101001010001111001000000001111100010000010010000000011000000001001001111
000000000000011100010011100000000000000000010001000000001000000010000000100010010011000000000000000100000000111110011100000001100011010001100111000101000000000000000111000011000010010010000000000011000001000111000000000011000000010001110000
101010000100011110011010010000011100011011110011100011001000010100000110101001101110000100000101000100000010100000010000000101100000000000100011000010000000000000000100001111000101000000000000001001000001000111000000000011011100011000101110
110010001100100000010101101000100001000100100000000000000100000000000000001010100010100100111111001000001010011100010010100100000000010001000111011001000000000000000001000000000011000010000000001000010001000110000000000011011010100110000010
100010010110111100000000000100001101100000000011000000100000011100001011110011100110110010000011000000011011000000000011011101100000000000000110101100010000000000000011100000000001000110010000101000010001010000001010000000010101100001010100
000001100000111110000000001000000000100000000011010000000001111100000000101000000111100011111000011100001100001101101101111000101000000000001100110111111100000001100000100001100001010000101000100000000011011000110110001100000010101101010000
000000000000011111100000011010100000000001000001000010000001000010000011101001111000000001101000100010001000010000000011100000011000111100000001000001000110000010010001000000010000000111000101100101000000010000000000010010000001101000000000
000000001110110000100000110011000000010101000000111100100010010000010000110110001000000001000000110000100101000000100001000000000100111011011111001000001100000011011000000000000011010100001101000101110010000011100110000010010010011000000000
010001010000100111010100011000000001010000100000001000100110000000000010100100011000011011000011000001010011100010110001100000011001100011000010010100101010000001011000000001110000010001111011000000110010000110110001000110000010000001000001
000001000000010000010110000000001100100101110000000000010100000010000001100100000111110001100010101110000010101001001100000000000000011010100010010100100011110110000000000000101110000011100010000000000000001110110001111000001100001101100001
001001110000001010010010000110001110000011010000000100001110100011011000100110011111100100010001101001111100000001001110000110000001000100000010010001100111110001100010000110000000100100101000100000000000010110001110110000000000001111100000
100000000000000001011011011010000000000000110000001011000000011001101000000100000000111000000000000101100000000000100000000100000010100000000010110001110101000110100010001100000010100010111001101000001000000000000010111000000000010010000000
011000000011100011011000100001100000000001100000001010000000010001101000011010000001111100001000000000001101110000011111100001000100100000000000001111100000000000100101000010000010100111010000000110010000110000001100011000000000110001000000
001000000011101010110001001000110000000000101010001010000000011010000110000110000000000010000100001000101101100000000010001111010100001100011000001000001010001000000101000000100000000000001000000011001000000000000000010011100000001100001010
110000101000101000011101111001110000000001101010001010110000011000000010000101110110000000110001100000000000000000011000010000000011100100010011000010010000001000000100010000001111000000001010011011000110100000100000010011100000011000101011
000101101011000000011101000101010011001000001000111010110000001010000011001000000100000000010011110000000100000000001110001010000100001000010100100001010011000000000100010001110001000000000000101000000010000000110100100011100010100000010011
010000101010010100011101001000010000011000000011000001110000010001000011001000001101011000000001000101001100000001000111000000010001110000000110100001011110111111000010000010010011000001000010000011000011000000001101001010000010101000100000
000011011010010100000001100000111100011110000001100000000000011000100010100000001100011110000000011100111000000011101100010101010100100000000110000000000010110000100110110010000000100001010011110101000000101000000101001001000001110011011000
001010000000000001000010000000000100011011100001101000000000011010110010000000000101000111001100001100010000000000000001010000000010100000000100000000101000000010111110000001100000000100010010011101000000001011100010001101000000000100000000
000000000110000110100111000000010001110000010001111100000000010100000101000000000011101001011000010000001000000011000001010010000100010000000010110000001100100000110001000000000001001010000011000110100000001101100000100010110000110000011000
101100000000000111110111000000000001011111110010000010011001011000000000001000000000001100111011000001101100000011000010001100011111100000000000000000001000000000001000000000000001010100100010000000110000000011000000000011110000100000110100
111111110111100001000001100101000011000100000110111100000001111000011000010010000000000010110100000011000100000110000011000101000000000001000000000000001011000000001010000000000101001101000000000100100001110100100000000000000000100011010011
100011111000000000101100110000110011000000001100100000100001101111001100100001000010001100100000001101000000000001000001111100000100000100100000000000000001000010101001000000001000001000000000000110000100001100100000000000000000011000111011
000001000100001100111001000000011000111000010111000000100000000110000100100011000101100100000000000100011001100000000000011000011011101101000001100000000010000011101100000000000100110000000101000110001100010000100000000000001100000011110000
000000000000111100010000000000010000001001000011010000100000000000000000101001000101001000001110000100000011010000000001110000000001001001000011100010011001100001111100000000000000001110000110000000000000010000000000000000000000000000000000
001000010110111101110000000000011110000011000100111000010000000000000000011100100000000000001000000110000100000100011000001101000011001101011110000100000010100011101011110000100000001001011010000001011111110101100110000011000100111011011011
011100011110000100110000000000001110000101101100000000010010000100000000000000100000000000000001000101000111000000011000100000000000100000000000001000010100100000000000000001100000000011111010100000000000000100011001000010000000000111110111
100100010011011110110000000000000100000000001111000000010010001110000000000000100000000000000101100100101101100011000000100001000001110100000011111000000000000000001000000001010000000100000001100001100000111110000110010000000000010010000100
010101000111000001100001100000001100000000000011000000001000000110000000000011101100010000000000111000001000100111000010000010000001000100001010000111011010010000000001110000000000000111111100010011000000010110000001000011011100010000010000
001100001010001100000000100000010100000000000011001000000110000000000000000000010000111000000110011000111011110111000000100000011110000000100110000011101100001000000110010000000100000111111000100011000000000000110011000001000000010000110000
010111001100001100000110010000000011000110000000110100000100000110001100000000001010000011100110110001000001010000100000011010000101111111000010001000000001010000000110000000001100000000000001001110000010000010011010000000001100000001110000
011101001111101000000110110001000001001101110000000000001000100000000100000000000011100000111001000101001001010000111010111010000111011000000111100100000000010000000001101000001100000000111100000100000001000110000010000000010010001001100000
001000000000010000000000110001000100000111101000001110001011000010011001000000011111000111000001010001011010011010000001000000001010000000000111000000000000001100010001110000010010000001111010001111110000011001001010000000000010000000011000
010001001100000000000001100011000001100011000000011011001000001100000001100000100110010000010000000011111001001111011110001100010000000010001101001000010000001110010000101001000011000011101010110001110000000011001001000000000001000000001000
011000001100000000000100100011101100000000011000000000100001100000000111000000001100000000010000101101011000110010000000001100100000000010011000100000001001011000000000110000000010110110011000000000000000000101101001000000011000001000000000
001101001110000000000111100001010100010110110000011000001001000000001011000000001001000000000110101000000000010010100110000001000000001000111010000000100101110010100011001101100110000000010100000000000001000000101010000001001000000000000000
011000100000000111000100010000011000111110010000011000001001000000000010000000000000001000100010100110011000010000000010010110100001100100111000000000000110000010000000001000010100000000110100010000000001010000101011000001101000000000011000
000100100100000100000100000100010100100000100000100000000001011110001001101100000001101001010100101110010010010000000100000010100011100000100000000000110111111010000001000100000000010000000000000000000000010000101011000001110001100111011000
001000101010011000000010000000000110001000100000010011110110000000000001101111100000101111010111011110111000000000010011000000110010000011000011000000110100000000000000000110000100000001001110110000000001000000001010110000000010100110001100
001000101100011100000000001100010010001000000000001111100000001100000001111000100010010100010000000000110001111110100001010000110011000000000000000000001111110000000001000010000110100000000000110101000011000000001000000000000010000110010000
011000011000000000000000000100000110000100100000001000000000000001000110000001010010010001000000000011011011000110000010000101000011000001110000000000000110111111101100011100000110000101001011000010000011011100010000010000000100100000100000
100001001001100000000000000101010000000000000010101000000010000000100010000000000000011001100000000011100000001110000000000111000000000110001000011000000001100101100000010000000010001101011000000110100000110110000000010000000100000001100001
110000001000110111001000101000010110000000100010000111010001100001000010000000000000100011100011100100010000000001011100000110001100000111110000100001101111010100010101100000000000010101000100001000101100000100010000000000000100100000100000
000000100000111010110000011000100101000010010000111111100100000001100000000110000000110001000000001000011000000110101100011111011000001000001000000000101110001101000100000000000000011101000000001111101000000000010000010000000110000111000000
000000000000110011110001001000111011000001100010110100100000000011101100000111000000001110000001001101010010000110100000100000000110001111100100010000101010000101000100000000000000110110000000000000011101000000110000100000000010000010100000
000000001000001000001110110000011010100001010010000110110000000110011000000010110001100001000110000010000001000010101000100011100000010001100100001110011101100111100101101100000000111000000000001101111010110000110011000100000010101000000000
011000001000010100000100001010000010000000100010010000000000001110000000000000100010000111100000100001000000000010100100000000010000000001001000000000011000100000010001000100001100000000000000001000100000010000000000001111110010001100000000
101100000110001100001110000010001010110000100000010001010000000100000000000111000000010000000001000111100111000010101000001101011000000101100000001110001100000000111010000010001000000000000000001010001010000000000000001111000010001100000001
010000100111101100000001101110001010110000000000001011111100100000000000001110000011101001000110001100000001011100000000001110000100001100001000010010001100000000100001001010001100000000000100100010110100010110000000101110110000000000000000
010000000001100100001111110010010000111010000110000010100001011110100000011100000000010000010000001101100000000100100000000011111000111101000100000000000000000000000001000011011010110000001001000011000100010110000001010110100010000000000000
001010000000001100000000110011000010100010010001110010101100011000010100010100000000110000110000000000000000000011000000000001110001110000001110001000100001001000000001000001100010110000001100000000001000110110000001010000110010000000000011
000011000000010000011011001001111011111001000110000000100000001000001011110100000011010011000000000000000001001000000000000000000001011000100000010001000000100010000011100000111010100110001100011000100000111011000000100000111001000000001100
000000010100011000101111000100111010011000111010110000011001001000001010100111000001000001000100110001110000011010000000000000000011000000000110010001000100100001000000011110010111010100000001101000100000010001000000000000101100000000001010
000001011110011101000100000011101100001000010000100001101001001000000100001011111001000000000000111011111000001110011111010000100001100001000100011010011010000001000010010100010000000110000110101101100110000000000000000000111101000111000110
000001100010001100001000000000001100100011100000000100110001110000000100011010010000011001100100011101000100001000011011000111001000000101000011001001100000110000100001000010001000001000100110100000000000100000000011110101000010000101000011
000010001000011110001000000001010010100011100000001000000010000000001000000111000000111000001000000010110110010010011000100000001110001110010010000010100000000000111000000100100100111101111100011110000000000010000101111000111000000100000011
100000001000010000001010001101000000000000111100001000110010100000111000100100000000000000001000000100000100100000000000100010110001110001100001100000000000010001100010000110000111010000010000001100000000101001101100001010111100000100110100
110000000000001000001000100100111010101011101000000001010010100000000010101110000000000000001110000101101001000110000000100000001000000001100000001110000000011000000000000000001001010001000000000000110000000010110000010000100010000010110000
100000000000010000000110000100010000101010100011101110010001000000011001111001000000000000110101100000101000000001011000011000000100000010000000001100000100010110000101100000000000000001100000000010000000111011011100010000010001011000111000
000000110000001100000010000100001011000001000011101100010011000000000000110110001100000000111001000000001000011111011000000000000110000011000000011000010010000011010010100000000000010000001000000101011010110000001000100000001000000000100000
000000110000000110000000000110001001000000001110000000010001111000011110101001100101111100111000100000000000000000011011100000000000101001100000000000000100000000100000000000000001101001000110000100010110000000000000000000011001011000100110
001100110000000000001010001101001110000000000010111000011000111000000000011100000100111000110000011100000000000101000111000110000000000101000001101101000010000010000000000001001110101000100011100011100010000000000000000000010110000000000100
101100100000000011000000000010001101000000000000011000010100000000010100000000000000011110000000010010000000000000000000000000000000011000010101100100010010001100000000110001110000000000000110111011010001000001110000000000000000000001001101
100011010100011000100000000001110000000000000001011000110000000000010100000000001000101111000000000000011000000111100010000001111100000000111000001000000011010100001110001000000001000000000000101000000001000011000001110001011101000010000001
010000100010011110100000001100000110000000000100100000100000000000001100000000001010000010000001000000011011001100000110000000000100011000011101101101000001000110010111010001001000000000000000001000000010010010000110011010011000010100001100
001111100010010100100001001110000110000000001111100000111111000000000110001000001000000001100111000000110000000000000100000110110111001000000110000011000100000110011000100000111001000000000000010001000100100000011000010010011000010100000110
110101001000000100000000000100001001101000011011000000010001000011100111111000010010000000110000000000110000000000000000000110110001010000000110111100111010110010001000000000000001000000000000011011100000100000100011011011000000000010000001
000011100000110100100000000100000001011000111000001000000010000110101000001010100011010000010010000110010010100110000001000100000000010000000001111000001011001100100000000000000000110000000000001010100001000000111001100001111001011001110100
000011000001100101100000001010000010111000100000100000101100001110001000001000000001000000000001001011000100100001000000011000000001010011000000000000000000001110000001000000011000001100000000001010100001101010110001100000011101000001001111
001111101111010000000100001001000000000000000000110000111001000101000000100100010001000000000110100011001001011001000000100100000000010010100011000000000011110110011011000110011000001101000000110010010000010010110001000000000101100000011100
001000010001110000001000001010000000000000110100000000001111000111011001000010100001000001000110111000000000000000000000100100000000001111100011000000000110011000001000001100011100000000100001001010010000000100001000000000000000001100011111
100000100001010001101000100000011001000000011100000000111110000100000011000110000000000000110110100001011000000000000000011000000011000000100010000000010010101000000011111111001000010000000000000010010000100000101110000110100000000000000110
100000000011100100000000100000000001011111000000110000000000000000000001000010000010011010001011001010010011000000000010100000000010001100110100000000011010110000000000000000011000010101000001001010000010101010000110001110110001100010000001
110000101100000101111001000000011010011101000111111000100000001111100011010100000000011111001001111000100011000110000011110000000010011100010010000000100010100000100001100110010000001010111101100010010100000011000001000000000001000010000000
000000010000001101001011000000000000110100000000101011100000000100110101000101100001011110010001000111000111000000000100101000000010011000011100000010000101100001010001001110010001011011000000001011000110110011000001000101000000011101010111
000000000000000000000100000000000000100000000101011111010111000110001110000000101010001101100001111000001100110000000000000000000000100011000000000000010110000001010000000001010100010110001010110110100010010101110011101000110001001110110110
000001000000000000000000000001001111010100000001010100110100100100000001110110101010011101100110001000011100111101100000010010000000110100100000000000111000000000110000000111000110100010100110010011010000000001100100000000110011100000000100
011011000000000100000000000001000001110100000001100000010100010010000011000110100011011101000100001100111000011111100000011110011000000111000000001000000100000000111000000010000100100000100011100001010001000000000100000000000000001110101011
000000100000001110000001110000000000000010000001010001111000000001000000010110000010011111010100101100110000000000010000000011000010000010000000000000011000000000110100000001000000100111000010000010001001111101110010100110001010000010110100
000100000000111000000000101100101101000010000000010001000000001000010000010111110100001100001011101101001111000011100000001000010100100100000000000000011000000010101010000001000010110000000011001010011000010110101110000000000001000001000010
010100000000010000000111100001000011000000100000000000000000000100000011011101010000001001100011100000100111000000000000011000111000000100000000001101100000000000100100000110010001100011000000011100100000000110000000000000010001000100000010
000000000000100000101100000101100110000000011000100000000001011100000001010010001010101110000011000100100100011011000000001101000000000000011000010100100000000000000000101111110011101000111000011110000100000011000010000000011110000010000001
010000000000010000000111111001010011011000000000000001000100000000010011010110011010000010011001001000000000010111101000000100100000000000100001000100100000000000101100010001000001111011000000001100000100001100100100000000000000000111100001
000000100000111111011000000000111100011000000111000000101000000001101100000001111100011100010001000010000000100011100011000000101110000000110110000111010000000000000100011100011001000000000000001000000101111101100000000010100000001000110000
001011110001100111011001010000100000000000011010000000000011000110100000000010010000010100001001000000000000110111100000000000001000010001001111101100011100011000001100100011111100000000010000100010000001111010100000110000100000000010101000
011011001001001000101001001000010000001000011100000000001001000100011000011100000110011010000011100100000000000000001000010000100000001000110100011000011010011000100010000001000110000010110011100000000001000100010000101010000000110101001000
100110000000000001100011011000000000001000001000000111001000111100011000110101001111011110011101101110000010111010100100100000010000000010100100000011101010001000000001000001010010000010110110100100100101100110010100000001000100011100011110
100001110000100001110010000000000100001000110000000000000010011000111001000110101011110001011100000100000000000010000010100001000001110110000000010001110000010011110010000001011110111000110101000101000101000110101111000101101100001101101010
000001100001011000000100110000001110001000010000000011100000000001001011001000010000110110000000000000111011100000001110100000000100001100000000100100010000100001100001100000100110100000110111100100101000000010111100000001101000000011110010
100000000101011000000010000000000011000000000000000000011000000100000010000000011000101010000011010000001111000100000001000001100000000010000001000000110111000000010010111000001010111010100110000100101011000001100001011000011111000011000001
011100110100000000000000110000000011010001000000010110111000001000011010101110011001101010010101110000000001000000011000000001001001000000101100001000111111000000000001011000101110010011000010000000000001100000000110100000000000100000110000
001000001110000000000001110000000001010100000000010010000000001000111110000001100001101000011110000001110011000111000101000100110001101000000110100000001111000100000001100000100010010000000010000110011000110000000011000000000010000000000000
001000111000100000000011000000000001010000010000000010100001001010000011001011010000001100100001111000000010000100000101000000000001010001000010110000000011001000010001100000001000000000001000100000001010110000100111000001111100010000000010
111000000111011011110011101000000001011110000001011000011011000110000011000110000000101100111110110000000010100000000000000010000001010111000000110010000011000000001001000001101000011000001000001110000010001001000000110100000100100000000000
000000111000001010110000000000000000000101110001000000000000100110000000000000000111001101100010000100000001110000001000100000000001100001000000001000000100100000000010000010101010000000000101110011000000110001110111110100000000000000000000
000000010000000111000000000000000000000000000001010000000101001001000000000000001101000100101000010011000000000111001101000000000001100101001000000111011000001110000000010001101010000000011011000001100000000001110111100000000100000000011000
000101010000001000000010111000000000001010000000000000000001000111000000000000011001000100100010100011000000000011000110000000000001101101101010000001000000000010001110100011100010000000011000000001100100000000000000000000000100000000000100
100000000010001010000100011000011100011010000110010010010101011010000000000110000001000000010111000000000000001110000111000000000001000001100010000110000000101100110100000001100100000010000011000000100100000000000000111011011100001000000011
011010110000000001000001110000011000001000010000100001101010000100000000001100000101000001100100000000001101000000000111001100010101000001100010000000010000000000111110000011100001100100101001011000010100000100001000110111100100001001000011
000010110010000010000001000000010100110000001000010000101010011110000000000100000000110001110000000000011111101100011100001000101111110000110100110010110111000000100000000010110011000110111000000110000000001100000100011011000110101011000000
000001100001000000000001000000010101001100010000000000011011110000000000000000010010011000110000011010000001000100000000000100010100110011100010001100000000000001100000001001110010001101100000000100000000000100000100000000011111000011000000
010110001100000001000001001011111011010000110001100000100000001110000000011010001011000001000000011001101110010000000000000010001110000001000000000100000000011001100000111000100110001000001100000000111100000110101100000000111101101111000000
100001100111001000001001001010100000000111110000100110111010101000000000010000011001000000000000010000001111110000000000000001010101010100000001000100001100011000100000001010001000000000000001011010011111011001001101000000110010000000000110
000000111110000001101000010000000000000110110101100000000010110100000111000000001000000000000000010000001000110000010000000000000110110110000000110100001000000000001000000111100000111000000000000000001000011111010010110000010000110000000011
011000000000100110001000010010000010001100001101011100010001000100000000100001000101000000000000011100011000000000100101100010000000100000011000000101001100000001100100000110000000100100000011100100010000000000101000000000001000001000000001
100000000000010100001100010100000001101010000000010000001000000000010000100011001001000000000110000000000100100000100111000000001100100000111011010101111111011110110000000000100000011111100011000110000000000001000000000000001100000000000011
011110100000000000000001000001011101110010000000000001000000000000000000000001111011000111101110000001010101111000000011011000100000000000001011000000010101010011000010000011010010001011010011100000010000011000000000010000000100000000110010
000101000000000000001010000001100111110110000000000000000000000000010000001001000000011000010010000001000101011100110000111010100000000000000011000100001001000010000110000011111000000100000000010000101001100010000100000000110010110000110110
000000000000000100010011000000000111000110000000000110111000000001101100001010111000000000000110000011010111000110001000000001110000000000000111001000001011000000000111011101000010000111000000000001000000000000000010100001001011011000011100
000010010000000001001101100110000110100001000000110110000000010001101001100100000000100000010110000001010010110100101000011000011100001000100001101000011010000000000011011101000001001000100011100000000010011000000000000000110000000000000000
001110101110000001001100111110000110100000111000110010000000100001101011110100000000000000000001000101010100110011110000011000011100000100100011011111110010000000000000000101000000000101001011000010000001000000000000000001010000000000000000
111100000110000001000000111011001011000000000001101010111001100000100000000100000000110000100010100110000000000000001010110010001000000000010010000000010001000000000010011001000000000100000000001110100100000000100010000001100000000000100000
101100010010010110000000000000011010000011011011100100000101110010000000100010000000000100100110111011111000111000001001000110011011000011001111110101010001000000000000010001001000000100001001000000000001111001011110000000000100000001100001
110000000000001110000111000000011010000011111101100001001100000111000010110110001100001000100110100001000000000000000000100000001011000100100101110000000000001100000000001101100001111000001010111110100010110000001100000000101010000010010110
010001100000000010000110000000000100000000001100100000100011000000010101010000000000000111100010110101110000000000000001101101000000000010111100000011101000111100000000000001000000000001000111010100100011000000110000000000000000000011000110
000011100000000010000001110000010000000011100100011100000011010010001000000011000000000001100000000100100000011000011100010010000000000000011000100000001110000100000000001100110000000010100000100000011100111111100001100110101001100010000100
110001100000000000000001001000011000000011000110001000000000100010001000000100100110111011010000000111001100000000101000000001110001000100001011010100010000000000011010110010010011000001100000000000000110010110000100001111000010100011110011
000101100000000000100010011000011111000011000111000000000000101110001000100000001011000001001000000000000010100001101100000010010001100000110000001011010000011101000111100000000000011100010000000010010001001010011000100001000011100000000000
000010100000000001010110000110000000001010000000000000000000100010000001011011010010100010001000000000001101001010101100000111000110111101000000000000000000000001101000000000001000000111001000110010001000011000011010001110000001011000000000
100010000000000001100111001001101100000000000000000011101000000000010000001001000110100001100000000000001101000010101100000111000000000110000000000000000110000001010110100001101000100001010000000001010010111000000000000010000001110000000010