000110100000000000000011010110010011000000000000000000000000001000000000000000000000000000011100000000000000000010100000000000000000000100001100011000000000000001100001000000000000000000000100111110000000000000000000000111000000000000000000
011111100000000000000001000000111011000000000000000000000000000000001000110000000000000000000100000000000000000010100000000000000000001000110000011000000000000000101000110000000000000000001100001000000000000000000000000100000000000000001000
111000000000000000000110000000000011000000000000000000000000000100000100010000000000000000000000011011000000000100100000000000000000001000100000000000000000000000010000000000000000000000000000000000000000000000000000000011000000001100001111
000000000000000000000111001010000000000000000000000000000001000010000011100000000000000000000000010001000000001111100000000000000000000001000000000000000000000000000000011001000000000000000000000000000000000000000000000011000000010010000100
000100000000000000000000110100000110111100000000000000100100101001000000000000000000000000000000001110000000001110000000000000000000000001000000000000000000000000011001010100001100000000000000000000000000000000000000000110000000001010000000
001110000000000000000000000010001100000011000001000011000000101011001100000000000000000000000000001000000000001000000000000011000000000100100000000000000001100000011000000000101000000000000000000000000000000000000000000100011100000100000000
100010000000000000000000000000001000011000000111000011000000010011000110000000000001100000000000001000000000000110000000000011000000000010100000000000000001100000000001000000100011100000000000000000000000000000000000001000011100000000000000
010000000000000000000000000000000100000100000100000010100000011010001100000000000010010000000000000110000000000110000000000000000000000001000000000000000000000000000001110100010000110000000000000000000000000000000000011100001100000000000001
110000001100000000000000000000000000000000000001000001000110001001000000000000000010100010100010000110000000000010000000000000000000000000000000000000000000000000000000001000000000001000000000000000000000000000000000000000010000000000000001
010000001100000000000000000000000000000000001101000001001111000110000000000000000001000000001001001000000000000000000000000000000000000000000000000000000000000000000000000000010000000010000000000000000000000000000000000000000000000000000000
000001100000000000000000000000000000000000001100000000011110100100000000000000000000000000001110000111100000000000000000000000000010000000000000000000000000000000000000000000001110001001000000000000000000000000000100000000000000000000000000
000001100010000000000000000000000000000000000000000000000000000001000000000000000000000000001110000110100000000000000000000000000101000000000000000000001100000000000000000000000000101100000000000000000000000000011010010000000000000000000000
000000100001010000000000000000000000000000000000000000000000010110100000000000000000000000001010000001100000000000000000000000000110100000000000000000001100000010000000001100000110111110000000000000000000000000011010110100000000000000000000
100000001011010000000000000000000000000000000000000000000000001000100000000000000000000000001010010101000000000011111100000000001100110000000000000000000000000111000000010010000000011000000000000000000000000000000000010010000000000000001111
110000000100010000000000011100000000000001000000000000000000001101000000000000000000000011000000110010000000000010101000000000111101110000000000000011000000000001100000010111000000100110000000000000000000000000000000011010000000000000000110
100000000000000000000000001100000000000001000000000000000000000010000000000000000100000011001100001000000000000100111100000000100101100100000000000011000000000000000000001011100000000010000000000000000000000000000011011000000000000000000011
000000000000000000000000000100001011000001000000000000000000000000000000000000000100000011000000000000000000000100100000000000111100101010000000000000000000000000000000000011100000100100000000000000000000000000000100110000000000000000000001
000000000000000000000000000011110101000000000000000000000000000000000000000000000100000000000000000000000000110100000000000000001110000001000000000000000000000000000000000001100110000100000000000000000000000000000010110000000000000000000000
000000000000000000000100000100000101000000001000000000000000000000000000000000000000000000000000001100000001100000000000000000000010000001000000000000000000000100000000000000000000000000000000000000000000000000000010100000000000000000000000
000000000000000000000000111000001000000000010100110000000000000000000000000000000000000000000000000110000000100000100000010000000000110001000000000000000000000100000000000000000110000000000000000000000000000000000000000000000000000000000000
000000000000000000000110010010000000000000010100110000000000000000000000011000000000000000000001111100000000011000001001110000000000001010000000000000000100000000000000000000000000000000000000000000000000000000000000000000000000000000000000
000000000000000000000011100000001000000000001000000000000000000000011001100100011000000000000000000000000000001100000101100000000000000100000000000000000100000000000000000000000000000000000000000000000000000000000000000000000000000000000000
000000000110000000000001000000100100000000000000000000000000000000100101101100011100000000000000000000000000000110000010000000000000000000000000000000000000000000000000000001010000000000000011000110000000000000010000000000000000000000000000
000000000110000000000000000000001001000000000000000000000000000000101000111000011000000000000000000000111000000000110000000000000000000000000000000000000010011000000000000011011000000000000001101001000000000010001000000000000000000000000000
000000000000000000000000000000001000100000000000000000000000000000010000000000000000000000000000000011011001100000000000000000000000000000000000000000000001101011000000001100010000000000000101100100000000000010000100000000000000000000000000
000000000000000000000000000000011010100000000000000000000000000000000000000000000000000000000000100011100000000000000000000000000000000000000000000000001001000010000000010100010000000000000001100000000000000000000100000000000000000000000000
000000000000000000000000000000010101000000000000000000000000000000000000000000000000000000000100010000000000000000000000000000000000000000000000000000011110001010000000010000000000000000000011100000000000000000001000000000000000000000000000
000000000000000000000000000000110110000000111000000000000000000000000000000000000000000000000000000000000000000000000000000000000000000000000000000000010010001100000000000000010000000000000010100000000000000000000000000000000000000000000011
000000000000000000000000000000010010000000000000000000000000000000000000000000011000000000001000000001011000000000001100000000000000000000000000000000001000000000000000010000110000000000000110110000000000000000000000000000000000101000000000
100000000000000000000000000000001100000000010110000000000000000000000000000000000100000000001011000001011000000100011100010000000000001100000000110000000110000000000000010000001000000000000010100000000000000010000000000000000000111100000100
000000000000000000000000000000000110000000111101000000000000000000000000000000100110000000000100110000011000000010001100101000000000010010000001001000000011000000000000010001000000000001000001000000000000000111000000000000000000100010000000
111000000000000000000000000000000110000000100010000000000000000011000000000000001011000000000000000001100000000100000000101000000000010100000001010000000010100000000000000001101100000001000000000000000000001010100000000000000000001110001000
001000000000000000000000000000000110000001101100000000000001000010100000000011100010100000000000000001000000000000000000010000000000001000000000100000000001100000100000001000100011100001000000000000000000001010100000000000000000000100011000
100000000000000011000100000000000011011000101000000000000001000001000000000010010000110000000000000000000000000000000000000000000000000000000001010000000000000000100000000010001101100000000000000000000000000111000000000000000000000000000011
000000000000000011001010000011100001110000110000000000000000100000000000000000001001100011000000000000000000000000010000000000100000000000000001010000000000000001100001010011011111000000000000000000000000000010000000000000000000000111000000
000000000000000000000110000000000000100000000000000000000010000000010000000011010001000000000000000000000000000000111000000001010000000000000010010000000000000000000010010000001100000000000000000000000000000000000000000000000000000010010000
000000000000000000000000000000000000000000000000000000000010000000010100001000100000000000100000000000000000000001000100000000000010100000000001100000000000000000000001010000000000000000000000001000000000000001100000000000000000000001110000
011000000000000000000000000000000000000000000000000000000000000000011000000001000000000001000000000000000000000010111010000011010000100000000000010000000100000000000011100000000000000000000000010100000000000010100000000000000000000001000000
000000000000000000000000000000000000000000000000000000000000010000000000000000110000100000000011000000000000000110111010000000011010000000000000100111100101000000001110000000011100000000000000110110000000000001000000000000000000000001100000
001000110000000000000000000000000000000000000000110000000000010000000000001000000001010001000011001100000000000011000110110000000100000000100000000101100010000000000000000000011100000000000000010100000000000000000000000000000000000001100001
000000110000000000000000000000000000000000001011001000000110000000000000000100100001010010100010100101000001100000000000000100000000001111100000010100100010100000010010000011000000000000000000100010000000000000000000000000000000000010100010
000000000000000000000000000000000000000000010001001000000100010000000000000001000000000000010001000001000001100000000000100110000000001111000000000000100100100000000011000100100000000000000000111111000000000000000000000000000000000001100000
000000000000000000000000110000000000000000001000110000000010000000000000000000000000000010100000011001000000000000000000110001000000000111000000001001000111100000000001100000100000000000000000010001000000000000000000000000000000000010000100
000000000000000000000000010000000000000110001011100000000000000000000000000000000000000001000000001110000000000000000000000000101100000001110000001001100101001000000011110000000000000000000000001010000000000000000000000000000000000001101100
000000000000000000000000010100000000001110000111000000000000000000000000000000000000000010000000010000000000000000000000000000100000000000110000010000110100111100000011010011000000100000000000011011000000000000000000000000000000000000000000
000000000000000000000000001100000000000110000000000000000000000011000000000100000000000101000011111110000000000000000000000100011000011000000000010001010110110000010110110011000011000000000000001010000000000110000000000000000000000000000100
000000000000000000000000000000000000000000000000000000000000000011000000001010000000000101000110001001000000000000000000000001110000111000000000001010001000000110010000010000000010000000000000000100000000000110000000000000000000000000010000
000000000000000000000000000000000000000000000000000000000011000000000000000110000000000010001100110001100000000000000000000000010000110000000000000100000000000011100000111000000000001000000000000000000000000000000000000000000000000000011000
000000000000000000000000000100001100000000000000000000000000000000000000000000000000000000010001101001000000000000001100000000000000011000000000000000000000000001000111111000000000110000000000000000000000000000000000001100000000000000000000
000000000000000000000000000010001100000000000000000000000010011000000000000000000000000000111000000011000000000000010010000000000000000000000000000000000000000000000100110000000000000000010000000000000000000000000000001100000000000000000000
000000000000000000000010101000000000000000000000000000000110001000000000000000000000000000011000000000000000000000001100000000000000000000000000000000000000000000000100100000000000000001010000000000000000000000000000000000000001000000000000
010000101111000000011100010000000000000000000000000000001100100000000000000000000000000000000000001000000000000000000000000000000000000000000000000000000000000000000011100000000000000000000000000000000000000000000000000000000111000000000001
000001000010100001000000010000000000000000000000000000011000110000000000000000000000000000000000111000000000000000000000000000000000000000000000000010000000000000000000000000000000000000000000000000000000000000000000000000000000110100000010
000000101000100001101110000000000000000000000000000000000000100000000000000000000000000000000000110000000010000000000000000000011000000000000000000101000000000000000000000000000000000001100000000000000000000000000000000000000100001100000001
000100010110100000110001100000000000000000000000000000000000000000000000000011000000000000000000000000000011000000000000000000100100000000000000000101000000000000000000000000000000000000110011100000000000000000000000000000000000000000111011
100100000100000000000001100000000000000000000000000000000000000000000000000011000000000000000000000000000010000000000000000000000010000000000000000010000000010000110000000000000000000000100000100000000000000000000000000000000011110000110001
110000000010100000000000000000000100000000000001100000000000000000000000000000000000000010000000000000000000100000000000001000000001000010111000000000000000100001001000000000000000000000011000100000000000000000000000000000000011000001001100
110000000011100000000000000100001010000000000011100000000000000000000000000000000000000101000000000110000011100000000000011100000011000010000100000000000000000000110000000000000000000000010001000000000000000000100000000000000100100100101000
100000000000000000000000001010000110000000000000100000000000000001100000000000000000000101000000000101000011000000000001100100111010000000000000000000000000000000100000000000000000000000001110000000000000100000100000000000000000100100100000
110000000000000000011000001010000000000000000000000000000000000010010000000000000000000010000000011110000000000000000001100000110000000010000000000000000000000001000000000000000000000000000000000000000011111000100000000000000011100010000000
000000000000000000011000000100000000000001000000000000000000000001010000000000011100000000000000101100000000100000000000000111010000000000001000000000000000000010100000001100000000000000000000000000000010101100000000000000000000000000000000
000000000000000000000100000000000000000110100000000000000000000000100000000000000000000000000000000100000000000000010001001110000001100001110000000000000000000000000000010100000000000000000000000000000011000101000000000000000000000001000000
000000000001100000000000000000000000000110100000000000000000000000000000000000000000000000000000100010000000000000010001001100000000100000000000000000000000000000000000000100000000000000000000000001100001000100100000000000000000000011000000
000000000001100000000000000000000000000000101000000000000000000000000000000000000000000000000000001110000000000000001000000000000010101000000000000000000000000000000000000000000000000000000000000001011000000000100000000000000000000000000000
000000000000000000000000000000000000000001101000000000000000000000000000000000000000000000000000011000000000000000000001000000000100000100000000000000000000000011000000000000000000000000000000000000011000000001100000000000000000000001100000
000000000000000000000000000000000000000001100000000000000000000000000000000000000000000000000000010000000000000001100000000000001000001000000000000000000000000011000000000000000000000000000000000000101000010000010000000000000000000000000000
000000000000000000000000000000000000000101000000000110000000000000000000000000000000000000000000001100000000000011100011000000111000000000000000000000000000000000000000000000000000000000000000000001010000000000000000000000000000000000000000
000000000000000000000000000000000000000101001100000110000000000000000000000000000000000000000000000000000000000011100010000000000001110000000000000000000000000000000000100000000000000000000000000000100000100000010000000000000000000000000000
000000000000000000000000000000000000000100001100001001100001110000000000000000000000000000000000000100000000000000111110011001011000000000000000000000000000000000000001110000000000000100000000000000000000100000110000000001101100000000000000
000000000000000000000000000000000000000000000000000000010000101000000000000000000000000000000000000100000000000000011011011101000100000000000000000000000000000010000010010000000000000100000000000000000001000111000000000001101110000000000000
000000001100000100000000000000000000011100000000000100110110001000000000000000000000000000000000010100000000000000000001001101100011000010000000000000000000000010000110100000000000000000000000000000000000110000000000000000111001000000000000
000000001100000100000000000000000000000000000000000000000110110000000000000000101000000000000010100000000000000000000000110000000111000101100000000000000000000010000010100000000000000000000000000000000110111011000000000011101001000000000000
000000000000000000001000000000000000000000000000000000000010010000000000000000100100000000000111100000000000000000110001000000101010001000010000000000000000000000000000000000000000000000000000000000000111001000010000000010000101000000000000
000000000000000000001100000000000000000100000000000000000000100000000000000000100100110000001000110000000000000000111000000000101100010000001000000000000000000000000001110000000000000000011000000000000000001000010000000100000100000000000000
000000000000000000001001000000000000000011000000000000000000000000000000000000011000110000001001000000000100000000000110000001000000010001010000000000000000000000000000000000000000000000101100000000000000000010010000000111000000000000000000
110000000000000000000100100000010000010001000000000000000000000000000000000000000000110000000001100000011110000000000000000010000000100000100000000000000000000000000000000000000000011000100010000000000000000101100000001000000000000000000000
110000000000010000000000000000101000001101100000000100100000000000000000000000000000110000000000000000011001000000000001000000000000010000000000000000000000110000000000000000000000011001110100000000000000000010000000000111000000000000000000
000000000000100000000001100000101000000101100000001100110000000000000001000001100001001000000000000000100001000000000110000100000100000000100000000000000000100100000000000000000000011011101010000000000000000010000000000110000000100000000000
000000000000000000000000000000010000000000000000000100100001100000000011100001100001001000000000000000100001000000001110001000001010000100010000000000000000100100000000000000000000011001000000000000000000011100000000000000000010010000000000
000000110001110000000000000000000000000000000000000000000001100000000110110000000000110000000000000000010000000000011000001000000110000000010000000000000000010000000010000000000000001101000110000000000000000000000000000000001110111000000000
000001000111100000000000000000000000000001010000000000000000111000000011100000000000000000000000000000001000100000011011000000000000011000100000000000000000001000000010000000000000000111000000000000000000000000111000000000011110000000000000
000000100100000000000000000000000000000011001011100000000000011100000001000000000100000000000000000000000110000000110010010100000000011000011000000000000000000000000010000000000000000011100110000000000000000011000000000000000000000000000000
000000100100000010000000000000000000000001000000011000000000010110000000000111001010000000000000000000000100000000000110000100000000000000000000000000000000000000000000000000000000000000100000000001100000000100000100000000000000000000000000
000000000000000110001000000000000000110000100000001000000000010001000000000000001010000000000000000000001000000000010001011000000000000000000000000000000000000000111000000000000000000000110000000010010000000100001000110000000110000000000000
000000000000001110001010000000000000010000010010000000000010010001100000000000000100000000000000000000001000000000010000100000000000000000000000000000000000000000000000000000000000000000110000000001100000000110001000110000000000000000000000
001100000000000000001001000000000000000000000011010000000100010000000000000000000000100000000000000001010000001000000000100000000000000000000000000001110000000000000000000000000011000001010000000000000001111110110000000000000000000000000000
010010000000000000000111000000000000000000000000100000000110100001000000000000000001001000001000000000011100010000000111000000000000000000000000000000000000000000000000001100000100100001010000000000000011111000000000000000000000000000000000
010100000000000000000011000000000000000000000000000000000000000000000000000000000000010000010100000001111000000000000000000000000011100000000000000000000000011000000000001100000110110000100000000000000111101010000000000000000000000000000000
001000000000000000000100000000000000000000000000000100000000000000001110000000000011000000011000000000000111000000000000000000001110010000000000000000000000011101100000000000000100100000000000000000001100011111100000000000000000000100000000
000000000000000000001100000000000000000000000000001010000000000000000000000000000000000000000000001110000111000000000000000000000000100000000000000000000000000010010000000000000110100000000000000000000001000000000000000000000000000011000000
000000110000000000001100000000000000000000000000010000000000000000000000000000000100100000000000001101100000000000000000000000001011000000000000000100000100000010000111110000000100100000000000000000010011100000100000000000000000000110000000
000000110000000000000000000100000010000000100000000010000000000000000000000000000010011000000000000011110000000000000000000000000110000000000001101100011010000110100000001000001100110000000000000000010001100000100000000000000000000110000000
000000000000000000000000001001001100100000100000000010000000000000000000000000000000000000000000000000001000000000000000000000000000000010000000001000010000100110100000001000000110110000000000000000001000001000100000000000000000000110000000
000000000000000000000000010000010000100000100000001100000000000000000000000000000000000000000000110000110000000000000000000011000000000010010000110000011000100000000101110000000110010000000000000000000000000111000010000110000000000010000000
000000110000000000000000010000010000110000000000000100000000000001100000000000000000000000000001001000100000000000000000000011000000000010000000000000000001000000010110000000000001110000000000000000000000000000000010000110000000110011000000
000000101000000000000000010000000011010000000000000000000000000010010011000000000000000000000111000000000001100000000000000000000000000000100010000000000000000000010110000000000000100000000000000110000000000000000010000000000000011101000000
000000010000000000000000001100000000100000000000000000000000000000010110000000000000000000001111000100000010010000000000000000000000000000011100000000000000000000010100000001000000000000000000001001000000000000000000000000000000001110000000
001100000000000000000000000010000011100010110000000000000000000000010010110000000000000000001000000100000001100000000000000110000000000000000000000000000000000000000000100010110000000010000000010001000000000000000001100000000000000100000000
110001000000000100000000000001001001000001010000000000000000001101000000010000000000000000000100000100000000000000000001001100000000000000000000001100010000000000000001100110110000001001001000001110000000000110000010100000111000000000011100
100001000000001001000000000000000000000100010000000000000000000010000001110000000000000000000100001000000000000000000110110111000000000011000011100111110000000000000001100100110000010000111100000000001100001001000000100111111000000000010100
110001000000110111000000000000000000001100100000000000000000000000000000000000000000000001110011000000000000000000000110000010100111001010100001000011001100000011000000000111000000100011000010000000001100000110000000011011000000000000100100
001100000001111010000000000000000011000111000000000000000000000000000000000100000000000000000001010000000000000000000100000000000111001010010000000001100110000011000000000011000001000110000011000000000000000000000000001100000000000000101000
000000000000100000000000000000000011000000000000000000000000000000000010001010000000000000000000100000000000000000000000011101001000000000100000000000000111000000000000000000000001001111000011100000000000000000000000001000000000000000111000
000000110001110100000000000000000000000000000000000000001100000000011001000100000000000000000000000010000000000000000010110001000111000000000000101000000100000000000000000000000001000110000011000000000000000000000000000000000000000000000000
000000110001100100000000000000000000001100100000000000010010011100010000000000000000000011000000000010000000000000000000000010101010000000000000111000000000000000000000100000000000100011000010000001000000000000000000000000000000000010000000
000000000001010000110000000000000000010011011000000000001100011000000100000000000000000010010000000000000000000000000000000001110011000111000000011000001110001100000011111000000000010000111100000010100000000000000000000000000000001001000000
001000001001011000000000000110000000010010000000000000000000010001100000000000000000000000000000000000000000000000000000000000100010001100000000000000000101110110000111011000000000001001001000000111000000000000000000100000000000000110000000
001000000000011000011100000110000000011010011111000000000000001001000000000000000000000001000000000000000000000000000000000000111000110000000000000000001000110100000111011000000000000010000000000110101000110000000001010000000000000000000000
000000000000110100101110000000000000001000001001000000000000001000011000000000000010000001000000011000000000000000000000011000010000011010000000000000000111000000000110010000000000000000000000000110101001001000000000100000000001000000000000
011100000000001100111110000000000000000000011111000000000000000101101000000000000010000000011001000100000000000000000000011000101000011011000000000000000000000000000100100000000000000000000000000110110001001000000000000000000001000000000000
110100011000001001011010000000000000000100001000000000000000000110000000000000000010000000001101100100000000000011000000011000100100000000000000000000000000000000000100100000000000000000000000000010010011011000000000000000000001000000000000
110000011000000000011000000000000000000010001000000000000000000001110000000000100000000000000111010000000000000011100000000000100100000100000000000000000000001000000100000000000000000000000000000010100001100000000000000000000000000000000001
110000000000000010010000000000001100000000110000000000000011000000100000000001110000000000000000001110000110000000100000000000010100001100000000000000000000110110001100000000000011001111000000000001100000000000000010000000000000000001100000
010000000000010000110000101100001110000000000000000000001111000000000000000011000000000000000010100000000110010011000000000000000000000100000000000000000000110110000110000000000000001001000000000000000000000000000101000000000000000010010000
000000000000110000000000100001001010000000000000000000000000100000000000000110000111100000000001100011000101001010000000000000000000000011100000000000000000000000000000000000000000000011000000000000000000000000000101000000000000000000000000
000000000000100100000000010000101110000000000000000000010011110100000000000001000100010000011000000011000110010000000000000111000000000001000000000000000001101100000001000000000000011100000000000000000000000000000010000000000000000011100000
000000000001111100000000110000101100000000000000000000001111100010000000000000001000100000011100000110000111110001100000000000000000000000000000000110000001101100000010100000000000001100000000000000000000000000000000000000000000000000000000
000000011101111110100000101101100000000000000000000000000000011100000000000000001000000000000101010100000101100000110000000000000000000000000000000110000000010000000010100000000000000000000000000000000000000000000000000000000000000000000000
000000000001000111010000100011100000000000000000000000000000011100000000000000011011000000000000000000000011000010100000000000000000000000000000000000000000000000000001000000000000000000000000000000000000000000000000000000000000000000000000
000000000000000111010000101000110001100000000000000000000000000000000000000000001000000000000000010010000000000011000000000000000000000000000000000000000000000000000000000000000000000000000000000000000000000000000000000000000000000000000000
000000000000010100000000111000011001100000000000000000000000000000000000000000000000000000000000011100110000000000000000000000000000000000000000100000000000000000000000000000000100000000000000000000000000000000000000000000000000000000000000
000000000000001000000000100100001000000000000000000000000000000000000000000000000000000000000000010001011000000000000000000000000000000000100011110000001010000000000000000000001000000000001100000000000000000000000000000000000000000000000000
000000000010000000000000001100011100000000000000000110000000000000000000000000000000000000000000001000110000000001110000000010110000000001111111010000000000000000000000000000011011000000011000000000000000000000000000000000000000000000000000
000000000100000000000000011000100100000000000000000000000000000000000000000000000000000000000000000000100000000001010000000110001000001001101000000000010000000110000000000000001101110000001011000000000000000000000000000000000000000000000000
000000000010000000000000011101111000000000000000000000000000000000000000000001000000000000000000010010000000000100010000000010100100011000001000000000001100001010000000000000000100110001000000000000110000000000000000000000000000000000000000
000000000000000000000000011010000000000000000000000000010000000000000010000001000000000000000000001000000000000101000010000001011100110000001110100010000000001100000000000000000000110011010000000000110000000000000000000000000000000000000000
000000000000011000000000001100001000000000000000000000010000000000000010000000000000000000000000000000000000000111000010000000000000000000000011000101000000000000000000000000000011000001000000100000000000000000000000000000000000000000000000
000000000110000000000000000100000100000000000000000000000000000000000000000000000000000000000000000000000000000000000000000000000000001110000010000000100000000000000000000000001001000000001000100000000000000000000110000000000000000000000000
001000000000000000000000000010000100000000000000000000000000000000000000000000000000000000000001000000000000000001110000000000000000000010000000000110011000000000000000000000000110000011010010000000000000000000000010000000000000001100000000
011000010010000000000000000000110000000000000000000000000000000000000000000000000000000000000001110000000000000001110000000000000001100011000000000001101000000000000000000011100000000011110010000000000000000000110110000000000000000010000001
000100010100011000000000000000000000000000000000100000000010000000000000000000000000000000000010110100000001100000000000000000000001101000000010000000000100000000000000000100100000000000000100000000000000000000110010000110000000000000000110
011110010000000100000000000000000000000000000011011000000101000000100000000000000000000000000011111000000001100000000000000000000001000100000111100000100100000010000000000100010000000001110000010011000100000000011010000110000110000000000001
001011010000100111000000000000000000000000000011011000000101100001001000000000000000000000000011100000000101000000000000000000000001000100000100100000111000001010000000000110100000000000100000100011101011001100001110000000000110111000000000
000110010000110000100000000000000000000000000001011000000100000001000010000000000000000000000000000000000110000111000000000000000000100100000111000000000000000000000100000001000000001100000000000001110100010000000000000000000000000100000000
000001100000010100100000000000000000000000000100011100000000011000100010000000000000000000000000000000001010001000100000000000000000011000000111000000000000001100101011000000000000001100000000000011100000001100000000000000000000100100000000
000000000000010001100000000000000000000000000111111010000000011100000110000000000000000000000000000000000100001000100011111000000000000000000011000011100000000000001000000000000000000000000000000011000000000000000000000000000000010100000000
000000000000010000000000000000000000000000000111100010000000011000000000000000000000000000000000000111000000001000100101000010000000000000000011000001100000000000101000000000000000000000000000000000000100000000000000000000000000000000011000
000000000000001110000000000000000000000000000000001100000000000000000000000000000000000000000000000111000000000111000100000001000000000000000000000011100000000000001000100000000000000000000000000000011011000000000000000000000010000000011000
000000011100000000000000000000000000000001000000000000000000000000000000000000000000000000000000001000100000000000000010000000000000000000000000000000000000000000001101000000000000000000000010000000011011000000000000000000000010110000000000
000001111110000000000000000000000000000010100000000000000000000000000000000000000000000000000000000110100000000000000011011100100000000000000000101000000000000000000010000000000000000000000010000000011011000000000000000010000010001000000000
000001100010000000000000000000000000000000011001110000000000000000000000010000000000000000000000000111000000000000000000000001100000000000000001101000000000000011000000000000000000000000000010000000000100000000000000000110100001001000000000
000100110001100000000000000000000000000011011000000000000000000000000000101100000000000000000000000000000000000000000000000011000000000000000000100000000000001101101000000000001100000000000000000000000000000000000000001100110011010000000000
100011111111100000000000000000000000010000000100000000000000000000000000000010010000000000000000000000100000000000000000000001010011100000000000101101000000000000101100000000001100000000000000000000000000000000110000110000110001000000000011
000011100110000000000000000000000000111000011100001000000000000000000000000000110000000000000000000001100000000000000000000001000111010000000000011100000000010010001000000000000000000000000000000000000000000011001000000000000000000000000000
001000000000000000000000000000000001000000001100100000010000000000000000000100001000000000000000000010000000000000000000000000100110011000000000000000000000000010010000000000000000000000101000000000000000000011011000011000010000000000001000
001000000000000000000000000000000011100101101000000000101000000000000000000110000001100000001000000011101011000000000000000000011100110000000110000000000000001101100000000000000000000011011100000000000011000001110000000000000000000000001000
001000001101100000000000000000000001010000010000000000101000000000000000001110000001110001111110000001101000100000000000000000000000110000000111111000000000000011000000000000000000000011000100000000000100100000000000000001110000000000001000
000000001000100000000000000000000001100000000000000000010000000000000000010100000000010001111010000000001111101000000100000000000000110000000011010100000000000000000000000000000000000011001100000001000011000000000000000001100000000000000000
100000001001000000000000000000000010010100000000000000000000000000000000001100000000000000011010000000000000100000000100000000011100011000000001010010000000000000000000000000000000100000110000000001000000000000000000000001100000001100000011
000000000100000000000000000000000011100000000000000000000000000000000000000000000000000000100100000000000000011100000100000000011000011000011000100010000000000000000000000000000001010000000000000001000000000000000000000000000000001100000000
000000001000000000000000000000000100010000000000000000100000000000000000000000000000000000111000000000000000011000000000000000000110011000010000001100000000000000000000000000000010010000000000000010111000000000011100000000000000000000000000
000000110110000001100000000000000010001000000000011011100000000000000000000000000000000000100000000000000000100000000000000000000000000000010001010000000000000000000000000000110001100000000000000100011000000000000110000100000000000000000000
000001000010000010100000000000011010001000000000111001000000000000000000000000000000000000000000000000000000100010000000000000000000000000001010010000000000000000000000000000110000000000000000000010001000000000000110000010011000100000010100
000000110110000011000000000000001100000000000001100011100000000000000001100001000000000000000000000000000000100000000000000000000000000000000111100000000000000000001100000000000000000000000000000001000000000000000000000111000000010000100100
000111011000000000000000000000000000111000000000100000100111000000000010010010100000000000000000000000000000100000100000000000000000000011101000000000000000000000001100000000000000000000000000000000000000000000000000000000000000000000100000
001010000100000000000000000000000000000000000000010100000000110000000010100001100000000000000000000000001000100000100000000000000000000000001010000000000000000000000000000000000000000000000000000000000000000000000000000000001000000100010001
000110011011000000000000000000000000000000000000000101001000110000000001000000000000000000000000000000011100100000100000000110000000000011000000000000000000000000000000000000000000000000000000001110000000000000000000000000001011100101100001
001100010000000000000000000000000000000000000000000000000110000000000000000000000000000000000000000000110110000000000000001010000000000000000000000000001000000000000000000000100000000000000000010010000000000000000000000000010010000001011010
000000010001000000000000000000000000000000000000000000000001101000000000000000000000000000000000000000011011001110000000001011000000000000000000000001000100000000000011100001010000000000000000010000100000000001100000000000011100111000000000
000011101111100000000000000000000000001100000000100000000001000000000000000000000000000000000000110000001000000000000000001100000000000000000000000001001000000000000101100001010011000000000000010000000000000001100000000000001000011000000110
001001011100100000000000000000000000011100011001000000000000101011000000000000000000000000000001001000101100000000000000000000000000000000000000000011111000000000001100001000110000100000000000000000010000000000000000000000000000011000000110
001000010001000010000000000000000000110010010011100000000000010100000000000000000000000000000000110000000010000100000000001100000000000000000000000001010000000000000010000000011000100000000000001000000000000000000000000000000000000000001010
001011000001000001000000000000000011001000000001000000010000000000000000001100000000100000000000000000100110001110000000001110000000000000000000000001110000000000010000000110000001100000000001100000100000000000000000000000000000000000001000
000000000001100000100000000000000110111000001001000000100100000000000000001100000010011000000000000000011100001001000000010000000000000000000000000000000000000000001010001100010110000000000011011011000000000000000000000000000000000001100011
000000000000000010100000000000000110110000010000000000000000000000000000000000001110011000000000000000001100000011100000010010000000000000000001100000000000000111000100000000001000000110000001000010000000000000000000000000000000000100000010
010000000000000001000000000000000001000000011100000001100100000000000000000000011001011000000000000000001100001111110000010100000000000000000010010000000000000100000000000000000000000110000000100100000000000000000000000000000000000111111100
001000000110000000000000000000000000000000000100000000000000000000000000000000000111100000000000000100000001001101000000011100000000000000000001100000000000000010000000000000000000000000000000110000000000110000000000000000000000000010011100
011000000111000000000000000000000000000000000000000000000000000000000000000000000001000000000000000100001000101001000000000000000000000000000000000000000000000000000000001000000000000000000000000000011101000000000000000000000000000000000001
010000000110000000000000000000000000000000000000000000000000000000000000000000000000000000000000000000000000010000000000000000000000000000000000000010000000000000000000001100000000000000000000000000010100110000000001000000000000000000000011
111000000000000000000000001110000000000000000101100000010000000000000000000000000000000000000000000000000101010000110010000000000000000000000000000101000000000000000000000100000000000000000000000001000100000000000010100000000000000000000110
100000000000000000001100001010000000000110001001100000010100000000000000000001000000000000000000000000000100000000010010000000000000000000000001000101000000000000000000000000000000000000000000000001001000000000000010100000000000000000000001
010000000000110000001100010010000000000001010101100000011000000000000000000010100000000000000000000000000000000000000010000000000110000000000011100010000000000000000000010001000000000000000000000001001000011000000001000000000000000000000000
010101000001001000000000010100000000000000000000100000000000001000000000000010100000000000000000000000000000000000010010000000000110100000000111110000000000000000000011010001000000000000000000000000110001001000000000000000000000000000000000
000001000000101000000000011100000000000100000000100000000000001110000000000001000000000000000000000000000000010100010010000000000000000100001000001000000000000000000010000001000000000000000000000000000010001000110000000110000000000000000000
000011010000010000000000000000000000000100001100100000000000000011000000000000000000000000000100001000000000110010000010000000001000000000011001001100110000000000000011000010000000000000000001100000000000010001001000001001000000000000000000
000001010000000000000000000000000000000010000001000000000000010000000000000000000110000000001101111000001101111011011010000000001000010010111010101110110000000000000000000100001100000000000001100000000010000000110000000110000000000000000000
000000000000000000100000000000000000000001010000000000000001100001000000000000001001000000001101100000000000100010100010000000001110001100000001001100000000000000000000000000010010000000000000001100000110000000000000000000000000000000000000
000000000000000001000000000000000000000001011101000000000001101110000000000000000110000000000011100000001000100000100111000000000011000000000000001000000000000000000000000000001100000000000000000000000000000000000001000000000000001100000000
000000000000000001110000000000110000000000000011000000000000011000000000000001100000000000000000000000000000010101100110010000000011000000000000110000000000000000000000000000000000000000000000110110000000000000000010100000000000000010000000
000000000000000000000000000000011000000000000011000000000000000000000000000001100000000000000000000000000100001110000000101000000000000000001000100000000000000000000000000000000000000000000000100000000000000000000010100000000000000000000000
000001010010100000000000000000110000000000000001100000000000100000000000000000000000000000000000000000000000000000000000000100000000000000000000000000000000000000000000000000000000000000000000111001100000000000000001000000000000000000000000
000001000000100000000000000100000000000000000001110000000001110000000000001000000000011000000000000000000011001000000000000100000000000000000000000000000000000000000000000000000000000000000000000000110000000010000000000000000000000000000000
000000001110000110000000011100000000000000000001100100000010001000000000001000000000100100000000000000000001000000000000000000100000000000000000000000000000000000000000000100000000000000000000000000110000000100000000000000000000000000000000
000001001100001001000000100100000000000000000000100100000010110000000000000000000000011000000000000000010000110000000000011000000000000000000000000000000000000000000000001010000000000000000000000000000000000000000000000000001100000000000000
001100010000000101000000101000000000000000110000000000000001100000000000000000000000000000000000000000011111100000000000000011100000100000000000000000000000000000000000010010000000000000000000000000000000000000000010000000010010000000000000
010100100000000010000000000100000000000000100111000000001000000000000000000000000000000000000000000000000001000000000000000000110001010000000000000000000000000000000000001100000000000000000000000000000000000000000001000000001110000000000000
010101000000000000000000000100000000000000001000000100010100000000000000000000000001100000000000000000111001000000000000000000010001010000000000000000000000001100000000000000000000000000110011000000001100111100001001100000001110000000000000
111000000000000000000001011000000000000000011000000100010001000000000000000000010011010000000000000001001100000000000000000000000000100000000000000000000000010010000000000000000000000110100010100000001101001000001100000000000111111000000100
010000000000000000000001111000000000000000010000010000001101000000000000000000001100001000000000000000100000000000000000000000000000000000000000011000000000001100000000100000000000001000001010011000000000101001000000000000000011110100001010
000100000000000000000011100000000000000000001101010000010000100000000000000001101100000000000011000011011000000000000000000000000000000000000000010100000000000000000000111000000000001000010101011000000000110100101001000000000011001100000010
000010000011000000000000000000000000000000000100010000100111000000000000000000111110000000000000000000011000000000000000000000000000000000000000010100000000000000110000100100000000001010100101100001000000000101000000000000000000000000111001
010010000100100011000000000000000000000000000011000000000000000000000000000000000000110000001011000100010100000000000000000000000000000000000000001000000000000010110000000010000000000111010001000010100000000000000000100000000011000000001000
000000000011000001100000000000000000000000000000000000000111000010100111000000000001100000000010000000000000000000000000000000000000000000000000000000100000000110000001010100000000000000001100000100100000000000000111000000000000000111011100
000000000000000010000000000000000000000000000000100000000100000000000000000000000011000000011100000010000000000000000000000000000000000000000000000000100000001100010001111000000000000000000000000011000000000000000000000000000000000110001000
000000000000000000000000000000000000000000000001010000000000000011000000000000011010000000000000000001110000000000000000000000000000000000011100000000000000010100010000000000000000000000000000000000000000000000000000000000011000000000010100
000000000000000000000000000000000000000000000010001000001110000000100000000000001100000001010101000000110000001110000000011000000000000000010000000000000000000000000000000000000000000000000000000000000000000000000000000000011000000000000100
000000000000000000001100000000000000000111000010001000001110000000000110001000000000000000000000111000000000001001000001001000000000000000000000000000000000001111100000000000000000000000000000000000000000000000000000000000000000000000001100
000000000000010000001110000000000000000000000011011000000000000011001000011000000000000000000000000000000000000111000000000000000000000000010000000000100000000110110000000000000000000000000000000000000000000000000000000000000000000000000110
000000000000010000011011000000000000000000000010001000000000000001111011111000000000000000110110010100000000000011000010010000000000000000011000000001110000000110110000000000000000000000000000000000000000000000000000000000000000000000000000
000000000000010000010001100000000000000000000010110000000000000001101100110000000000000000001000001100000000000000000011000001100000000000100101110011011000000001100000000000000000000000000000000011000010000000000000000000000000000000000000
000000000000001100000000000000000000000000000001110000000000000000010000001000000000000000000000000000000000000011100000000010100011100000011100000111011100000011010000000001100000000000000100000100100111000000000000000000000000000111000000
000000000000000100000000000000000000000000000000000010000000000000110000000000000000000000000000000000000000000011100000000011000000000000011100000011011000000111101000000010010000000000000000000011001101100000000000000000000000001001000000
000000000000000100000000000100000000000000000000001110000000000110001000000000000001110000000000000000000000000011100000001100001000000000011100000001110000001000001000000001100000000001110110000000000111000000000000000000000000001000100000
011000000000000100010000001011000000000000000000011000000000000100000100000000000000100000000000000000000000000001000000010100001000001110001100000000100000000111110000000000000000000000100100000000000010000000000000000000000000000000100000
011000000000001000010000000011000000000000000000000100000000000100000100000000000000000000001110000000000000000011010000011000001000000010011000000000000000000010000000000000000000000000011000000000000000000000000000000000000000001110000000
000000000000001000100000000000000000000000000000011111000000000001111000000000000000000000001000000000000000000000001000000000000000000011000000000000000000000000000100000000000000000000000000000001100000000000000000000000000000001100001000
000000000000000111110000000000000111000000000010110100000000000000000000000011011111111111010000000000000000000000110000000000000011100000011000000000000001111000001100000000000000011000000000010001100000000000000000001100000010000000010100
000000000000011000000100100100000000000000000110000000000000000000000000000011011010101011011000000000000000000000000000000000000000000000010000000000000001011000000010100000000000001010000000010000000000000000011011010010000100000000100010
000000000001001001100100000100000000000000000010000000000000000000010000000100001000000010000100000000000000000000000000000000000000000010010000000000000000001000000000100000001000000100000000010000000000000000001000101010001100000000100010
000000000001000000110110000010000000000000000001100000000000000000011000000010001011011010001000000000000000000000000000000000000000000010100000000000000010100000000001100000011100000000000000000000000000000000011001100000011100100000111011
000000000010000000000010000100000000000000000000100000000000000000011000000000110010001001100000000000000000000000000000000000000000000001000000000110000100100000000000000000110100000000000000000000000000000000011111000000000101110000011100
000000000011101000010000000000000000000000000000000000000000000000111000000000110110001101100000000000000000000000001100000011100000000000000000001100001001000000001010100000011000000000000000000000000000000000011001100000000110010000000000
111000000010001000110001010000000000000000000000000000000000000000101000000000000000000000000000000000000000000000010010000001000000000000000000000010001010000000000110110000000000000000000000000000000000000000011000001000000011100000000000
111000000001000000000101100000000000000000000000000000000000000001100100000000000000000000000000000000000000000000011011000100000001100000000000000000001010000000000000000000000000000000000000000000000000011100011011110100000001000000000000
010011100000000001110000000000000000000000000000000000001100000001010010000000000000000000000000000000000000000000011000000011001010100000000000000000000000001100000000000000000000000000000000000000000000010010000100011000000000100000000011
000011010001011000100000000000000000000000000000000000010100000000001100000000000000000000000000000000000000000000001011000001000000100000000000000000000000000100000000000000000000000000000000000000000000000100000001011000000001110000000011
000001011000001000000000000000000000000000000000000000001000000000000000000000000000000000000000000000000000000001110110100000011111000000000000000000000000001001000000000000000000010000000000000000000000111000000000001000000010000000000000
100011010000001001000000000000000000000000000000000000000000000000000000000010000000000000000001110011000000000011010000000001010001000000000000000000000000001111100000000000000000101000000000000000000000000000000000001100001010001000110001
111111100000001110000000000000000000000000000000000000000000000000000000000101100000000000000000000011000000000011100001100001010000000000000000000000011000000000100000000000000000100100000000000000000001100000000000010000001001111000110001
011110000000000000000000000000000000000000000000000000000000000000000100001100011000000000000010010000000000000000101111100001010001110000000000100000100010000110000000000000000000011000000000001100000001111100000101001100000110001000000000
000000000000000000000000000000000000000000000000000000000000000000001010000001011110000000000000000000000000000011001000100000000000000000000000011000100010000010100000000000000000000000000000001100010000010100000000000011001000000000000000
000000000000000000000000000000111000000000000000000000000000000000001010110100000001000000000001111000001010000101000001100000000000000000000000001000100001000011111000000000100000000000000000000000101000000110000100000101100100000000000000
000000000000000000000000000000000000000000000000000000000000000000000100011110001101000000000000100100000001000100001000100000000000000000000000101001000010000000111000000001111000000000000000000000011000001100000111000111010010011100000100
000000000000000011000000000000000000000000110000000000000000000000000000001000000000000000000000101100000000101001000000000000110000000000000000010001001000000000110000000001101100000000000000000000000000001110000000111000001100001100000000
000000000000000100100000000000000000000000110000000000000000000000000000000110100100000000000000100001101000011000110000010000110000000000000000000100000000000000000000000000001110000000000000000000000000000000000100000000000000011000000000
000000000000000011000000000000000010000000000000000000000000000011111000001000101100000000000000000001010001110000100010001000000000000000000000000101011100000000000000111000000110000000000000000000000000000000011001110000000000000000010000
000000000000000000000000000000000101000000000000000000000011000011000000001100001000000000010000010000000000001110101000010000000000000000000000000000101100001100011001000000001110000000000000000000000000000000010010000000000000000000000000
000000000000000000000000000000000110000000000000000000000011000000000000000000000000000001101100011100000001000000011100000000000000000000000110001010010000001001100011010001001110000000000000000000000000110000010000010000000000000000000000
000000000000000000110000000000000000000000000000000000000000001110110000000010001000000001100000000000000001111111000110000000000000000000001001001000001000001001000010000000100100000000000000000000000001001000001000100000000000000000000000
000000000000000001001000000000000000000000000000000010100000001001100000000001001000000001101110000000000000100111111010000000000000000000000110000011001100000101000001100000001000000110000000001110000000110000001000100000000000000000000010
000000000000000000110000000000000000000000000000000010001000001001100000000000010000000000011000100000000000001000001100000000000000000000000000000010001000000010000000101101110000001001000000001100000000000000001000100011000000000000000101
000100000000000000000000000000000000000000000000000000011100000101100000000000000000000000000000010000000000011100010100001000000000000000000000000010100000000000000000001000000000000110000000000000110000000000010001000100100000000000000101
001010000000000000000000000000000000000000000000000011110110000010001000000000000000000000111001100000000000010100001100011000000000000000000000000111000000000000000000110110000000000000000000001000110000000001010001000011000000000000000010
000100000000000100000000000000000000000000000000011101001100000001111000011101000000000000110001000000000000011000000100001100000000000000000000000110001100000000000000110110000000000000000000001000000000001100000001100000000000000000000000
000000000000001010001100000011000000000000000000010000001000000000110000011101000000000000011001011100000000000100000000000000000000000001110000000100001100000000010000110001000010000000000000010010000000000000000000100000000000000000000000
000000000000000010010110000011000000000000000000001100000000000001100000000100000000000000001001101100000000011100000000000000000000000001111000001011101100000000111000001101100101000000000000100000000000001100010000000000000000000000000000
000000110000111011100001000000000011100000000000000000000000000000100000000010000000000000011001100100000100011100000000000000000000000100011000110111110000000001100010000001011101000000000001000100000000000000000000100000000000000000000000
000000110001000000010111010000000000010000000000000000000000000000010000000000000000000000011100001000111000000000000000000000000000000011000000011101100000000000001001000000010010000000000001000110000000001011010001110000110111011100000000
000001100000000110000111111000000010100000000000000000000000001100110001100000000000000000110100110000110000000000000000000000000000000001001100011000000000000000000000000111110000000000110001001011000000110111010110001000110001010000000000
100010100000010101111001001101100000100000000000000000000000000110000101000000000000000000110011100000000000000001000000000000000000000010001100011000000000000000001000011011100000000000100000101010000000011000000000000101100000000000000011