000010010000000000000001000000001110000000000000000000000000000000000110011000000000000000000000000000000000000100100000000000000000001100000001010000000000000001110000100000000000000000001000010000000000011000000000000000000110000000000000
000000010000000000000001011000001001110000000000000000000000000000001110011000000000000000000000000000000000001001000000000000000000000000001001011000000000000001011010000000000000000000000111000000000000000000000000000110100000000000001000
000000000000000000000111000000001001100000000000000000000000111110000101001000000000000000000000001011000000001110000000000000000000000000001100010000000000000000010001100000000000000000000111000000000000000000000000001101100000001100010100
000101100000000000000110011110000100000000000000000001000001000001100111110000000000000000000000000101000000000000000000000000000000000000000000000000000000000000000000010100011110000000000000000000000000000000000000001101000000010010010100
000010000000000000000111011110000011000110000000000011100000000101101100110000000000000000000000000000000000001010000000000000000000001100000000000000000000000000100000000000100111000000000000000000000000000000000000011000001100001010001000
000000000000000000000000000000000100000110000011000010110001000011111100000000000000000000000000000000000000011010000000000011000000001100011000000000000001100000010001000100010000100000000000000000000000000000000000011000011011000100000000
000010000000000000000000000000001111010110000011000000011000010000000000000000000001100000000000010010000000001011000000000011000000000111110000000000000001100000000100110000011010000000000000000000000000000000000000000000001001000000000000
010110000000000000000000000000001111010000000000000011111000000100000111000000000010010000000000000100000000000110000000000000000000000011100000000000000000000000000000101000000010111000000000000000000000000000000001010000001001000000000000
000000000100000000000000000000000000001000000000000110000000001100000000000000000010100000000000000000000000000000000000000000000000000001000000000000000000000000000000111000000001111100000000000000000000000000000001000010000110000000000000
100100000100000000000000000000000000000000000000000010000000001100000000000000000001000000110101100000000000000000000000000000000000000000000000000000000000000000000000110000000000000000000000000000000000000000000100010100000000000000000000
011000011100000000000000000000000000000000001100000001000100000000000000000000000000000000010000100000000000000001001000000000000000100000000000000000000000000010000000000000001001000110000000000000000000000000011000010000000000000000000000
000000010000000000000000000000000000000000001100000000101000000000000000000000000000000000000000010000000000000001001000000000000000010000000000000000001100001101100000000000001000000110000000000000000000000000010000101000000000000000000000
000000100000000000000000000111110000000000000000000000000000000001110000000000000000000000000100110000000000000100000100000000000001001000000000000000001100001101100000000000000100010011000000000000000000000000011000010000000000000000000000
011100101111010000000000001111110000000000000000000000000000011000010000000000000000000000001010000001100000000111110100000000000000100100000000000000000000000010010000011000000000000100000000000000000000000000011000000000000000000000000100
000100011111110000000000110111110000000000000000000000000000011001110000000000000000000000001010000001100000000010010100000000000000110110000000000011000000000001100000100100000000100100100000000000000000000000000000000000000000000000010100
000100000000100000000000000000000000000011100000000000000000000000000000000000000000000101001010000000000000000000010100000000000001100110000000000011000000000000000000010100000000010011000000000000000000000000000010000000000000000000010001
011000000000000000000000111000000010100000000000000000000000000000000000000000001110000010000100000000000001011100001100000000000011000101100000000000000000000000000000001000000000000000000000000000000000000000000101000000000000000000001000
000000000000000000000001001000000001100000000000000000000000000000000000000000000000000000000000000000000010101010000000000000000010000110010000000000000000000000000000000000000000000000000000000000000000000000000110000000000000000000000100
000000000000000000000110110000000000000000001000000000000000000000000000000000000000000000000000000110000010110000000000000000000011100110111000000000000000000000000000000000000000000000000000000000000000000000000000000000000000000000000011
000000000000000000001000000000000000000000010100110000000000000000000000000000000000000000000000000000000001100001000000000000000001010111110000000000000000000000000000000000000000000000000000000000000000000000000000000000000000000000000000
000000000000000000001001011000000000000000010100110000000000000000000000001110001000000000000001100000000000000001000000000000000000111000100000000000000000000000000000000000000000000000000000000000000000000000000000000000000000000000000000
000000000000000000000111001000000000000000001000000000000000000000000000001000111100000000000001100000100000000000000000000000000000011111000000000000000000100100000000000000000000000000000001010000000000000000000000000000000000000000000000
000000000110000000000100001000000000000000000000000000000000000000010100000000110110000000000000000001110000011011000000000000000000000010000000000000000000100010000000000110000000000000000001010000000000000000000000000000000000000000000000
000000000110000000000010010000000000000000000000000000000000000000100011000110111100000000000000000011011000011011000000000000000000000000000000000000000000001011000000000100010000000000000001000000000000000000000000000000000000000000000000
000000000000000000000011100000000000000000000000000000000000000000011010000000001000000000000000000111011100000100000000000000000000000000000000000000111000011000100000000001001000000000000000000000000000000000000000000000000000000000000000
000000000000000000000000000000110000100000000000000000000000000000001100000000000000000000000000000011011000000000000000000000000000000000000000000001011000011011000000001111010000000000000011100000000000000000000000000000000000000000000000
000000000000000000000000000001000001010000100000000000000000000000000000000000000000000000000010000001011000000000000000000000000000000000000000000001001100000011000000001000110000000000000100010000000000000000000000000000000000000000000000
000000000000000000000000000001011011100001000010000000000000000000000000000000001100000000000101000000000000000000001000000000000000000000000000000001101111010100000000000000001000000000001000001000000000000000000000000000000000001000000000
000000000000000000000000000000100011000000100001000000000000000000000000000000000110000000001000100000001000000000011000100000000000000000000000100000111101001000000000000000001000000000001000001000000000000000000000000000000001111100000000
110000000000000000000000000000000000000000011000100000000000000000000000000000010100000000001000100000000000000000111000110000000000001100000001001000010101000000000000111000000000000000001000001000000000000111000000000000000010100010000000
010000000000000000000000000000000000000000000100100000000000000000000000000000011000000000001000100001011000000000011000011000000000010010000001001000001011100000000000000000000000000000000000000000000000000111000000000000000001101010000001
000000000000000000000000000000000000000000000100100000000000000011000000000000001111110000000101000011010000000000001000001000000000010100000000110000000010000000000000010010001100000011100010100000000000000000000000000000000000001010110011
100000000000000000000000000000000000000001001011000000000001000010100000000000000101101100000010000001100000000000000100010000000000001000000000000000000000000000100000100010100001000000000001000000000000000101000000000000000000010010110000
000000000000000011000100000001000001111000111100000000000010100001000000000000001000100100000000000000000000000000101000000000000000000000000000000000000000000001010001000010000011100000000000000000000000001101100000000000000000000010111010
000000000000000011001010000001000011100100011000000000000010100000000000000000000110100100000000000000000000000001001000000000000000000000000000000000000000000001010010001001001011000000000000001000000000000101000000000000000000000000100100
000000000000000000000110000001000010001000000000000000000001000000000000000000000000111000000000000000000000000011010000000000000000000000000100001110000000000000100100010001000000000000000000001000000000000011000000000000000000000010100000
000000000000000000000000000000000001001000000000000000000000000000010000000011100000000000000000000000000000001101000000000000000110000000000101011100000000000000000010010001001000000000000000010100000000000011000000000000000000010001000000
000000000000000000000000000000000001110000000000000000000000000001100000000010100000000000000000000000000000001001000000000000001001000000000011000000011000000000000010010000000000000000000000000000000000000011100000000000000000010110010000
000000000000000000000000000000000000000000000000100000000000000000110000000010010000000000111100001010000000010010000000001000000110000000000000111000000000000000000010010000100000000000000000110110000000000000000000000000000000100010110000
000000110000000000000000000000000000000000000011001000000000000000000000000000000000000001111110001001000000011011010000010000000000000000000000000000101000000000000000100000110000000000000000100010000000000000000000000000000000010100001000
000000110000000000000000000000000000000000000000111000000110000000000000000000000000000001000010001101000001110101101000001000000000000000000000000001100000000000000011101111000000000000000001111000000000000000000000000000000000000110011000
000000000000000000000000000000000000000000000000000000000110000000000000000000000000000000111100000000000001100000000000000000000000000000000000000000100000000000000011101111000000000000000000101101000000000000000000000000000000000000001000
000000000000000000000000110000000000000100000000000000000000000000000000000000000000000000111000000000100000000000101000000000000000000000000000110000100001110000000001100000110000000000000000000111100000000000000000000000000000000001000100
000000000000000000000000010000000000001110000000000000000000000000000000000000000000000010000000000010100000000000000000000000000000000000000000101101111001010000000100100000110000000000000000010001000000000000000000000000000000000000100100
000000000000000000000000010100000000011011000000000000000000000000000000000000000000001110100000000000010000000000000000000000000000000000000000111000101010010001100000001101110000100000000000011011000000000000000000000000000000000000000010
000000000000000000000000001100000000001110000000000000000000000011000000000100000000000000100000000010000000000000000000000000000000000000000000010000110100010000100100001000000001010000000000000000000000000110000000000000000000000000010000
000000000000000000000000000000000000000100000000000000000000000011000000001010000000001110000000000000000000000000000000000000000000000000000000011100001110000000100111101000000000001000000000001010000000000110000000000000000000000000011000
000000000000000000000000000000000000000000000000000000000000000000000000000110000000000000000001100001000000000000000000000000000000000000000000011010001110000000000000010000000001010000000000000100000000000000000000000000000000000000000000
000000000000000000000000000000001100000000000000000000000000010000000000000000000000000000000010010000110000000000001100000000000000111000000000001010000000000101000000000000000000000000000000000100000000000000000000001100000000000000000000
000000000000000000000111000000001100000000000000000000001110001100000000000000000000000000000100010000000000000000010010000000000000000000000000000100000000000101000111000000000000000000000000000000000000000000000000001100000000000000000000
000000011000000000001011000000000000000000000000000000001110010000000000000000000000000000000010000000000000000000001100000000000000000000000000000000000000000000001000100000000000000000000000000000000000000000000000000000000000000000000001
110000011000110000001000010000000000000000000000000000010001000000000000000000000000000000000000000000000000000000000000000000000000000000000000000000000000000000000100100000000000000000000000000000000000000000000000000000000011100000000110
000000011001010000000011100000000000000000000000000000110110000000000000000000000000000000000000000000000000000000000000000000000000000000000000000010000000000000000001100000000000000000100000000000000000000000000000000000000000000000000110
000000100001010011000001010000000000000000000000000000110110000000000000000000000000000000000000000000000000000000000000000000000000000000000000000101000000000000000000000000000000000011111001110000000000000000000000000000000000000000000110
001000000001100011000001100000000000000000000000000000001000000000000000000011000000000000000000000000000000000000000000001000000000000000000000000101000000000000100000000000000000000011011000011000000000000000000000000000000000000000000000
000000000011100000000000000000000000000000000000000000000000000000000000000011000000000000000000000000000000100000000000100100000000000000000000000010000000000001100000000000000000000010001001101100000000000000000000000000000000111011000001
000000000010000000000000000000000100000000000000000000000000000000000000000000000000000010000000000000000000100000000001000100000001100000000000000000000000000011100000000000000000000001100100011000000000000000000000000000000000111110000000
000000001101000000000000000100001010000000000000000000000000000000000000000000000000000101000000000000000011010000000010001000000000110000000000000000000000000110000000000000000000000001100000010000000000000000000000000000000001111000000010
000000000110000000000000001010000110000000000000000000000000000001100000000000000000000101000000000000000010010000000000000000000000000000000000000000000000001110000000000000000000000000110000100000000000000000110000000000000001011110000000
100000000010000000011000001010000000000001000000000000000000000010010000000000001000000010000000000000000011100000000011000000011000000000110000000000000000000010110000000110000000000000010111000000000000000100110000000000000000001001000001
000000000000000000010100000100000000000111100000000000000000000001010000000000001000000000000000010110000001000000000000001000011001100000110000000000000000000001100000000011000000000000001110000001100111001100000000000000000001110101100000
000000000000000000001000000000000000000110010000000000000000000000100000000000001000000000000000011110000000000000000000010000101111100000000000000000000000000000000000000100000000000000000100000010100000001100000000000000000000101101000000
000000000001100000000000000000000000001000010000000000000000000000000000000000000000000000000000100001000000000000000000001011001000010000000000000000000000000000000000000000000000000000000000000011100011000001110000000000000000000010000000
000000000001100000000000000000000000000111100000000000000000000000000000000000000000000000000000011110000000000000000000000000001001010000000000000000000000000000000000000000000000000000000000000000000011000010110000000000000000000000000000
000000000000000000000000000000000000000110000000000000000000000000000000000000000000000000000000000000000000000000000000000000010000001000000000000000000000000011000000000000000000000000000000000000000111000010100000000000000000000000000000
000000000000000000000000000000000000000000000000000000000000000000000000000000000000000000000000000000000000000000000000000000010000001000000000000000000000000011000000000000000000000000000000000000000000000000000000000000000000000000000000
000000000000000000000000000000000000000000000000000000000000000000000000000000000000000000000000001000000000000000000010100000000000001000000000000000000000000000000001010000000000000000000000000000000000000001010000000000000000000000000000
000000000000000000000000000000000000000111011000000000000000000000000000000000000000000000000000000000000000000000000011100000100000000000000000000000000000000000000001010000000000000000000000000000000001000000110000000000000100000000000000
000000000000000000000000000000000000000001000000001100000111000000000000000000000000000000000000111110000000000000000001110001000000100000000000000000000000000000000000100000000000000000000000000000000110000000000000000000001010000000000000
000000000000000000000000000000000000000011000000000110101000100000000000000000010000000000000000101100000000000000000000000000111000100000000000000000000000000000000000000000000000000000000000000000000110110000000000000001010001000000000000
000000001100000000000000000000000000000100000000000000000010000110000000000000100100000000000001000100000000000000000001001011110111000100000000000000000000000111000101000000000000000000000000000000000001100000000000000110010010000000000000
000000001100000000000000000000000000000000000000000000110111011100000000000000000100000000001100101000000000000000000010100001000000001100001000000000000000000000001000000000000000000000000000000000001100100000000000000110010100000000000000
000000000000000000011000000000000000000000000000000000010100011000000000000001000100000000001100010000000000000000000110100000001011011110000100000000000000000000000101000000000000000000001100000000001100100000000000000010100000000000000000
000000000000000000100100000000000000000000000000000000001000000000000000000000001000000000000000000000000000000000000101111011001110111010001110000000000000000000000010000000000000000000010010000000000011110000000000011101110000000000000000
000000000000000000111000000000000000000101000000000000000000000000000000000000000000000000000000000000011110000000010100000000000000000011001000000000000000100000000000000000000000000000011101000000000010010000000000011000110000000000000000
110000000000000000010000000000010000000110000000000000000000000000000000000000111000000000000000000001000101100000010001000000000000000000100000000000000001110000000000000000000000000000010011000000000000111000000000100000000000000000000000
110000000000000000000000000000101000001010000000000000000000000000000011100000110000000000000000000001010100000000001110000000000000000000000000000000000010111000000000000000000000000000100110000000000000000000000000011111000000000000000000
000000000000000000000000000000101000010010000000000000000000000000000000000001100000000000000000000001000000110000000011000000000100000000000000000000000110001100000000000000000000000000010100000000000000001100000000001110000000000000000000
000000100000111000000000000000010000000001000000000000000000000000001000001011100000000000000000000000000000110000000001110000001010000000110000000000000011110100000000000000000000000000000000000000000000010100000000000010000000111000000000
000001001000011000000000000000000000000001000000000000000001110000001000001110000000000000000000000000010001000000000010010000000110000001001000000000000001111000000000000000000000000000000000000000000000010010000000000000000011100100000000
000001000101011000000000000000000000001100000000000000000001110010001000000110000000000000000000000000100110000000000001000000000000000000101000000000000000010000000111000000000000000000000000000000000000011011000000000000000010001100000000
000001100011100000000000000000000000000000000011000000000000011101000000001100000100000000000000000000101000000000000000001100000000000000010000000000000000000000000000000000000000000000000000000000000000000111000000000000000001111000000000
000000000011000111101000000000000000000000000100100000000001110000000011100110001010000000000000000000010000000000000000001100000000000000000000000000000000000000010000000000000000000000000000000001100000000011100011100000000000000000000000
000000000000001000001000000000000000110000000100100000000000110000100000000010001010000000000000000000000000000000000000000000000000000000000000000000000000000000010000000000000000000000000000000010010000000001010100010000000000000000000000
000000000000001010001000000000000000110000000011000000000000100000000000000000000100000000000000000000000000000000000110000000000001000000000000000000100000000000010000000000000001100000011000000001100000000000000000010000000000000000000000
001100000000000110001000000000000000000000000000000000000110010001000000000000000000000000000000000000000000000000000110000000000011100000000000000000100000000000000000000000000010110001000100000000000000000010000100100000000000000000000000
010010000000000000000000000000000000000000000000000000000101010111000000000000000001100000001000000000110000000000001000000000000110100000000000000000100000000000000000001000010010000000000000000000000000000011000000000000000000000000000000
010100000000000000010100000000000000000000000000000000000011100000000100000000000010010000010100000000101000000000000110000000000110000000000000000000000000000000000000010000010001000001001000000000000011000000000000000000000000000000000000
001000000000000000001000000000000000000000000000001110000001000000000100000000000010010000011000000001001000000000000110000000000000000000000000000000000000000000000000001000100010000000100000000000000011000110000000000000000000000000000000
000000000000000000000000000000000000000000000000011011000000000000000100000000000001100000000000001011100000000000000000000000000000000000000000001000000000011000000010000000110100000000000000000000000000000110010000000000000000000000000000
000000110000000000000000000000000011000000000000000000000000000000000000000000000000000000000000001010010100000000000000000000000000000000000000011111010000000011000001000000000010100000000000000000000000000111101000000000000000000000000000
000000110000000000000000000000000010100000000000001010000000000000000000000000000000000000000000000111100010000000000000000000000010100000000000100000001000001111000000000000000000100000000000000000000000011001000100000000000000000000000000
000000000000000000000000011000000000010001110000001000000000000000001000000000000000000000000000000000100010000000000000000000000011000111000000111100000010000100000010000000000000010000000000000000000000001101011000000000000000000000000000
000000000000000000000000111000000001010000000000000000000000000000000110000000000000000000000000110001000100000000000000000010000000000100000000011111110000000000000110000000000011100000000000000000000000001001100000000110000000000000000000
000000110000000000000000000000000011000000000000000000000000000000000110000000000000000000000010010001111000000000000000000010000000000110011100000000010001000000000100000000000100000000000000001110000000000000000001000110000000110000000000
000000101000000000000000000000000000111000000000000000000000000000000111110000000000000000001000100000100001100000000000000010000000000010101100100000000110000000000010110011000010010000000000010001000000000000000001110000000001001000000000
000000010000000000000000000010000000011000010000000000000000000001011101001000000000000000110001100000000010010000000000010010000000000000001000100000000000000000000110101011110010010000000000100000100000000000000011011000000000100100000001
101110000000000000000000001110000011100000001100000000000000000110101100100000000000000000100110000000000001100000000000000010000000000000011000101000000000000000000010001101001000100000000000100000100000000000000011011000000000100100010110
101001000000000000000000001100000000000000100100000000000000000110110001100000000000000000111000000000000000000000000100000000000000000100000000001111110000000000000001101000101000001100000001000000100000000110000000010110011000001001000010
100000100000001010000000000000000011100001111000000000000000000010000001111100000000000000000000000000000000000000000010000000000000000100000100000100000101000000000000000000111000010011000011100001001100001001000001101001111000000001011110
001001000000100101100000000000000000100001001000000000000000000000000001010000000000000000000000000000000000000000001110010110000110000100000000010000100101000011000000000010000000010001000010100010001100000110000000000001000000000000000100
101110000000011110100000000000000000000000110000000000000000000000000000100000000000000000000000000000000000000000000000011011111010000000010011100000011101000011000000000010000010010000000000100000000000000000000000000001000000000010100001
000000000111001000000000000000000000000101010000000000000000001000000000000000000000000000000000000000000000000000000000000010101000000011100001100000011000000000000000000010001100000011000001101000000000000000000000000000000000000010001000
000000001111001000000000000000000001101100000000000000001111010110000000000000000000000000000000000000000000000000000000000000101011000001000001110001011000001000000000000000000010010000000000100000000000000000000000000000000000000000111000
000000001000000000000000000000000000011000000000000000010000000110000000000000000000000011000000000000000000000000000000000000100001000010000001100110000000010010000000000000000000010001000010100001100000000000000000000000000000000000111000
000000000001001000000000000000000000100000001000000000001100000010000000000000000000000011000000000000000000000000000000000001100110100001000000111000000001010101000000000000000000010011000011000010100000000000000000000000000000000000000000
000000000001110001100000000110000000000100010110000000000110000000111000000000000000000000000000000000000000000000000000000001101010100001100000010000000000001011000000000000000000001100000000000100000000010000000000100000000000000000000000
111000000000000011010000000110000000001100110101010000000000110001101100000000000000000000001101110000000000000000000000001101111101010101000000000000000110010000000000001000000000000000000000000100000000111100000001010000000000000000000000
001000000000000100010000000000000000011100010100010000000000000000111100000000000000000000010101111000000000000000000000011000000001101000000000000000000110110000011000001000000000000000000000000000100000011010000000100000000000000000000001
000100000000000011100000000000000000000000001000010000000000000110010000000001100011000001000110110110000000000000000000100000111011110000000000000000000000001000011000000000000000000000000000000110000000000011000000000000000011100000000010
011100011000000001000000000000000000000000000100100000000000000101100000000010010100000001001000000010000000000000100000011100011011000110000000000000000000110110000000000000000000000000000000000110110000001110000000000000000000000000000100
010100011000000000000000000000000000000000000010000000000000000100010000000011000100000000111000011011000000000000100000001010000000000000000000000000000000110110000000000000000000000000000000000011100000001100000000000000000000000000000100
001000000000000000000000000000000110000000000000000000000000000001100000000101111000000000001000101100100010100001010000000000000100000000000000000000000000010100000000000000000000001110000000000011011000000000000010000000000000000011100001
111000000000000000000000000000100000000000000000000000011000110001100000000000011000100000001100110001100010010000000000000000000000000000000000000000000001000010000000000000000000000000000000000001010000000000000101000000000000000100010000
000000000000010100000000101000100001000000000000000000011000110000000000000000000001010000001110100010000000110000000000000010000000000001000000000000000001011010000101000000000000001001000000000000100000000000000101000000000000001000001000
000000000100010100000001100000000000000000000000000000011000000000000000000000000010010000000011010001100000010000000000000010000000000001000000000000000001000010000000000000000000001011000000000000000000000000000010000000000000000100010000
000000001110001000000010000000000010000000000000000000000000000100000000000000000001100000000011110001010000100000100000000010000000000001000000000110000000101000001000110000000000000000000000000000000000000000000000000000000000000011100000
000000011011000000000001000000010000000000000000000000000000001010000000000000000000000000000101100000110000010001001000000000000000000000000000000110000001101100000100110000000000000000000000000000000000000000000000000000000000000000000000
000000001110000000000000000000000000000000000000000000000000010010000000000000000000000000000110000011000000100110001000000000000000000000000000000000000001101100000011000000000000000000000000000000000000000000000000000000000000000000000000
000000000100000000000000111000010001100000000000000000000000001100000000000000000000000000000000000010000000000000000000000000000000000000000000010000000000010000000000000000000110000000001000000000000000000000000000000000000000000000000000
000000000000000000000001101100001011100000000000000000000000000000000000000000000000000000000000100011111001001000001000000000000000000000010000101000000000000000000000000000100001000000011100000000000000000000000000000000000000000000000000
000000000000000000000001101000010110000000000000000000000000000000000000000000000000000000000000111101110000001000001000000000000000000000110000101000000000000000000000000000100001100010001110000000000000000000000000000000000000000000000000
000000000000000000000000010000000110000000000000000000000000000000000000000000000000000000000000010011011110000001100000001100000000000001100000010000000000000000000000000001000000011111110011000000000000000000000000000000000000000000000000
000000000000000000000000000000010010000000000000000000000000000000000000000000000000000000000000000011010000000000000000011100000000011000000000000000000000000110000000000000100000101110001110000000000000000000000000000000000000000000000000
000000000000000000000000111000011100000000000000000000000000000000000000000000000000000000000000000000010000010010100000001000000000000000000000000000000000001010000000000000100000001101010100000000110000000000000000000000000000000000000000
000000000000000000000000110000001100000000000000000000000000000000000000000000000000000000000000000000100000000000010000000100000011000110000110000011000000001100000000000000001011011001010000000000110000000000000000000000000000000000000000
000000000000000000000000100011001100000000000000000000000000000000000000000000000000000000000000000000000000000001011000000000001011000100001001000111110000000000000000000001000001100010000000000000000000000000000000000000000000000000000000
000000000000000000000000000011001100000000000000000000000000000000000000000000000000000000000000000000000000000000001000000000001010000100000110000001001000000000000000000010100000000000000000000000000000000000000001000000000000000000000000
000000000100000000000000011011001100000000000000110000000000000000000000000000000000000000000000000000000000000110001000000000000010000000100000000110010100000000000000000110110000010010000111000000000000000000000010100000000000000000000000
001010000100000000000000000100000000000000000001110000000111000000000000000000000000000000000011000000000000000000000000000000000010000001100000000010001000000000000000001010000000001010000000000000000000000000000000010000000000000000000010
011010100000000000000000000000000000000000000001001000000100100000000000000000000000000000000011000000000010000000110000000000000100110101100000000000001100000000000000011100000000000000000000000000001110000000001000100110000001010000000011
011000001000000000000000000000000000000000000001101000001000000000000000000000000000000000000011000000000101000111000000000000001110000000000000000000001100000000000000100000000000000011100000000000010010000001100000100110000011010000000010
000001000100000000110000000000000000000000000000110000001000000010000000000000000000000000000000000000000101100111000000000000000110010000000000000000010010000000001100011000000000000001010000000000100001000000100001000000000000000000000000
000000001000000000101000000000000000000000000000000000000000111111000000000000000000000000000000000000000000100000000000010000000010000000000000000000001100000000010000001000000000001101010000000001000011000000100010000000000001001000000000
000000011000010000101100000000000000000000000100000000000110000001000010000000000000000000000000000111000100001000000011111000000001001000000000000000000000000000011100000000000000000010100000000000001000000000010010000000000001000000000000
000000100000010000011000000000000000000000001000000000000001010101000001100000000000000000000000001000100100011000110101000100000000100000000000000000000000000000000100000000000000000000000000000001010000000000000000000000000000100010000000
000000000000101000010000000000000000000000001001000000000001000010000011000000000000000000000000010000010011011000110101011000000000000000000000000000100000000000011100000000000000000000000000000000100000000000000000000000000000000100011000
000000000000000000000000000000000000000000000111000000000000011100000000000000000000000000000000100010110000000010000001000000000000000000000000000001010000000000100100000000000000000000000000000000000001010000000000000010000001000000011000
000000000000010000000000000000000000000000000001000000000000000000000000000000000000000000000000100000110000000010000011111001100000000000000000000001100000000000110011000000000000000000000000000000000010010000000000000110000001000000000000
000000000000100000000000000000000000000111010001000000000000000000000000000000000000000000000000100000000000000010000001101111010000000000000000110000000000000000011011000000000000000000000111000000110100010000000000001000000001000000000000
000000000010100000000000000000000000000010001110100000000000000000000000000000000000000000000000000000000000000000000000011101110000000000000001110000000000001100000000000000000000000000000000000000100000100000000000000111110000000000000000
000100000001000000000000000000000000111001100001100000000000000000000000000111000000000000000000000000000000000000000000001000010000000000000001010110000000000010010011000000001100000000000000000000010001000001100000000010000000000000000001
011010000000000000000000000000000001100011000001000000000000000000000000001001000000000000000000000000000000000000000000000100100000000000000000100011000000010010100111000000001100000000010000000000001110000000101100000000101000000000000001
010011000000000000000000000000000010000000100010000000000000000000000000001110001100000000000000000000110000000000000000000000000100000000000001100111000000100011101100000000000000000011000110000000000000000000000010000000000000000000000001
001010000010000000000000000000000110000000000010000000010000000000000000000010000100000000000000000111110000000000000000000010000010000000000000010010000000010100111000000000000000000010000001000000000000000000000010000010010000000000000000
001010001011000000000000000000000000000000000100000000101000000000000000000000001000000000001011000000010000110000000000000000000001100000000001101100000000000000010000000000000000001000101000000000000011000000001110000000000000000000011100
001100111000000000000000000000000000010100000000000000101000000000000000000000000000000010110000100111000000110000000000000000100101100000000010000100000000001100000000000000000000001000110000000001000100100000000000000010100000000000000000
000000010000000000000000000000000101000011010000000000010000000000000000000000000000000010110000100001000000000000000000000000110001000000000110101000000000000000000000000000000000001000100011000010100011000000000000000000000000000000000001
000000011100000000000000000000000000100000000000000000000000000000000000000000000000000000000001000000000000000100001110000000000001100000111000111100000000000000000000000000000000100100000000000000000000000000000000000000000000001100000001
000000001100000000000000000000001110101000000000000000000000000000000000000000000000000000010110000000000000000100000000000000100110111000110111000010000000000000000000000000000001010010010000000010010000000000001000000000000000001100000001
000000000101000000000000000000011010101100000000000000000000000000000000000000000000000000100100000000000000000100000000000000011100011001100000000000000000000000000000000000000010010001100000000011001000000000110110000000000000000000000000
000000000111000001100000000000101100101000000000000111000000000000000000000000000000000001110000000000000000000000000000000000000000000000000000000000000000000000000000000000110001100000000000000110010100000000001000000000000000000000000000
000001001101100010100000000000110100011000000111000000000000000000000000000000000000000000110000000000000000000000000000000000000000000000000000000000000000000000000000000000110000000000000000001001100100000000000000000011100000000000000000
000011001101010011000000000000010010000000000100000000000000000000000001100001000000000000000000000000000000000000000000000000000000000000000000110000000000000000001100000000000000000000000000000001011000000000000000000100011000000000011000
000100000110100000000000000000010100000000000111000111000000010000000010010010100000000000000000000000000000000000000000000000000000000000000010100000000000000000001100000000000000000000000000001001000000000000000000000100000000000011101100
000111111000000000000000000000000000000000000000000000000100101000000010100001100000000000000000000000000000000001110000001000000000000000000001000000000000000000000000000000000000000000000000001011000000000000000000000011000010001000010000
000101110000000000000000000000000000000000000000000000000101000100000001000000000000000000000000000001011000000000000000010100000000000000000000000000000000000000000001100000000000000000000000000001000000000000000000000001000000001000000000
010000000000000000000000000000000000000000000000000000000100001000000000000000000000000000000000000001011000000100000000100010000000000000000000000000000000000000000110100000000000000000000001100011000000000000000000000000010100001100010000
110000000001100000000000000000000000000000000000000000000000010000000000000000000000000000000000000001000011001110000000100000000000000000000000000000000000000000001000100000001100000000000001100111000000000001100000000000001100000001001001
000000000010000000000000000000000000011000000000000000000000110100000000000000000000000000000000110000000011001110000001101001000000000000000000000000000000000000001100011000011100010000000000110000000000000001100000000000010000000000010001
000000000010010000000000000000000000011000011000000000000001111110000000000000000000000000000001001001100011000100000001100001100000000000000000000000000000000000000100000010000100001000000001010000000000000000000000000000011100000000010110
000000000011010000000000000000000000010010011000000000000001100010000000000000000000000000000000110001100111000011000001000000100000000000000000000000000000000000000000010011111000101100000010000000000000000000000000000000001000000000010101
101010000010010000000000000000000000001010000000000000000000000000000000001100000011100000000000000001100100000100100000101000100000000000000000000000000000000100000010011000001000111000000110001110000000000000000000000000000000000000010101
000000000011100001100000000000000000000010000000000000000000000000000000001100000000001010000000000000110110001111100000010000100000000000000000000000000000001100000010001000100000111100001110011001100000000000000000000000000000000000000000
000000000010100001100000000000000000000000000000000000000000000000000000000000000000000010000000000000010001100001000000000100100000000000000001100000000000001010000000001100100000000110001101111010000000000000000000000000000000000110000000
000000000010000000000000000000000000000000000000000000000000000000000000000000000000100000000000000000000010000001000000000000000000000000000010010000000000000000000000000000000000000110000111100000010110000000000000000000000000001001000001
001000000011100000000000000000000000000000000000000000000000000000000000000000000000000000000000000000000001010111000000010001000000000000000001100000000000000000000000000000000000000000000010000000000001000000000000000000000000001001000010
000100001101100000000000001110000000000000000000000000000000000000000000000000000000011000000000000000000000000010110000010010000000000000000001100000000000000000000000001100000000000000000000000000100111100000000000000000000000001110000000
000010000111000000000000001110000000000000000000000000000000000000000000000000000000000000000000000000000000010100111000011100000000000000000000000110000000000000000000010010000000000000000000000000110000100000000001000000000000000000000111
110110000010000000000000100000100000000000000000000000000000000000000000000000000000000000000000000000000001110100011000000000000000000000000001101101000000000000000000100100000000000000000000000000000000000000000010100000000000000000000000
110110000000000000001100101010100000000000000000000000010000000000000000000001000000000000000000000000000001000000000000100000000100000000000010100000000000000000000000100100000000000000000000000001000000001100000010100000000000000000000000
010010000000110000001110000000000000000000000000010101100000000000000000000010100000000000000000000000000000000000000000000000000100000000000001001000000000000000000000011001000000000000000000000000101000001000000001000000000000000000000000
010000000001001000000001010101000000000000000000011000110000001010000000000010100000000000000000000000000000101000000000000000000100000000001000001011000000000000000000110110100000000000000000000000010000001011100000000000000000000000000000
001000000000101000000001000001000000000000000000111000000000110001100000000001000000000000000000000000000000010000000100000000001000000000011100000011100000000000000010111100100000000000000000000000000000000000110000000110000000000000000000
000001000000010000000000011100000000000000011110110000000000010101000000000000000000000000010100000000000000000000010000000000001000000000101101111000010000000000000011111111000000000000000000000000000000000010001000001001000000000000000000
000000000000000000000000011100000000000000100010110000000000001110000000000000000110000000010100000000000000000000010101110000000000001100100100010100110000000000000001000000001100000000000000011000000110000001110000000110000000000000000000
000000000000000000000000000000000000000000100000100000000000000100000000000000001001000000001000000000000010110000101010000000000000001100101000001110100000000000000000000000010010000000000000000100000110000000000000000000000000000000000000
000000000000000000000000000000011000000000100010000000000011000000000000000000000110000000000000000000000001001000111010000000000000000000011000000010000000000000000000000000001100000000000000011000000000000000000001000000000000000000000000
000000000000000010100000000000010100000000010000000000000011000000000000000001100000000000000000000000000010001001000100000000000000000000000000010100000000000000000000000000000000000000000001011000000000000000000010100000000000000000000000
000000000000000011000000000000000110000000011000000000000000000000000000000001100000000000000000000000000011101111000000001110000000000000000000001000000000000000000000000000000000000000000010000011000000000000000010100000000000000000000000
000000000010000001000000000100010100000000000000000000000000011000000000000000000000000000000000000000000111000001100001100010000000000000000000000000000000000000000000000000000000000000000010000000100000000000000001000000000000000000000000
000000000101000000000000001011111000000000000000011000000000010000000000000000000000011000000000000000000100000000000000011100000000000000000000000000000000000000000000000000000000000000000000000101100000000000000000000000000000000000000000
000000001100000110000000000001000000000000000000111000000000001000000000000000000000100100000000000000010101000000000000000001110000000000000000000000000000000000000000000100000000000000000000001000000000000000000000000000000000000000000000
000011000000001001000000000000000000000000010111000000000110000000000000000000000000011000000000000000100101100000000000000010001000000000000000000000000000000000000000001010000000000000000000000000000000000000000000000000001100000000000000
011000010000000101000000100001000000000000101011000000000110001000000000000000000000000000000000000001111001000000000000000100000100100000000000000000000000000000000000010010000000000000000001000000000000000000000000000000001100000000000000
110010110000000010000000010111000000000000101100000000010000110000000000000000000000000000000000000001010100000000000000000010001001010000000000000000000000000000000000001100000000000001111010100000000000000000000001100000000110100000000000
110101100000000000000000001001000000000000101100000000100000110000000000000000000100000000000000000011100000000000000000000001110001010000000000010000000000001100000000011000000000000010011000110000001100000000000001100000000010111000000000
000100000000000000000000001110000000000000100010000000000000000000000000000000000110000000000000000110011000000000000000000000000000100000000000101000000000010000000000100000000000011001100010000000001100000110000000000000000000011000000000
011000000000000000000000000110000000000001101001101000000000000000000000000000110001000000000000000110110100000000000000000000000000000000000001000100000000011100000000000100000000011010010010010000000000000111000000000000000000011000000000
010000000000000000000000000000000000000000101001101000001010000000000000000000000001100000000100000110110110000000000000000000000000000000000001000100000000000000000000100010000000100001010001110110000000000001100000000000000000010000001100
000000000011000001110000000000000000000000011101001000000100000000000000000000000000110000001010000001001110000000000000000000000000000000000001000100000000000000011101100001000000100010000000010001000000000011100000000000000000011000010010
000000000100100000010000000000000000000000001101000000000000000000000010000000001001011000000000100001100000000000000000000000000000000000000000101000000000000000011011000101000000010011000000010100100000000010000000000000000000000000010001
000000000011000000100000000000000000000000000111100000011001100000000010000000000111010000000100000001000000000000000000000000000000000000000000010000000000000010000000000111000000000000010110100100100000000000000000000000000000000000010010
000000000000000000000000000000000000000000000001000000011100000000000010000000001000100000000100010010100000001110000000000000000000000000011000000000000000000010000111111000000000000000000001000011000000000000000000000000000000000000010110
000000000000000000000000000000000000000000000000000000011000000000000000000000000011100000000100010011000000001011000000000000000000000001000010000000000000000000111001001000000000000000000000000000000000000000000000000000011000000000000011
000000000000000000000000000000000000000010000000000000000000000000000000000000000001000000000010100000000000000110100000011000000000000000000010000001110000000000011000111000000000000000000000000000000000000000000000000000011000000000011011
000000000000010000000110000000000000000010000000000000001111000000000000000000001110000000000010000000000000001110110000011000000000000010000010000010001000000000011000000000000000000000000000000000000000000000000000000000000000000000110010
000000000001101100001111000000000000000010000000000000001110000000000011000000000100000000001000111000000000001111100000000000000000000001101011100010001000000000100000000000000000000000000000000000111010000000000000000000000000000010110010
000000000001101000010110110000000000000000000000011100000100000000000000000000000000000000010100000100000000000110100011000000000000000001110001110000000110001100000000000000000000000000000000000011110001000000000000000000000000000111101100
000000000000001010010110010000000000000000000001100100000000000111010000000000000000000000010100001100000000000011010011000001100001000001100001101000100001010010000000000000000000000000000000000011000010000000000000000000000000001001100000
000000000000011011001111110000000000000000000000000010000000000000011000000000000000100000001000000000000000000010001000000010100001000011010000001101010000000100000000000001100000000001000000000100111000010000000000000000000000011001000000
000000000000001010000111000000000000000000000000011110000000000000001100000000000001110000000000000000000000000000000000000011000001000100111110011100100000000100011100000010010000000010100011000011100000010000000000000000000000001010000000
000000000000001100000000000000000000000000000000010000000000000000010000000000000010001000001100000000000000000000010000001100000000001111100110011110000111100000000100000001100000000010100001100011100000010000000000000000000000001110000000
011000000000011000000000000001000000000000000000000010000000000011000000000000001000000000001010000000000000000001000000010100011100000101010100000010001000111000011100000000000000000001000101000000000110000000000000000000000000000000000000
011000000000100100000000000000100000000000000000110000000000000110100000000000001000000000000000000000000000000000000000011000000000000010000000000010001000111000010000000000000000000000000110000000000011000000000000001000000000000000100000
000000000000000000000000000001000010000000000000111000000000000011000000000011001000100000001110000000000000000000000000000000000001000011011000000001110000100000110000000000000000000000000000000001100000000000000000010100000110000000000000
000000000000001010111000000000000010000000001100111000000000000000100000000110000001010000111000000000000000000000000000000000000001000000100000000000000000000000010000000000011100000000000000000001100000000000001000100000011001000000000000
000000000000000110000000000000000010000000001100110000000000000000110000000010000010001011110000000000000000000000000000000000000001000000000000000000000010100000001000000000010100000000000000111000000000000000010100010100011000000000000000
000000000001100000000000000110000000000000000001110000000000000000100100000001011110001110100000000000000000000000000000000000000000000000000000000000000111111000001110000000010011000000000000000000000000000000010000001000000000010011100001
100000000000100000000000000110000000000000000000010000000000000000100100000000000001010001000000000000000000000000000000000011000000000000000000011100000000111100001001000011100001000000000000000000000000000000000100100000001110101011100111
000000001111100000000111000000000000000000000001100000000000000000010110000000010000000001000000000000000000000000000110000100100000000000000000010000001000101000000101000010000111000000000000000000000000000000001100000000001011001100100000
000000001100111001111111000000000000000000000000000000000000000000000000000000010000000001000000000000000000000000001111000011000000000000000000001000010000110000000101000011001000000000000000000000000000000000001000110000000100111000011101
110000000000000110111000100000000000000000000000000000000000000000010000000000001010001010000000000000000000000000010001000000000000110000000000000000010011100000000010000000101000000000000000000000000000011000110000001000000101110000001100
000000000000000010111010100000000000000000000000000000000000000000010000000000000100000100000000000000000000000000001101100000000001011000000000000000011010000000000010000000111000000000000000000000000000110000100010001100000100000000000011
100000000000010110000111000000000000000000000000000000001100000000000100000000000000000000000000000000000000000000001001000000000000100000000000000000000000011100000000000000000000000000000000000000000001110000000010000010000000000000000100
100001101100100010000010000000000000000000000000000000010100000000011100000000000000000000000000100000000000000000010001000000000000000000000000000000000000011100000000000000000000000000000000000000000000001110010100000110001100000000001000
010000000010010010000000000000000000000000000000000000001000000000011100000110000000000000000001010000000000000000111111000000000000000000000000000000000000010000000000000000000000010000000000000000000000000010000000000100001100011000101100
010001000100001110000000000000000000000000000000000000000000000000000000001001000000000000000001010011000000000001000000000000000000000000000000000000000000000000000000000000000000101000000000000000000000010000000000101010000110000001011000
010000111000001001000000000000000000000000000000000000000000000000000000010011000000000000000000000000000000000011011111100000000000000000000000001100000100000000000000000000000000100100000000000000000000011100000001001010110000010000010001
000000000000001001000000000000000000000000000000000000000000000000000000110100000110000000000001111001000000000011010101100000000000000000000000010110001010001000000000000000000000011000000000001100000000000000000001101100110000001111100000
000000000000001110000000000000010000000000000000000000000000000000001101101111000101000000000010000000000000000000100101100000000000000000000000111011001001101110000000000000000000000000000000001100010000000000000000101100010000010110000000
000000000000000100000000000000010000000000000000000000000000000000001100111011001000100000000011101000000000000000001010000000000000000000000000000000000111000110000000000000000000000000000000000000101000000000000000010010000000111000000000
000000000000000000000000000000010000000000000000000000000000000000111000010100010000100000000000010010000001100000000000000000000000000000000000000000011110000000000000000000001100000000000000000000011000000000000010001101000001110000000000
000000000000000011000000000000000000000000110000000000000000000001110000000110110000100000000010010100000010110000100000000000110000000000000000000000110000000000000000000000001100000000000000000000000000001110000110000010000000111110000000
000000000000000100100000000000000000000000110000000000000000000001001000011110000001000000111000000101000011001110100000000000110000000000000000000000100000000000000000000000000000000000000000000000000000000000110100000000000000011100000000
000000000000000011000000000000000010000000000000000000000000000001101100110000000010000001000000000001000000100001000000000000000000000000000000000000011110000000001101100000000000000000000000000000000000000000111000000000000000001000000000
000000000000000000000000000000000101000000000000000000000001000111011000010000000010000010000001111110000000100001000000000000000000000000000000001010001010001110000101010000000000000000000000000000000000000000010000000000000000000000000000
000000000000000000000000000000000110000000000000000000000001000111000000001000010100000011000000100110000000100011111000000000000000000000000110000000000000000110001100010000011000000000000000000100000000110000000000000000000000000000000000
000000000000000000110000000000000000000000000000000000000000000000000000000000000000000000000000011000000001000011111000000000000000000000001001000100000000001010000010000000101100000000000000010010000001001000000011000000000000000000000000
000000000000000001001000000000000000000000000000000000000000001000000000000000000000000000000000000000000001001100000000000000000000000000000110000011100000011011000010100001101100000110000000010001000000110000000111000000000000000000000010
000000000000000000110000000000000000000000000000000000000000011000000000000000000000000000110100000000000010000000000000011000000000000000000000000001010010000000000000110000101100001001000000010000000000000000111011000011000000000000000101
000100000000000000000000000000000000000000000000000000000000100000000000000000000000000001000100000000000001010000000001011000000000000000000000000000011100000000000000110000011000000110000000001000000000000000110011000100100000000000000101
001010000000000000000000000000000000000000000000001000000010100001100000000000000000000001000100111000000000100010100100110100000000000000000000000000011100000000010000100000000000000000000000000110000000000000000110000011000000000000000010
000100000000000000001010000000000000000000000000110000000001000011000000000000000000000000010000000110000000000010100100010110000000000001000000001000010100000000111000000010000000000000000000001000000000000000000001000000000000000000000000
000000000000000000001000000101000000000000000000000000000000000001100000000000000000000000000001000001000000000100000101101000000000000010000000010100001010000001101100100010110110000000000001111000000000000000000001100000000000000000000000
000000000000000111000000101101000001100000000000000000000000000000000000000000000000000000000001000001001000000110000000000000000000000010010000100100001100000011101110101000110101000000000010000000000000000000000001100000000000000000000000
000000000000000000000100010100000000110000000000000000000000000000000011000000000000000000000001000001110100001100000000000000000000000011011101001000000000000011101100001000100010000000000011100100000000110000000000000000100111000000000000
000000000000000000000000110000000001100000000000000000000000000000000011000000000000000000000000100110000000000010000000000000000000000011001010101000000000000000101000001100000010000000010000110100000001001000000000000001010011001100000000
000000000000000000001010001000000000110000000000000000000000000000000100000000000000000000000000001000000000000001100000000000000000000100001010110000000000000000000000110010000000000000111100111000000000001000000000000000000001000000000000
000001100000000000001001101011000000011000000000000000000000000000001010000000000000000000000000000000000000000010100000000000000000000101001000000000000000000000010000110110000000000000101100110000000001000000000000000000000000000000000000