000001010000000000000011001100001111001000000000000000000000000000000001011000000000000000000000000000000000000110100000000000000000001110000000011000000000000001000001110000000000000000011001010000000000000000000000000000000000000000000000
000000000000000000000001000000011000010000000000000000000000011100001001100100000000000000000000000000000000001001000000000000000000000000001110011000000000000001001000100000000000000000001001100000000000000000000000001110100000000000001000
000000100000000000000101000000001111010000000000000000000000111111000000001000000000000000000000000111000000001110000000000000000000000000001100111000000000000000111001100000001100000000000101000000000000000000000000000000100000001100010100
000011000000000000001000010010000100100000000000000011100000110000110000001000000000000000000000000101000000001010000000000000000000000000000000000000000000000000000000100000011001000000000010000000000000000000000000000001100000010010010100
000011000000000000000101110010000110000110000000000010010000000000000000010000000000000000000000000000000000011000000000000000000000001100000000000000000000000000000000001000100001000000000000000000000000000000000000000000011110001010001000
000000000000000000000010001100001000100001000011000010001000000010000100000000000000000000000000000000000000011010000000000011000000000001011000000000000001100000000000100000110000000000000000000000000000000000000000011000010011000100000000
000110000000000000000000000000000001000110000011000010000000000011110000000000000001100000000000000000000000011001000000000011000000001000001000000000000001100000000001111000011100100000000000000000000000000000000000111000001001100000000000
000110000000000000000000000000001001010100000000000111101000000100000010000000000010010000000000000000000000000111000000000000000000000100010000000000000000000000000001001000000110000100000000000000000000000000000000100000001001000000000000
001110000000000000000000000000000110000000000000000100110000000010000010000000000010100000000000000000000000000000000000000000000000000011100000000000000000000000000001001000000001000100000000000000000000000000000010001000000110000000000000
011000000110000000000000000000000000000000000000000111000000001100000000000000000001000000111001100000000000000000000000000000000000000000000000000000000000000000000000101000000001010010000000000000000000000000001000101000000000000000000000
011000010100000000000000000000000000000000001100000001000000000000000000000000000000000000111001110000000000000000000000000000000000000000000000000000000000000111000000000000000000000110000000000000000000000000011000110000000000000000000000
000000110000000000000000000011100000000000001100000000000000000000100000000000000000000000000000010000000000000010001100000000000000110000000000000000001100001000100000000000001100001000000000000000000000000000100000101000000000000000000000
001000101110000000000000001000010000000000000000000000000000000000110000000000000000000000000100110000000000000100010100000000000000111000000000000000001100001000010000000000000000001001000000000000000000000000100000010000000000000000000000
001100100000010000000000010000001000000000000000000000000000011000001000000000000000000000001011000001100000000101110110000000000001100110000000000000000000000110010000011000000000001101000000000000000000000000011000000000000000000000001000
000110010000010000000000010000010000000001000000000000000000011000110000000000000000000000011011000001100000000110010110000000000000010000000000000011000000000001100000100100000000001101000000000000000000000000000000000000000000000000000010
000100001110110000000000000111100000000001000000000000000000000000100000000000000100000010001010000000000000001100010110000000000010010000000000000011000000000000000000010100000000000011000000000000000000000000000010000000000000000000010000
001000000000000000000000111000000000100001000000000000000000000000000000000000000100000010000100000000000001111100001100000000000010101001100000000000000000000000000000001000000000000000000000000000000000000000000101000000000000000000001000
000000000000000000000011001000000001100000000000000000000000000000000000000000000100000000000000000000000010000000000000000000000100101000001000000000000000000000000000000000000000000000000000000000000000000000000110000000000000000000000110
000000000000000000000111110000000000000000001000000000000000000000000000000000000000000000000000000000000010000000000000000000000010100000001000000000000000000000000000000000000000000000000000000000000000000000000000000000000000000000000010
000000000000000000001011001000000000000000010100110000000000000000000000000100000000000000000000000000000001110000000000000000000010000000001000000000000000000000000000000000000000000000000000000000000000000000000000000000000000000000000000
000000000000000000001001111000000000000000010100110000000000000000000000001100001100000000000001100000000000000000000000000000000000000000010000000000000000000000000000000000000000000000000000000000000000000000000000000000000000000000000000
000000000000000000001101101100000000000000001000000000000000000000000000001001100010000000000001100001110000000011000000000000000000100011000000000000000000000000000000000000000000000000000000000000000000000000000000000000000000000000000000
000000000110000000000101011000000000000000000000000000000000000000000010000100000010000000000000000010001000011011000000000000000000001011000000000000000000010011000000000110000000000000000011000000000000000000000000000000000000000000000000
000000000110000000000110110000000000000000000000000000000000000000100011000001100010000000000000000100000100010001000000000000000000000000000000000000010000001011000000000100000000000000000000100000000000000000000000000000000000000000000000
000000000000000000000011100000000000000000000000000000000000000000011011000000001100000000000000000100000100001110000000000000000000000000000000000000101000000000100000001001011000000000000010100000000000000000000000000000000000000000000000
000000000000000000000001000000100000100000000000000000000000000000011100000000000000000000000000000100000000000000000000000000000000000000000000000001000000011010100000001111011000000000000011100000000000000000000000000000000000000000000000
000000000000000000000000000001001010010000000000000000000000000000000000000000000000000000000010000011011000000000000000000000000000000000000000000011000000110001000000001011111000000000000111110000000000000000000000000000000000000000000000
000000000000000000000000000001010100000001100000000000000000000000000000000000001110000000000111000000011000000000011000000000000000000000000000000001000001101110000000000000001000000000001100011000000000000000000000000000000000101100000000
000000000000000000000000000000110110100000110001000000000000000000000000000000000010000000001101100000000000000000100100110000000000000000000000000001000001001000000000010000000000000000011100011100000000000010000000000000000001101100000000
110000000000000000000000000000000000000000011001100000000000000000000000000000010110000000011101110000011000000000100100101000000000001100000001110000100000000000000000010000000000000000000000000000000000000101000000000000000010000010000000
010000000000000000000000000000000000000000000101110000000000000000000000000000010001100000001101100011011000000000100100101000000000010010000001001000001000100000000000101000000000000001000000000000000000000101000000000000000001100010000011
000000000000000000000000000000000000000000001100100000000000000011000000000000010000011000000111000010011000000000011100001000000000010100000000110000000110000000000000000001000000000001000001000000000000000101000000000000000000101010110011
000000000000000000000000000000000000110000100011000000000001000010100000000000000000001100000010000011100000000000011100000000000000001000000000000000000000000000100000100110000101100001000001000000000000001101100000000000000000000010000110
000000000000000011000100000000000010011000100010000000000010100001000000000000001000100110000000000000000000000000011100000000000000000000000000000000000000000001010001000110000100100000000000000000000000001101100000000000000000000000001100
000000000000000011001010000011100010000100100100000000000010100000000000000000000100100100000000000000000000000011001000000000000000000000000000000100000000000001011010000011000110100000000000000000000000001100000000000000000000000000101100
000000000000000000000110000000000010111100000000000000000001000000000000000001000001111000000000000000000000000101000000000000000000000000000010010010000000000000100110011011100100000000000000011100000000000100100000000000000000000000100000
000000000000000000000000000000000011001000000000000000000000000000100000000010100000010000000000000000000000001101000000000000000110000000000101110010000000000000000110111000000000000000000000001000000000000100000000000000000000001101100000
000000000000000000000000000000000001110000000000000000000000000001000000000110110000000000011000000000000000011001000000000000001001000000000011000100000000000000000111111000000000000000000000110110000000000010100000000000000000111110010000
000000000000000000000000000000000000100000000001000000000000000001110000000001000000000001000010000100000000010010100000000000000110000000000001110000001000000000000001110000110000000000000000110110000000000001000000000000000000110011111000
000000110000000000000000000000000000000000000001001000000000000000000000000000000000000001000010011001000000000000010000011000000000000000000000010001110000000000000010101110110000000000000000000010000000000000000000000000000000001101101000
000000110000000000000000000000000000000000000001111000000110000000000000000000000000000001000010001110000001000101110000000000000000000000000000000001100000000000000010001000000000000000000001001010000000000000000000000000000000001110011100
000000000000000000000000000000000000000000000000010000000110000000000000000000000000000001000100000000000001010001100000000000000000000000000000000000110000100000000000001000000000000000000001100001100000000000000000000000000000000010011100
000000000000000000000000110000000000001110000000000000000000000000000000000000000000000001100100000001000000000000000000000000000000000000000000111000000001010000000000000110010000000000000000010100100000000000000000000000000000000000001100
000000000000000000000000010000000000010001000000000000000000000000000000000000000000000010100000000001110000000000000000000000000000000000000001000101001111011000000001110000001000000000000000010000000000000000000000000000000000000000000110
000000000000000000000000010100000000010001000000000000000000000000000000000000000000000110000000000001000000000000000000000000000000000000000000100100000010011001100000011101010000100000000000011011000000000000000000000000000000000000000000
000000000000000000000000001100000000010001000000000000000000000011000000000100000000000000000000000000000000000000000000000000000000000000000000000100100000000000110101001000100000110000000000011011000000000110000000000000000000000000011000
000000000000000000000000000000000000001110000000000000000000000011000000001010000000000100000000000000000000000000000000000000000000000000000000100100000000000000000111101000000000011000000000000100000000000110000000000000000000000000011000
000000000000000000000000000000000000000000000000000000000000000000000000000110000000000100000001100000100000000000000000000000000000010000000000000010001010000000000011110000000000000000000000001110000000000000000000000000000000000000000000
000000000000000000000010000000001100000000000000000000000100001000000000000000000000000000000011010000100000000000001100000000000000010000000000011010000100000000000010000000000000000000000000000000000000000000000000001100000000000000000000
000000000000000000000101000000001100000000000000000000001010011000000000000000000000000000000110000000000000000000010010000000000000010000000000000100000000000000000111000000000000000000000000000000000000000000000000001100000000000000000000
100000011000000000001001100000000000000000000000000000010001001000000000000000000000000000000000000000000000000000001100000000000000000000000000000000000000000000001000100000000000000000000000000000000000000000000000000000000001000000000011
100000100100110000000000000000000000000000000000000000110001000000000000000000000000000000000000000000000000000000000000000000000000000000000000000000000000000000000000110000000000000000000000000000000000000000000000000000000001000000000100
000000101001011000000011010000000000000000000000000000000101000000000000000000000000000000000000000000000000000000000000000000000000000000000000000010000000000000000001100000000000000000100000100000000000000000000000000000000001000000001000
000000010011010011000000010000000000000000000000000000100010000000000000000000000000000000000000000000000000000000000000000000000000000000000000000101000000000000000000000000000000000010001000111000000000000000000000000000000000000000000110
000000000000010011000001100000000000000000000000000000011100000000000000000011000000000000000000000000000000000000000000000000000000000000000000000101000000000001100000000000000000000100000100000100000000000000000000000000000000010000000010
000000000010100000000000000000000000000000000000000000000000000000000000000011000000000000000000000000000000000000000000001100000000000000000000000010000000000010010000000000000000000010001100100100000000000000000000000000000000100011000000
000000000000100000000000000000000100000000000000000000000000000000000000000000000000000010000000000000000000110000000001001100000001110000000000000000000000000100100000000000000000000010110000000100000000000000000000000000000000000011000000
000000001001000000000000000100001010000000000000000000000000000000000000000000000000000101000000000000000011010000000000000000000001110000000000000000000000001000000000000000000000000000000000111000000000000000000000000000000001000000000000
000000001001000000000000001010000110000000000000000000000000000001100000000000000000000101000000000000000100010000000011000000000000000000000000000000000000001000000000000000000000000001011011100000000000000000110000000000000001000010000001
000000000110000000011000001010000000000001100000000000000000000010010000000000000000000010000000000000000010100000000000000000011000000000110000000000000000000010110000000111000000000000110001000000000010001100110000000000000001000001100000
000000000000000000010100000100000000000100100000000000000000000001010000000000011100000000000000010010000011100000000000000000100000100000110000000000000000000001110000000001000000000000000001000001100010000010000000000000000001100101100000
000000000000000000001000000000000000001000010000000000000000000000100000000000000000000000000000110001000000000000000000011101100010010000000000000000000000000000000000000010000000000000001110000010010100001110100000000000000001101101100000
000000000001100000000000000000000000001000010000000000000000000000000000000000000000000000000000100001000000000000000000000001001000010000000000000000000000000000000000000000000000000000000000000010100011000111010000000000000000000110000000
000000000001100000000000000000000000001001100000000000000000000000000000000000000000000000000000011110000000000000000000000000011000111000000000000000000000000000000000000000000000000000000000000001000000100010000000000000000000000000000000
000000000000000000000000000000000000000100000000000000000000000000000000000000000000000000000000001100000000000000000000000000011000011000000000000000000000000011000000000000000000000000000000000000000101000000110000000000000000000000000000
000000000000000000000000000000000000000000000000000000000000000000000000000000000000000000000000000000000000000000000000000000000000011100000000000000000000000011000000000000000000000000000000000000000010000001100000000000000000000000000000
000000000000000000000000000000000000000010000000000000000000000000000000000000000000000000000000000000000000000000000010100000000000000000000000000000000000000000000000000000000000000000000000000000000000000000010000000000000000000000000000
000000000000000000000000000000000000000011100000000000000010000000000000000000000000000000000000000000000000000000000010000000000000000000000000000000000000000000000001010000000000000000000000000000000010000000110000000000000100000000000000
000000000000000000000000000000000000000100000000001110000111000000000000000000000000000000000000100010000000000000000010010001000000000000000000000000000000000000000000100000000000000000000000000000000100100000000000000000001110000000000000
000000000000000000000000000000000000000011000000001110000000000000000000000000000000000000000001100000000000000000000001010010001110100000000000000000000000000010000000000000000000000000000000000000000100110000000000000010111111000000000000
000000001100000000000000000000000000000010000000000001101010110110000000000000001000000000000001100100000000000000000001000010000111001100000000000000000000000010000000000000000000000000000000000000001000000000000000000101010010000000000000
000000001100000000000000000000000000000000000000000000110101110010000000000000001110000000001110111000000000000000000110110011011000110000000000000000000000000010001100000000000000000000000000000000001110110000000000000000111000000000000000
000000000000000000011000000000000000000000000000000000110100110100000000000000001100000000001100010000000000000000000100000011001011000010000010000000000000000000000110000000000000000000001100000000001000000000000000000000001000000000000000
000000000000000000100100000000000000000000000000000000001000000000000000000000000000000000000000000000001100000000000101110000001010100000001010000000000000000000000010000000000000000000010010000000000010010000000000010110000000000000000000
000000000000000000101000000000000000000100000000000000000000000000000000000000001000000000000000000000001111000000000001010000000100010111011000000000000001110000000000000000000000000000110101000000000010000000000000100101010000000000000000
110000000000000000111000000000010000001001000000000000000000000000000001000000101000000000000000000000010001000000010000000000000000000001000000000000000000001000000000000000000000000000110001000000000000111000000000100011100000000000000000
110000000000000000000000000000101000001011000000000000000000000000000001000000001000000000000000000011001011010000001100000000000000000000000000000000000110000100000000000000000000000000110101000000000000000100000000010001000000000000000000
000000000000010000000000000000101000000111000000000000000000000000000001000010000000000000000000000000100000110000000000000000000100000000000000000000000100000100000000000000000000000000001110000000000000001100000000010000000000010000000000
000000000000101000000000000000010000000011000000000000000000100000000000001000100000000000000000000000000001010000000000010000001010000000110000000000000100000100000000000000000000000000000000000000000000010110000000000010000000111000000000
000001100000000100000000000000000000000010000000000000000001010000011100001000000000000000000000000000000011100000000010010000000110000001001000000000000010000000000010000000000000000000000000000000000000110011000000000000000010100100000000
000011000101001000000000000000000000000000000000000000000001000110000000000000000000000000000000000000101110000000000000001000000000000000101000000000000000011000000010000000000000000000000000000000000000011000000000000000000010000100000000
000001100100011111000000000000000000000000000011000000000000000110000001001000000100000000000000000000101100000000000000001100000000000000010000000000000000000000000010000000000000000000000000000000000000001000000001000000000001111100000000
000000000010100111010000000000000000000000000100100000000001000000000001001010001010000000000000000000010000000000000000001100000000000000000000000000000000000000000000000000000000000000000000000001100000000100000011100000000000110000000000
000000000000001000001100000000000000110000000100100000000000000000000001000110001010000000000000000000000000000000000000000000000000000000000000000000000000000000111000000000000000000000000000000010010000000011000011010000000000000000000000
000000000000001010011100000000000000110000000011000000000001100000000000000000000100000000000000000000000000000000000110000000000011100000000000000000000000000000000000000000000001110000001000000001100000000000001000110000000000000000000000
001100000000000110000000000000000000000000000000000000000111011001000000000000000000000000000000000000000000000000001010000000000100100000000000000001110000000000000000000000000010110000001000000000000000000011000000000000000000000000000000
010010000000000000001000000000000000000000000000000000000100011011000000000000000001100000001000000000110000000000001000000000000000100000000000000000000000000000000000000000000010100000000000000000000000000011000000000000000000000000000000
010100000000000000001000000000000000000000000000000100000000000010000000000000000010010000010100000001101000000000001010000000000111000000000000000000000000000000000000011000110011000000000000000000000011000101000000000000000000000000000000
001000000000000000001000000000000000000000000000011011000011100000001110000000000010010000011000000010000000000000000110000000000000000000000000000000000000000000000000000000101010000000000000000000000011000110000000000000000000000000000000
000000000000000000000000000000000000000000000000011011000000000000000000000000000001100000000000000010111000000000000000000000000000000000000000011010000000000000000000000000110111000000000000000000000000001000110000000000000000000000000000
000000110000000000000000000000000011000000000000011011000000000000000000000000000000000000000000001000010000000000000000000000000000000000000000011110000000010001000000000000000001000000000000000000000000000000111000000000000000000000000000
000000110000000000000000000000000010100000100000000100000000000000000000000000000000000000000000000110110110000000000000000000000010000010000000100000000000001001000000000000000001110000000000000000000000010000000100000000000000000000000000
000000000000000000000000101000000001010000100000000100000000000000000100000000000000000000000000000000100110000000000000000000000011000110000000100001110000001100000110000000000000010000000000000000000000000101011000000000000000000000000000
000000000000000000000000101000000011000000100000000000000000000000001010000000000000000000000000110001001100000000000000000000000000001001001000100011110000000000000110000000000011100000000000000100000000001111110000000110000000000000000000
000000110000000000000000010000000011001000000000000000000000000000001000100000000000000000000001010001011000000000000000000111000000000111010100011111011010000000000101000000000100100000000000001110000000000000000001001110000000110000000000
000000101000000000000000000000000001101000000000000000000000000000000000110000000000000000010000110001100001100000000000000111000000000111000000000000000010000000000010110110000110000000000000011111000000000000000000010100000001001000000000
000100010000000000000000000010000000001000001000000000000000000011110000000000000000000000111111100000000010010000000000000111000000000000000001100000000000000000000110101000010101110000000000110001100000000000000000000000000001111100000011
101110000000000000000000001010000001110000011100000000000000000100000100110000000000000001000111000000000001100000000000000000000000000000011000001011100000000000000110101000001100011000000001100001110000000000000011000000000000011110000110
101011000000000000000000001010000000000001100100000000000000000000111010001000000000000000111100000000000000000000000000000000000000000000001000011011100000000000000001011101101100011110000010000001110000000110000010000111001000000010010000
000001100000000111000000000000000001100001001100000000000000000111000010001000000000000000010000000000000000000000001010000000000000001110000000000100011000000000000000000001101000010111000010100001011100001001000000111101001000000000101010
101011000000000000100000000000000000100001001000000000000000000000000001000000000000000000000000000000000000000000000110010110111110000000000011100000010101100011000000000001010000111011000010110000001100000110000000000011010000000001110100
011110000011110010100000000000000000000011011000000000000000000000000000100000000000000000000000000000000000000000000100011000101010000011100010010000100100000011000000000111000100000011000000100000000000000000000000000000000000000001000000
000100001001100000000000000000000000001110010000000000000110001100000000000000000000000000000000000000000000000000000000000110001011000011100000000000000000000000000000000000000110000000000001100000000000000000000000000000000000000000101000
000000001001000000000000000000000000100110000000000000001110000010000000000000000000000000000000000000000000000000000000000000100111000000100010010010111000000000000000000000000100000011000000100000000000000000000000000000000000000001100100
000000001001000000000000000000000001001100000000000000010000001001000000000000000000000011000000000000000000000000000000000000100000100011000000000110000000110110000000000000000000111011000010100001100000000000000000000000000000000000101000
000000000001010000000000000000000000011000001100000000001110000111010000000000000000000011000000000000000000000000000000000000000110100011100001001100000000110101000000000000000000010111000011000010100000000000000000000000000000000000010000
010000000001110011100000000110000000001100110110000000001110000000101100000000000000000000000000100000000000000000000000000000000000110001100000111000000010111111000000000000000000001110000000000110000000110000000000100000000000000000000000
111000000000100011010000000110000000010010110100100000000000000001000000000000000000000000001101001000000000000000000000011111001100011011100000000000000111111000000000000000000000000000000000000000000000100100000001010000000000000000000000
101100000000000100010000000000000000010100110110011000000000000010000100000000000000000000000000000100000000000000000000011101000000001000000000000000000111111000011000000000000000000000000000000110000000100011000000100000000001000000000001
010100000000000011100000000000000000001000001100110000000000000110000000000001100010000000100110000110000000000000000000100100101000011100000000000000000001001100011000000000000000000000000000000110110000010001000000000000000001000000000010
010110011000000011100000000000000000000000000100000000000000001101110000000010001100000001001000100000000000000000000000011100101010000000000000000000000000100010000000000000000000000000000000000000110000001001000000000000000001000000000110
110100011000000000000000000000000000000000000000000000000000000000010000000100000100000000101100011011000000000001110000011000001110000000000000000000000000000000000000000000000000000100000000000000001000001010000000000000000000000001000010
000100000000000000000000000000000000000000000000000000000000000011010000000001000100000000000000100100100001000000100000000000000000000000000000000000000000010100000000000000000000000100000000000000011000000000000010000000000000000011100000
111000000000000000000000000000000010000000000000000000011000110001100000000000001000100000010010101111100000010000000000000000000000000000000000000000000000010010000000000000000000001010000000000011011000000000000101000000000000000111110000
010000000000000000000001110000000000000000000000000000100100110000000000000000000001010000001000000010000000111000000000000000000000000000000000000000000011000011000000000000000000000111000000000000100000000000000101000000000000001100011000
000000001110010100000001110000000000000000000000000000011000000000000000000000000010010000000000010011100000010000000000000111000000000011100000000000000001001000000000100000000000000111000000000000000000000000000010000000000000000111110000
000000010001001000000010100000000000000000000000000000000000000100000000000000000001100000000100010001010000110000000000000000000000000000000000000110000000101000000000110000000000000000000000000000000000000000000000000000000000000011100000
000000010001000000000000000000000000000000000000000000000000001010000000000000000000000000000100010010010000110011010000000000000000000000000000000110000000000000000110010000000000000000000000000000000000000000000000000000000000000001000000
000000010001000000000000110000000000000000000000000000000000010010000000000000000000000000000111000011100000000010000000000000000000000000000000000000000001000100000011100000000000000000000000000000000000000000000000000000000000000000000000
000000001110000000000001101100000010100000000000000000000000001100000000000000000000000000000000000100010000000100000000000000000000000000000000010000000000111000000000000000000010000000011100000000000000000000000000000000000000000000000000
000000000000000000000000000100011000100000000000000000000000000000000000000000000000000000000000101000001000000000000000000000000000000000110000101000000000000000000000000000000001100000010010000000000000000000000000000000000000000000000000
000000000000000000000001001100000000000000000000000000000000000000000000000000000000000000000000101100000010000000010000000000000000000001010000101000000000000000000000000001100001111010000001000000000000000000000000000000000000000000000000
000000000000000000000000110000000001000000000000000000000000000000000000000000000000000000000000110000000100000000000000010100000000000001110000010000000000000000000000000001100001000000110001000000000000000000000000000000000000000000000000
000000000000000000000000101000010010000000000000000000000000000000000000000000000000000000000000000011010100000000100000010000000000000000000000000000000000000110000000000001100000000000000001000000000000000000000000000000000000000000000000
000000000000000000000000101000010010000000000000000000000000000000000000000000000000000000000000000001010000000000000000010000000000001100000000000000000000001010000000000000010001100001010110000000110000000000000000000000000000000000000000
000000000000000000000001001000000010000000000000000000000000000000000000000000000000000000000000000000000000000001011000000000000111000110000110000100000000001100000000000000000011011001001000000000110000000000000000000000000000000000000000
000000000000000000000000110011010010000000000000000000000000000000000000000000000000000000000000000000000000000000111000000000000000001100001001000100010000000000000000000001000011110000000000000000000000000000000000000000000000000000000000
000000000000000000000000010000110010000000000000000000000000000000000000000000000000000000000000000000000000000010001100000000000010000000000110000000001000000000000000000110110000100000000010000000000000000000000001000000000000000000000000
000000000000000000000000001001001100000000000001010000000010000000000000000000000000000000000000000000000000000000000000000000000011000001100000000111010100000000000000000010110000000100000010000000000000000000000001100000000000000000000000
011001000000000000000000001110000000000000000001001000000111000000000000000000000000000000000011000000000000000000010000000000000111000010010000000110010000000000000000010011000000000100000010000000000100000000000001110000000000000000000011
100001000000000000000000000000000000000000000010001000001101000000000000000000000000000000000100100000000010000011100000000000001001000011100000000000010000000000000000011100000000000110000000000000001110000000000000111110000011000000000111
111101000000000000000000000000000000000000000001001000001100000000000000000000000000000000000011000000000101100100000000000000001001111000000000000000010010000000000000100100000000000011100000000000011011000001110001100110000011000000000011
000000001100000000110000000000000000000000000001110000000000011011000000000000000000000000000000000000000001100101000000000000001001000000000000000000010010000000001000011000000000000100010000000000100001000000110001000000000011100000000000
000000011100000001101100000000000000000000000000000000000100011101000000000000000000000000000000000010000011110110000001011000000111000000000000000000001100000000010000011000000000000101010000000000000011000000110011000000000000000000000000
000000011000000000100100000000000000000000000000000000000011000001100001000000000000000000000000000111000000001000000011011000000001000000000000000000000000000000010100000000000000000111100000000000100000000000000000000000000001100000000000
000000010000111000100100000000000000000000001100000000000001100001000000100000000000000000000000001111101100100100110100000100000000000000000000000000000000000000000010000000000000000000000000000000110000000000000000000000000000000000000000
000000000000010000011000000000000000000000001001000000000000010010000011100000000000000000000000010001011010111101110001001000000000000000000000000000100000000000010110000000000000000000000000000000100000000000000000000000000000000000011000
000000000000010000000000000000000000000000000101100000000000001100000000000000000000000000000000110001001000000101000000000000000000000000000000000001010000000000100100000000000000000000000000000000000000100000000000000110000000000000011000
000000000000000000000000000000000000000010000001100000000000001000000000000000000000000000000001110001110000000111000010001001100000000000000000000001100000000000100001000000000000000000000010000000000010011000000000000110000011100000000000
000000000001110000000000000000000000000111001101100000000000000000000000000000000000000000000000000000000000000000000010000000010000000000000001010000000000000000111111000000000000000000000010000000110000110000000000001000100000000000000000
000000000000100000000000000000000000011000011110100000000000000000000000000010000000000000000000000000000000000000000000100001011000000000000001000000000000000100011100000000000000000000000010000000101000100000000000000111100000000000000000
101100000001000000000000000000000001110100100100100000000000000000000000000111000000000000000000000000000000000000000000010011010000000000000001011111000000001011000101000000001100000000000000000000011111000001110000000110000000000000000000
011011000000000000000000000000000001100010000011100000000000000000000000001001000000000000000000000000000000000000000000000000000000000000000000011000000000000110100001000000001100000000000000000000001110000001110100000000000000000000000011
010011000000000000000000000000000110000001000011000000000000000000000000001011001100000000000000000010010000000000000000000000000000000000000001110100000000111110000000000000000000000011000010000000000100000000000010000000010000000000000000
011010000111000000000000000000000110000000000110000000010000000000000000000010000100000000000000000011001000000000000000000000000011000000000000010001000000000010000100000000000000000110000110000000000000000000000011000000000000000000001000
011011001011000000000000000000000000000000000000000000101000000000000000000000000000000000010001000000010000110000000000000000000000100000000001111110000000000100111000000000000000000101100000000000000011000000000110000001000000000000001000
001100101100000000000000000000000000000010000000000000101000000000000000000000000000000000101000100011100000110000000000000000110000000000000110100100000000000000000000000000000000011101100000000001000100100000000100000000000000000000001000
000000000100000000000000000000000000100010000000000000010000000000000000000000000000000000110001100001000000000000000100000000110000000000011110100000000000000000000000000000000000011100110000000001000011000000000000000000000000000000000000
100000010100000000000000000000001000110000000000000000000000000000000000000000000000000000111011000000000000000000000100000000110000000000100000101100000000000000000000000000000000111100000000000001000000000000000000000000000000001100000011
000000010000000000000000000000011010101100000000000000000000000000000000000000000000000000001110000000000000001110000100000000010110001000000111111100000000000000000000000000000001011011100000000011000000000000011100000000000000001100000000
000000000001000000000000000000000010101100000000000010000000000000000000000000000000000001000110000000000000000000000000000000011110101001110010000000000000000000000000000000000010010001100000000001111000000000010100000000000000000000000000
000000000000000001100000000000100011100000000010000010000000000000000000000000000000000001001000000000000000000000000000000000001000000000000000000000000000000000000000000000110001100000000000000100010100000000011100000001000000000000000000
000011000000000010100000000000100110011000000110000010000000000000000000000000000000000001010000000000000000000000000000000000000000000000000000000000000000000000000000000000110000000000000000000101000100000000000000000011110000000000000000
000011000000010011000000000000010110000000001000000010000000000000000001100001000000000000000000000000000000000000000000000000000000000000000001110000000000000000001100000000000000000000000000000011011000000000000000000101110000000001111100
000100000011100000000000000000001000000000000110000010000000010000000010010010100000000000000000000000000000000000100000000000000000000000000000110000000000000000001100000000000000000000000000000101000000000000000000000100000000000001100100
001100001100000000000000000000000000000000000010000010000010111000000010100001100000000000000000000000000000000000100000001000000000000000000001000000000000000000000000000000000000000000000000000111100000000000000000000011000000000101111000
001100001000000000000000000000000000000000000000000000001100011100000001000000000000000000000000000000011000000000100000011100000000000000000000000000000000000000000011100000000000000000000000000100100000000000000000000011100000011000000000
011000100000000000000000000000000000000000000000000000000010001000000000000000000000000000000000000011011100001110000000110000000000000000000000000000000000000000000110110000000000000000000001100100100000000000000000000000000100001100000000
010000000001000000000000000000000000000000000000000000000000110000000000000000000000000000000000000000100111000000000000100000000000000000000000000000000000000000001011100000010100000000000000000101000000000001100000000000010100000000111001
000000000010100000000000000000000000011000000000000000000001000110000000000000000000000000000000110001100100100000000000000001100000000000000000000000000000000000001100010000010010000000000000011010000000000001100000000000010000000000110101
000000000110100000000000000000000000100100011000000000000000000010000000000000000000000000000001001001100000101001000010010001100000000000000000000000000000000000001100011110000100001100000001010000000000000000000000000000010100000000110101
100000000111011000000000000000000000010000011000000000000001001010000000000000000001000000000000110010010101000111000001010000110000000000000000000000000000000000000000011111111100100100000111001100000000000000000000000000011100000000110101
100000000100010000000000000000000000000011000000000000000000000000000000001100000001000000000000000000000001001000100000110001110000000000000000000000000000001100000000011100001001000000001001011111000000000000000000000000000000000000000001
000000000110110001100000000000000000000100000000000000000000000000000000001100000001000100000000000001010111001100100000011001110000000000000000000000000000001010000000000000010000100010000000000001000000000000000000000000000000000000000000
000000000110100001100000000000000000000000000000000000000000000000000000000000000000000100000000000000111101000100000000000000000000000000000001100000000000001000000000001100000000010000000000001101100000000000000000000000000000000110000000
000000000110100000000000000000000000000000000000000000000000000000000000000000000000000000000000000000000010000001100000000000000000000000000010010000000000000000000000000000000000000110001000000000000010000000000000000000000000001001000000
000000000000100000000000000100000000000000000000000000000000000000000000000000000000010000000000000000000000000100000000000000000000000000000010010000000000000000000000000000000000000000000110000000001000100000000000000000000000011001000000
000100001000000000000000001010000000000000000000000000000000000000000000000000000000000000000000000000000000100000001000110110000000000000000001100000000000000000000000001100000000000000000000000000110010100000000000000000000000001110000101
101010001000100000000000011011000000000000000000000000000000000000000000000000000000000000000000000000000000010111000000011100000000000000000000011110000000000000000000010010000000000000000000000000110010100000000001000000000000000100000011
010001000111000000000000001010000000000000000000000000000000000000000000000000000000000000000000000000000001010000101000011000000000000000000001111100000000000000000000111110000000000000000000000000100000000000000010100000000000000000000010
000001000000000000001011010001000000000000000000000000100000000000000000000001000000000000000000000000000001000000000000000000000000000000000010101100000000000000000000100110000000000000000000000000000000001100000010100000000000000000000000
010110000000110000001011111111000000000000000000010001000000000000000000000010100000000000000000000000000000000000000000000000001110000000000001010100000000000000000000000001000000000000000000000000110000011011000001000000000000000000000000
011000000001001000000101100010000000000000000000000101110000010001000000000010100000000000000000000000000000010000000000000000001100000000011100000010100000000000000001000010100000000000000000000000010000000101110000000000000000000000000000
000000000000101000000000010100000000000000001101000000000000110101100000000001000000000000000000000000000000010000000000000000001100000000000010101010100000000000000010000000100000000000000000000000000000000110110000000110000000000000000000
000000000000010000000000110110000000000000011110000000000000110101100000000000000000000000000000000000000000000000000010100000000000000000100000111110010000000000000010000011000000000000000000000000000000000000001000001001000000000000000000
000000000000000000000000010100000000000000101010000000000000000000000000000000000110000000010100000000000000000000110111100000000000001101100110000011110000000000000011011110001100000000000000001000000110000001110000000110000000000000000000
000000000000000000000000001000000000000001110000110000000000001110000000000000001001000000001000000000000001110000100010100000000000001100101100001010110000000000000000000000010010000000000000000100000110000000100000000000000000000000000000
000000000000000000000000000000011000000000110000000000000011000000000000000000000110000000000000000000000011101001101010000000000000000000011000000011000000000000000000000000001100000000000000110100000000000000000001000000000000000000000000
000000000000000010000000000000010110000000111000000000000011000000000000000001100000000000000000000000000010101001011100000100000000000000000000001100000000000000000000000000000000000000000000111100000000000000000010100000000000000000000000
000000000000000010100000000000000110000000011000000000000000000000000000000001100000000000000000000000000000111100000000000110000000000000000000001000000000000000000000000000000000000000000011000001000000000000000010100000000000000000000000
000000000010000011000000000111010110000000000000000000000000011000000000000000000000000000000000000000000100100101100000100010000000000000000000000000000000000000000000000000000000000000000000000000100000000000000001000000000000000000000000
000000001100000010000000000111011000000000000000101000000000010000000000000000000000011000000000000000000101000000000000111111100000000000000000000000000000000000000000000000000000000000000000000001100000000000000000000000000000000000000000
000000001110000110000000000011010000000000000011101000000000000000000000000000000000100100000000000000000101100000000000001111110000000000000000000000000000000000000000000100000000000000000000000000000000000000000000000000000000000000000000
000000001000001001000000000000000000000000011100010000000110000000000000000000000000011000000000000001000101100000000000000011111000000000000000000000000000000000000000001010000000000000000000000000000000000000000000000000001100000000000000
111110010000000101000000000001000000000000100001000000001111010000000000000000000000000000000000000001000101100000000000000110001100100000000000000000000000000000000000010010000000000000110001000000000000000000000000000000000000000000000000
000110010000000010000000011101100000000001100000000000000001101000000000000000000000000000000000000000000000000000000000000011111011010000000000000000000000000000000000000100000000000001101100110000000000000000000001100000001010100000000000
110101110000000000000000010001000000000001101010000000000000110000000000000000000110000000000000000100000000000000000000000001110001010000000000010000000000001000000000011100000000000010001000110000001100000000000001100000000110101000000000
100110000000000000000000001001000000000000101011000000000000000000000000000000001110000000000000000000001000000000000000000000100000100000000000111000000000010000000000011000000000011011101101110000001100000101000000000000000000000100000000
011000000000000000000000001010000000000001100110100000000000000000000000000000000001100000000000001000000110000000000000000000000000000000000001101100000000011000000000000000000000101110010010011000000000000100100000000000000000100000000000
011000000000000000100000000000000000000001100000001100000100000000000000000000000001010000000100000100000000000000000000000000000000000000000011101110000000001000001001100010000000100111100001010010000000000100000000000000000000100000001100
000000000011000000110000000000000000000000000001010000000100000000000000000000000000001000000100000000001010000000000000000000000000000000000001101100000000000000010100100001000000110010100000010101000000000010100000000000000000011000010110
000000000100100001010000000000000000000000010000000000001000000000000000000000000101001000000100000011100100000000000000000000000000000000000000111000000000000000010011100101100000000011000000110011100000000010000000000000000000000000111011
000000000011000000000000000000000000000000001100100000010100000000000111000000001111011000000000000010000000000100000000000000000000000000000000010000000000000000001000010101000000000000000011101100100000000000000000000000000000000000110111
000000000000000000000000000000000000000000000001100000100100000000000000000000000000010000001110000010100000001011000000000000000000000000000000000000000000000001011111111010000000000000000011000011000000000000000000000000000000000000001100
000000000000000000000000000000000000000000000000000000010100000000000000000000000010100000000110110011000000001000000000000000000000000000000100000000100000000000100000000100000000000000000000000000000000000000000000000000011000000000010000
000000000000000000000000000000000000000000000000000000010010000000000000000000000000100000000111000000000000000000110000011000000000000000000111000001110000000000000100111000000000000000000000000000000000000000000000000000011000000000111000
000000000000111000001001000000000000000111000000000000001001000000000000000000001110000000000100100000000000000000010000011000000000000001000010000010101000000000101000010000000000000000000000000000010000000000000000000000000000000001000010
000000000001001100000000100000000000000000000000001000000001000000000000000000001110000000001100011000000000000000000000000000000000000010000110010000001000000000010000000000000000000000000000000000001000000000000000000000000000000110000010
000000000001101000010000110000000000000000000000111100001110000010000000000000000000000000010100000100000000001000010011000000000000000010000000000000000110001100000000000000000000000000000000000010001111000000000000000000000000000100001100
000000000000101011110000001000000000000000000000110110000000000010111000000000000000000000010100001100000000000000110111000001100000000000000001001100100010000010000000000000000000000000000000000100001000000000000000000000000000011000010000
000000000000011011000000010000000000000000000000110010000000000010110100000000000001110000001000000000000000000011000000000010100011100010000111100011010000001110001000000001100000000001000000000100010000000000000000000000000000011011100000
000000000000000011001000000000000000000000000000011110000000000000000100000000000001110000001100000000000000000000000000000011000000001000000010000001100011000000001100000010010000000010100011100100000000111000000000000000000000000011000000
000000000000000000000010000000000000000000000000010010000000000000001000000000000001110000001100000000000000000000000000001100001000001000000000010011000111101000000010000001100000000010100000100010100000000000000000000000000000001010000000
011000000000010000000000000000000000000000000000110000000000000111100000000000000100000000001000000000000000000000000000010100001000001000001110001011001010001000010100000000000000000001000101100001000111000000000000000000000000000100000000
011000000000011000000000000001100000000000000000101000000000000100100000000000011100000000001010000000000000000000000000011000001000000100010000000010101001001000000000000000000000000000000110000000000111000000000000001000000000000000000000
000000000000000100010000000000000000000000000001000000000000000110100000000111000000100000001100000000000000000000000000000000000000000011110000000001110000100000111000000000001000000000000000000001100000000000000000011000001110000000000000
000000000000000011010000000000000111000000001101000000000000000000110000000100000001110000000000000000000000000000000000000000000011100001110000000000100001000000111000000000010100000000000000010001100000000000001000110000010010000000000000
000000000000000111010000000000000000000000001110000000000000000001110000000111001011011010001000000000000000000000000000000000000000000000000000000000000110100000011000000000110100000000000000010000000000000000010000011000011000000001000000
100000000001100000000000000110000000000000000001001000000000000001101000000000001111011000010000000000000000000000000000000000000000000000000000001000000110000100011010000001011011000000000000010000000000000000000000011000010000010110100001
100000000100010000000010000110000000000000000000010000000000000000110100000000110110001101100000000000000000000000000000000011000000000000000000011000000110000100001001000011100100100000000000000000000000000000000100000000001010101000010011
100000001010000000110001000000000000000000000000100000000000000000001110000000000000000011100000000000000000000000001001000100100000000000000000010100000001000100001101100100100111000000000000000000000000000000001100110000001000000010100000
100000001000111111000000100000000000000000000000000000000000000000001000000000011000000011000000000000000000000000001001000011000000000000000000000000011000000000000101000011011010000000000000000000000000000000001100010000001100000100010110
100000000000011110000000100000000000000000000000000000000000000000000000000000001100000110000000000000000000000000010000000000000000111000000000000000110110110000000111000000101100000000000000000000000000111000110000001100001101001000010000
010000000000001000100010100000000000000000000000000000000000000000001000000000000100000100000000000000000000000000011101100000000001001000000000000000011110111000000000000000101000000000000000000000000001000000110000001100000010100000001011
100000000000000110011000000000000000000000000000000000001100000000010100000000000000000000000000000000000000000000011101000000000000110000000000000000000000010100000000000000010000000000000000000000000001000100000110001010001100000000000110
110000000100111011000111000000000000000000000000000000010100000000010010000000000000000000000000100000000000000000100001100000000000000000000000000000000000100100000000000000000000000000000000000000000000111110000000000110001100000000011000
110001101010011011000000000000000000000000000000000000001000000000010100000110000000000000000001010000000000000000111111000000000000000000000000000000000000010000000000000000000000010000000000000000000000001010000000001000000000000000100100
011000111100011011000000000000000000000000000000000000000000000000001000001001000000000000000000000000000000000011000000100000000000000000000000000000000000000000000000000000000000101000000000000000000000010100000000011011010110011000000100
100000111000011001000000000000000000000000000000000000000000000000000000110111000000000000000001001011000000000000010100100000000000000000000000001110000100000000000000000000000000100100000000000000000000011000000001001010111000001100011000
000000010000011001000000000000000000000000000000000000000000000000000001000000000110000000000001110000000000000010010000010000000000000000000000100001001011011000000000000000000000011000000000001100000000001000000001100011001000010001100000
000000000000001010000000000000000000000000000000000000000000000000001111000001001101000000000010001000000000000001110100100000000000000000000000111011001000111010000000000000000000000000000000001100010000000000000001100010110000100000000000
000000000000001110000000000000111000000000000000000000000000000000000011000001101001100000000011110000000000000000000111000000000000000000000000010000010000101010000000000000000000000000000000000000101000000000000000010010000001000100000000
000000000000000010000000000000000000000000000000000000000000000001000100110000011001110000000010010100000001110000000000000000000000000000000000000000110001000000000000000000001100000000000000000000011000000100000110001101000001000000000000
000000000000000011000000000000000000000000110000000000000000000001000000010001110001100000010000000100000010011101000000000000110000000000000000000000100100000000000000000000001100000000000000000000000000000100001110000110000001000010000000
000000000000000100100000000000000000000000110000000000000000000010001100110011000001000000110000001000000010001110100000000000110000000000000000000000100100000000000000000000000000000000000000000000000000000101100110000000000000100010000000
000000000000000011000000000000000010000000000000000000000000000000000100100100000011000001110000110001000000110101100000000000000000000000000000000000011010000100001101100000000000000000000000000000000000000000000000000000000000011100000000
000000000000000000000000000000000101000000000000000000000000000100011100111000000110000010000001111001000001110000010000000000000000000000000000000000011010001010000001010000000000000000000000000000000000000000111000000000000000000000000000
000000000000000000000000000000000110000000000000000000000000000101100000000000000000000011000001000010000001100000001000000000000000000000000110000100000000000001001100100000011100000000000000000000000000110000000000000000000000000000000000
000000000000000000110000000000000000000000000000000000000000000110000000000000000000000000000000011100000001100000001000000000000000000000001001000011000000011000000011000001100000000000000000001010000001001000000101000000000000000000000000
000000000000000001001000000000000000000000000000000000000000011000000000000000000000000000000000000000000011000111110000000000000000000000000110000011100000011011000000110001100010000110000000111000000000110000011000100000000000000000000010
000000000000000000110000000000000000000000000000000000000000011000000000000000000000000000101000000000000011101000000000111000000000000000000000000011010100000000000000000001100000001001000000011000000000000000101000100011000000000000000101
000100000000000000000000000000000000000000000000000000000001100000000000000000000000000001000110010000000001100000000000000100000000000000000000000000000010000000000001000000011100000110000000001100000000000000100000000100100000000000000101
001010000000000000000000000000000000000000000000010000000000100011100000000000000000000000101000011100000000100000000010000110000000000000000000000000100010000000111000110000000000000000000000001100000000000000000100000011000000000000000010
000100000000000000000100000000000000000000000000010000000001000010000000000000000000000000000000111110000000000110001101000110000000000000000000001000010010000001000100000001000000000000000000101000000000000000000001100000000000000000000000
000000000000000010000100001100000000000000000000000000000000000011100000000000000000000000000000000001000000000101000010111100000000000011000000010100010010000010000011010100110110000000000001111000000000000000000010000000000000000000000000
000000000000000010000000010100000001110000000000000000000000000000000000000000000000000000000011100011011000000010000000000000000000000110110000110100001100000000000011000100000101000000000010001000000000000000000001100000000010000000000000
000000000000000010000000000110000000010000000000000000000000000000000011000000000000000000000001100001111000001000000000000000000000000100010111101100000000000010000010001000110111000000000010111000000000110000000000000000100101000000000000
000000000000000000000100110000000001000000000000000000000000000000000101000000000000000000000000000111100000000111000000000000000000000101100010101000000000000000101100001100000000000000110110000100000000101000000000000000100100100000000000
000000000000000000000100001100000001001000000000000000000000000000000101000000000000000000000000000100000000000010100000000000000000000101011000110000000000000000010000100010000000000000100101000000000000000000000000000000000011000000000000
000001100000000000000111110100000100111000000000000000000000000000001010000000000000000000000000000000000000000010110000000000000000000100000101010000000000000000010001001110000000000000100000000000000000011000000000000000000010000000000000