000001000000000000000100011100010011001000000000000000000000001000000111011000000000000000000000000000000000000110110000000000000000001110001000000000000000000000100001011100000000000000011001000000000000000000000000000100000000000000000000
000000100000000000000001100000010000011000000000000000000000100000000001100100000000000000000000000010000000001001000000000000000000000100001010000100000000000001001000000000000000000000011101000000000000000000000000000101000000000000001000
000001000000000000000010100000010011010000000000000001000000000011110000011100000000000000000000000101000000011011000000000000000000000000001010101000000000000000111001110000011100000000000101100000000000000000000000000110110000001100010100
000010100000000000001101010000000000100000000000000011100000100111100000011000000000000000000000000101000000000010000000000000000000000000000000010000000000000000010001110000011110000000000010000000000000000000000000000001101100010010010100
000011000000000000000111110010001111000010000000000110110000000000000000000000000000000000000000000000000000000000000000000000000000000000000000000000000000000000000000010000101000000000000000000000000000000000000000000000011111001010001000
000101000000000000000011111100000111000001000011000111000000000010100000000000000000000000000000000000000000100000000000000011000000001100011000000000000001100000000001101000100000000000000000000000000000000000000000101000010000100100000000
000110000000000000000000000000000001001110000011000000010000000111100000000000000001100000000000000000000000010001000000000011000000000000101000000000000001100000000001001000110110000000000000000000000000000000000000101000011100100000000000
000001000000000000000000000000000101101110000000000100100000000100100000000000000010010000000000000000000000001111000000000000000000000111110000000000000000000000000011001100000111000000000000000000000000000000000001101000001001100000000000
010010000000000000000000000000000110000000000000001000010000001010000000000000000010100000010000000000000000000010000000000000000000000011100000000000000000000000000001101100000001101110000000000000000000000000000001000000000110000000000000
000000001110000000000000000000000000000000000000000101000000000100000000000000000001000000101001010000000000000000000000000000000000000001000000000000000000000010000000010000000000101010000000000000000000000000011101101000000000000000000000
011000110110000000000000000001000000000000001100000001000000000000000000000000000000000000101001010000000000000000000000000000000000000000000000000000000000000111000000000000000000001110000000000000000000000000011001101000000000000000000000
011000100010000000000000000001100000000000001100000000000000000000110000000000000000000000011001001000000000000000001100000000000000101000000000000000001100001011100000000000000000001010000000000000000000000000100000101000000000000000000000
001101101100000000000000000001110000000000000000000000000000000000110000000000000000000000000111110000000000000101010000000000000000001100000000000000001100001000110000000000000000011010000000000000000000000000100000010000000000000000000000
001011101100000000000000011000011000000000000000000000000000011000001000000000000000000000011000000001100000001101010000000000000001000100000000000000000000000111010000011000000000010001100000000000000000000000010000000000000000000000000000
000010011100011000000000001011110000000000000000000000000000011000110000000000000000000000011000000001100000000001010001000000000001011000000000000011000000000011100000100100000000001001100000000000000000000000000000000000000000000000000000
001110001100110000000000100111100000000011100000000000000000000000110000000000000000000000011011000000000000100000010000000000000001111000000000000011000000000000000000010100000000000111000000000000000000000000000010000000000000000000000000
000000000100000000000001111011000001100000000000000000000000000000000000000000001110000000000100000000000001110100001110000000000110101000000000000000000000000000000000001000000000000000000000000000000000000000000101000000000000000000001100
000000000000000000000100001000000001100000000000000000000000000000000000000000000000000000000000000000000010111000000000000000000110100000010000000000000000000000000000000000000000000000000000000000000000000000000110000000000000000000000110
000000000000000000000000011000000000000000001000000000000000000000000000000000000000000000000000000000000010100000000000000000000110010000011100000000000000000000000000000000000000000000000000000000000000000000000000000000000000000000000110
000000000000000000001000001000000000000000010100110000000000000000000000001100000000000000000000000000000001100000000000000000000001000000011000000000000000000000000000000000000000000000000000000000000000000000000000000000000000000000000000
000000000000000000011000000000000000000000010100110000000000000000000000001110000100000000000001100000100000100000000000000000000000000000000000000000000000000000000000000000000000000000000000000000000000000000000000000000000000000000000000
000000000000000000001100000100000000000000001000000000000000000000000000001010000010000000000001100001110000000111000000000000000000000111100000000000000000000000000000000000000000000000000000000000000000000000000000000000000000000000000000
000000000110000000000000000100000000000000000000000000000000000000000011000010000111000000000000000011111000011100100000000000000000000111000000000000000000000111000000000110000000000000000001000000000000000000000000000000000000000000000000
000000000110000000000100001000000000000000000000000000000000000000010000000000000010000000000000000110001100010001000000000000000000000000000000000000010000000110100000001100000000000000000010100000000000000000000000000000000000000000000000
000000000000000000000100010000000000000000000000000000000000000000100001000000000100000000000000001110000000001110000000000000000000000000000000000000110000011010100000001001011000000000000010110000000000000000000000000000000000000000000000
000000000000000000000011100000000000000000000000000000000000000000010110000000000000000000000000000100001000000100000000000000000000000000000000000011100000111000100000011000000100000000000000000000000000000000000000000000000000000000000000
000000000000000000000000000001011100000000000000000000000000000000001000000000000100000000000111000010111000000000000000000000000000000000000000000011100001000001000000001000000100000000001000001000000000000000000000000000000000000000000000
000000000000000000000000000001010001000001110000000000000000000000000000000000000110000000001000100000111000000000011000000000000000000000000000000001100001001110000000000001101000000000010001000100000000000000000000000000000001101100000000
000000000000000000000000000000110110000001001001100000000000000000000000000000000001000000010000010000000000000000100100110000000000000000000000100001100001111000000000000000000000000000010100010100000000000010000000000000000001101010000000
110000000000000000000000000000000000000000111000010000000000000000000000000000001110000000010000010000111000000001111111101000000000001100000001110000000000000000000000111000000000000000001000001000000000000101000000000000000010010010000001
010000000000000000000000000000000000000000010100010000000000000000000000000000110011110000010000010011000100000000100110001100000000010010000001001000000100000000000000010000000000000000000000000000000000001101100000000000000001110010000010
100000000000000000000000000000000000000000001100010000000000000011000000000000000000111100001000100100001000000000100010010000000000010100000000110000000100000000000000010110000000000011100000000000000000000101000000000000000001110010000000
000000000000000000000000000000000000111000010011000000000001000010100000000000000000000010000111000011110000000000100010000000000000001000000000000000000000000000100000000101000011100000000000000000000000000000000000000000000000000101010001
000000000000000011000100000001000001111001110111000000000010100001000000000000000000010010000000000001000000000000100000000000000000000000000000000000000000000001011001000000001100110000000000000000000000010001100000000000000000000000010000
000000000000000011001010000001000110100100000000000000000010100000000000000000000000000110000000000000000000000011111100000000000000000000000000000000000000000001011011001000101111000000000000001000000000000001100000000000000000000000001100
000000000000000000000110000001000110110100000000000000000001000000000000000001000001001000000000000000000000001101100000000000000000000000000011011110000000000000110000101010100110000000000000011100000000000110000000000000000000000000100000
000000000000000000000000000000000010000100000000000000000000000000000000000110110000011000000000000000000000010101100000000000000110000000000100011110000000000000001000000001000000000000000000100010000000000111000000000000000000000001110000
000000000000000000000000000000000010010000000000000000000000000001010000000110110000000000000000000000000000010001100000000000001001000000000000001000000000000000000100000000000000000000000000100010000000000011000000000000000000100000001000
000000000000000000000000000000000001110000000000000000000000000001100000000011100000000000100100001000000000011001100000000000000110000000000011011000110000000000000100000001110000000000000000110001000000000001000000000000000000100000001000
000000110000000000000000000000000000000000000011001000000000000000100000000000000000000011100111010000000000000010010000000000000000000000000000010001010000000000000010101101110000000000000000111011000000000000000000000000000000000000000000
000000110000000000000000000000000000000000000001001000000110000000000000000000000000000011100110011110000000100011010000000000000000000000000000000000000000000000000001001000000000000000000001100110000000000000000000000000000000001000000000
000000000000000000000000000000000000000100000000011000000110000000000000000000000000000011000110000110000000100011010000000000000000000000000000010001110000100000000000001000000000000000000001111111100000000000000000000000000000000010000010
000000000000000000000000110000000000001110000000000000000000000000000000000000000000000010100000000001000000000000000000000000000000000000000000111000111101011000000000111100000000000000000000011001100000000000000000000000000000000000010000
000000000000000000000000010000000000010101000000000000000000000000000000000000000000000110100000000011000000000000000000000000000000000000000001000110000101000000000000110000111000000000000000110111000000000000000000000000000000000000001110
000000000000000000000000010100000000111011100000000000000000000000000000000000000000000111000000000001000000000000000000000000000000000000000000001100000011111001110011000100110000110000000000100011000000000000000000000000000000000000001100
000000000000000000000000001100000000010101000000000000000000000011000000000100000000000110000000000000000000000000000000000000000000000000000000001110000000000001111101000000100000101000000000010001000000000110000000000000000000000000011000
000000000000000000000000000000000000001110000000000000000000000011000000001010000000000000000000000000000000000000000000000000000000000000000000000110000000000000001100001000000000111000000000010001000000000110000000000000000000000000011000
000000000000000000000000000000000000000100000000000000000000000000000000000110000000000000000011100000000000000000000000000000000000000000000000011010000100000000000000010000000000000000000000001110000000000000000000000000000000000000000000
000000000000000000000010000000001100000000000000000000000100011000000000000000000000000000000100000000000000000000001100000000000000111000000000001010000100000000000000000000000000000000000000000100000000000000000000001100000000000000000000
000000000000000000000101100000001100000000000000000000001110011100000000000000000000000000000111000000000000000000010010000000000000000000000000001100000000000000000111000000000000000000000000000000000000000000000000001100000000000000000001
100000011000000000000011100000000000000000000000000000111011111000000000000000000000000000000000000000000000000000001100000000000000000000000000000000000000000000000110110000000000000000000000000000000000000000000000000000000000000000000011
100000100100111000000010000000000000000000000000000000111001100000000000000000000000000000000000000000000000000000000000000000000000000000000000000000000000000000000000010000000000000000000000000000000000000000000000000000000011100000000110
000000101101001000000000100000000000000000000000000000110001000000000000000000000000000000000000000000000000000000000000000000000000000000000000000010000000000000000001110000000000000000000000100000000000000000000000000000000000000000001010
000000010011010111000010010000000000000000000000000000010010000000000000000000000000000000000000000000000000000000000000000000000000000000000000000101000000000000000000000000000000000000000000111000000000000000000000000000000000000000000110
000000000010010011000000100000000000000000000000000000011100000000000000000011000000000000000000000000000000000000000000000000000000000000000000000101000000000001100000000000000000000110000100100100000000000000000000000000000000000000000110
000000000001110000000000000000000000000000000000000000001000000000000000000011000000000000000000000000000000000000000000001100000000100000000000000010000000000010010000000000000000000111011100001110000000000000000000000000000000000011000000
000000000000100000000000000000000100000000000000000000000000000000000000000000000000000010000000000000000001110000000000001100000001010000000000000000000000000100000000000000000000000001011000100100000000000000000000000000000000000011000000
000000000001100000000000000100001010000000000000000000000000000000000000000000000000000101000000000000000011011000000011000000000001010000000000000000000000001100000000000000000000000001001000111000000000000000000000000000000000000011000000
000000001001000000000000001010000110000000000000000000000000000001100000000000000000000101000000000000000100010000000000000000000000100000000000000000000000000100000000000010000000000000011010000000000000000000110000000000000011100001000000
000000000110000000011000001010000000000001100000000000000000000010010000000000001000000010000000000000000110110000000000000000010000000000110000000000000000000000010000000011000000000000111000000000000000000101110000000000000011000000100000
000000000000000000010100000100000000000001110000000000000000000001010000000000001000000000000000110000000010100000000000001001100000000000110000000000000000000001010000000101000000000000011101000001100110000010110000000000000010011100010000
000000000000000000001000000000000000001100110000000000000000000000100000000000001000000000000000110011000001000000000000001011110000110000000000000000000000000000100000000000000000000000000110000010010101001000100000000000000001111000100000
000000000001100000000000000000000000011100010000000000000000000000000000000000000000000000000000100101000000000000000000001011001100000000000000000000000000000000000000000000000000000000000100000010100011001000100000000000000000001111000000
000000000001100000000000000000000000001100100000000000000000000000000000000000000000000000000000010010000000000000000000000000100100100000000000000000000000000000000000000000000000000000000000000001000000100110010000000000000000000000000000
000000000000000000000000000000000000000000000000000000000000000000000000000000000000000000000000010010000000000000000000000000011000000000000000000000000000000011000000000000000000000000000000000000000011000000110000000000000000000000000000
000000000000000000000000000000000000000000000000000000000000000000000000000000000000000000000000000000000000000000000000000000000000010100000000000000000000000011000000000000000000000000000000000000000010000001000000000000000000000000000000
000000000000000000000000000000000000000010000000000000000000000000000000000000000000000000000000000000000000000000000001000000000000001000000000000000000000000000000000000000000000000000000000000000000000000001010000000000000000000000000000
000000000000000000000000000000000000000111000000000100000111000000000000000000000000000000000000000000000000000000000110000000000000000000000000000000000000000000000000100000000000000000000000000000000000000000110000000000001110000000000000
000000000000000000000000000000000000000100100000001010000111000000000000000000000000000000000001100000000000000000000011100000000100000000000000000000000000000000000000100000000000000000000000000000000111110000000000000000000001000000000000
000000000000000000000000000000000000000111000000001000000000100000000000000000000000000000000000010000000000000000000011000011001000000000000000000000000000000000000000000000000000000000000000000000001100110000000000000011100001000000000000
000000001100000000000000000000000000000011000000000111101110011110000000000000001000000000000100001000000000000000000001010110010000001000000000000000000000000111000000000000000000000000000000000000001011000000000000000011000011000000000000
000000001100000000000000000000000000000000000000000000000100000010000000000000010010000000001010001000000000000000000111100100111000111100000000000000000000000000001110000000000000000000000000000000011000000000000000000000101100000000000000
000000000000000000011000000000000000000000000000000000100111011000000000000000001010000000001010111000000000000000001100000011101010010000000100000000000000000000001010000000000000000000001100000000001011110000000000000000001000000000000000
000000000000000000100100000000000000000000000000000000011000000000000000000000001100000000000000000000001000000000000001010000001010100101011000000000000000100000000110000000000000000000110010000000000100000000000000001110000000000000000000
000000000000000001101100000000000000000000000000000000000000000000000000000000010000000000000000000000010001000000000011010000000100000011111100000000000000110000000000000000000000000000000001000000000001101000000000111100000000000000000000
110000000000000000101000000000010000001001000000000000000000000000000000000000001100000000000000000000010000000000001000000000000000000001100000000000000011111000000000000000000000000001000001100000000000011000000000110000000000000000000000
110000000000000000010000000000101000001000100000000000000000000000000011100000010000000000000000000001110011010000001000000000000000000000000000000000000110001100000000000000000000000000100101000000000000000100000000110011100000000000000000
000000000000010000000000000000101000000000100000000000000000000000000000000000000000000000000000000001000010011000000000000000000100000000000000000000001100001110000000000000000000000000011110000000000000000000000000000000000000111000000000
000000000000011000000000000000010000000000000000000000000000100000001000000100000000000000000000000000000010010000000000000000001010000000110000000000000110000000000000000000000000000000000100000000000000110001000000000000000001101000000000
000011100000011100000000000000000000000011000000000000000001000000001000000000000000000000000000000000000000100000000000011000000110000001001000000000000000001000000000000000000000000000000000000000000000100011000000000000000000100100000000
000010000010010000000000000000000000000000000000000000000000101110001000000000000000000000000000000000001000000000000000011100000000000000101000000000000000000000000111000000000000000000000000000000000000101100000000000000000010000110000000
000011100101110001100000000000000000000000000011000000000000000110000000000100000100000000000000000000100010000000000000010000000000000000010000000000000000000000000000000000000000000000000000000000000000011100000011100000000001000100000000
000000000000000001101000000000000000000000000100100000000000000000000011101010001010000000000000000000011000000000000000001100000000000000000000000000000000000000010000000000000000000000000000000001100000000110000000000000000001000000000000
000000000000011001100100000000000000110000000100100000000001100000000000000110001010000000000000000000000000000000000000000000000001000000000000000000000000000000010000000000000000100000000000000010010000000010000110010000000000000000000000
000000000000001010010100000000000000110000000011000000000001110000000000000000000100000000000000000000000000000000000110000000000011100000000000000000100000000000010000000000000001010000000000000001100000000000000001110000000000000000000000
001100000000000110010100000000000000000000000000000000000101001111000000000000000000000000000000000000000000000000001010000000000010110000000000000000100000000000000000000000000010000000000000000000000000000011000000000000000000000000000000
010010000000000000000000000000000000000000000000000000000100111011000000000000000001100000001000000001110000000000011000000000000100100000000000000000100000000000000000000000000110110000000000000000000000000100100000000000000000000000000000
010100000000000000011100000000000000000000000000001110000011110111000100000000000010010000010100000001100000000000001010000000000011000000000000000000000000000000000000000000110010000000000000000000000011000101000000000000000000000000000000
001000000000000000000000000000000000000000000000010001000001000000000100000000000010010000011000000010001000000000000110000000000010000000000000000000000000000000000000000001001000000000000000000000000011001111100000000000000000000000000000
000000000000000000000000000000000000000000000000100000100001000000000100000000000001100000000000000101111000000000000000000000000000000000000000010010000000000000000000000000111101000000000000000000000000000101101000000000000000000000000000
000000110000000000000000000000000011000000000000010001000000000000000000000000000000000000000000000010000100000000000000000000000000000000000000100010000000000000000000000000000000000000000000000000000000000000101000000000000000000000000000
000000110000000000000000000000000010100000000000000100000000000000000000000000000000000000000000000101110110000000000000000000000011000110000000101111100000011110000000000000000001010000000000000000000000000000000100000000000000000000000000
000000000000000000000000000000000000000001110000000000000000000000000100000000000000000000000000000010100000000000000000000000000011000111000001110010010000001100000110000000000010010000000000000000000000000101011000000000000000000000000000
000000000000000000000000101000000000000000000000000000000000000000001000000000000000000000000000110001000010000000000000000010000000001001101000101000000000000000001001000000000011110000000000001110000000001101011000001010000000000000000000
000000110000000000000000010000000000010000000000000000000000000000000101110000000000000000000001001011011100000000000000000101000000001000001000011100011100000000000101100000000100100000000000010001000000000111100000000000000000110000000000
000000101000000000000000000000000011101100000000000000000000000001110000110000000000000000110100010001110001100000000000001000100000000101100000111110000100000000000000111100000100010000000000100000100000000000000000000110000001000100000000
001110010000000000000000000100000000001000011100000000000000000011100000000000000000000000110000010000000010010000000000000101000000000010000000000001000000000000000000101000000001111000000001000100010000000000000000000000000001000010000111
101001000000000000000000000011000000110000110100000000000000000010000100010000000000000001000000100000000001100000000000000010000000000000011000101010100000000000000100100000100000000000000001110010000000000000000011000010000000000010000110
001000100000000010000000000000000000010001100010000000000000000101111011001000000000000000110100000000000000000000000000000000000000000100011000011000000000000000000011111111100000100001000010100010000000000110000010110101000000001011011010
000000100000000011000000000000000001100011011100000000000000000011110111000000000000000000110000000000000000000000000010000000011100000100000001111111011000000000000000001000001100000000000110110001000100001001000000011000011000000000001101
001000100001100100100000000000000001100001000000000000000000000010000001000000000000000000000000000000000000000000001010010101101010000000000011100000110110000011000000000000011000111000100000110000010100000110000000011111100000000001011100
010001000010010001000000000000000000000001011000000000000000000000000000000000000000000000000000000000000000000000000110010000100000000010100010100000001010000011000000000011101110010111000000000000000000000000000000000000000000000001001000
000110000100010000000000000000000000001000111000000000001010000100000000000000000000000000000000000000000000000000000000001101001000000010010000000001101000000000000000000010001110000000000001110000000000000000000000000000000000000000110000
000000011111000000000000000000000000010000000000000000001010001010000000000000000000000000000000000000000000000000000000000001010100100000100000000111010000000000000000000000000110010111000000110000000000000000000000000000000000000001101100
000000000011000000000000000000000000100010000000000000010000000001100000000000000000000011000000000000000000000000000000000000000000100010000000000011010000110110000000000000000000111000100010100001100000000000000000000000000000000001101000
000000000011010001000000000000000000010000011110000000010010000111011000000000000000000011000000000000000000000000000000000000000000100000000000100010000000000001000000000000000000100000000011000110100000000000000000000000000000000000010000
111000000001010010100000000110000000000101100010000000001010000000111000000000000000000000000000000000000000000000000000001110001011101100010000111100000110000001000000000000000000001001000000000111000000110000000000100000000000000000000000
000100000001110100010000000110000000010010000001010000000100000001001100000000000000000000000000000000000000000000000000010001000000101110100000010000000000000010000000000000000000000100000000000000000001100010000001010000000000000000000001
000100000000000100010000000000000000010101100011001000000000000111000000000000000000000000001000001110000000000000000000100001111100000011000000000000000100000000011000000000000000000000000000000111000000110011000000100000000000000000000001
010000000000000100010000000000000000001000010000111000000000001000100000000001000100000000000100000110000000000000000000100001100100011100000000000000000000001100011000000000000000000000000000000110110000010001100000000000000011100000000110
010110011000000010100000000000000000000000001100000000000000001101110000000011001110000001101010011001000000000000100000100100001010001000000000000000000000000100000000000000000000000000000000000001101000011111000000000000000000000000000110
110100011000000001000000000000000000000000000000000000000000000100011000000010000110000000011100111111000000000001110000010100011010000000000000000000000000000000000000000000000000000000000000000000101000000100000000000000000000000011100111
000100000000000000000000000000000000000000000000000000000000000011010000000000001100000000011101100000100000000001110000000000000100000000000000000000000000001000000000000000000000001110000000000000100100000000000010000000000000000100010001
111000000000000000000000100000000000000000000000000000011000110011100000000000000000100000000001011000100000011000000000000000000000000000000000000000000000101111000000000000000000001001000000000001001000000000000101000000000000001000001000
111000000100000000000001010000000000000000000000000000100100110000000000000000000001010000000000011000000000101000000000000010000000000001000000000000000011100111000000000000000000001000000000000001110000000000000101000000000000001000001000
000000001110001000000010000000000000000000000000000000011000000000000000000000000010010000000000000010100000000000000000000010000000000001000000000000000011110100000000110000000000000101000000000000000000000000000010000000000000001000001000
000000010101101000000000110000000000000000000000000000000000000100000000000000000001100000000000111000010000001000000000000010000000000001000000000110000000010000000001110000000000000010000000000000000000000000000000000000000000000100010000
000000111011100000000001110000000000000000000000000000000000001010000000000000000000000000001100100010010000110011000000000000000000000000000000000110000000000000000110010000000000000000000000000000000000000000000000000000000000000011100000
000000010101000000000001111000000000000000000000000000000000010010000000000000000000000000000110000111110000000111000000000000000000000000000000000000000000111000000111100000000000000000001000000000000000000000000000000000000000000000000000
000000001110000000000001101100000001000000000000000000000000001100000000000000000000000000000011000111110000000000000000000000000000000000000000010000000000111000000001000000000001000000011100000000000000000000000000000000000000000000000000
000000000100000000000001110010000001000000000000000000000000000000000000000000000000000000000000001000000000000000000000000000000000000000110000101000000000010000000000000000000010000000010110000000000000000000000000000000000000000000000000
000000000000000000000000111100000000000000000000000000000000000000000000000000000000000000000001101100000100000000000000000000000000000001001000101000000000000000000000000001100010010000110011000000000000000000000000000000000000000000000000
000000000000000000000001100100000000000000000000000000000000000000000000000000000000000000000000111110001110000000000000001000000000000001010000010000000000000000000000000010010001010000000011100000000000000000000000000000000000000000000000
000000000000000000000001101000000011000000000000000000000000000000000000000000000000000000000000000011000000000000000000110000000000000000100000000000000000000110000000000001010001100000011001000000000000000000000000000000000000000000000000
000000000000000000000001101100000111000000000000000000000000000000000000000000000000000000000000000011001000000000110000000000000010001110000000000000000000001010000000000000100011110000101110000000110000000000000000000000000000000000000000
000000000000000000000001001100100111000000000000000000000000000000000000000000000000000000000000000000000000000000001000000000000010000010000110000000000000001100000000000000000000001000101100000000110000000000000000000000000000000000000000
000000000000000000000000111001010111000000000000000000000000000000000000000000000000000000000000000000000000000001100000000000000101001110001001000000000000000000000000000011100010001000000000000000000000000000000000000000000000000000000000
000000000000000000000000111010010010000000000000000000000000000000000000000000000000000000000000000000000000000000001100000000000011000000000110000100111000000000000000000110010000110000000000000000000000000000000001100000000000000000000000
000000000000000000000000011011111100000000000000100000000111000000000000000000000000000000000000000000000000000000001000000000000000000001100000000101110000000000000000000000010000000000000111000000000000000000000010010000000000000000000000
010000000000000000000000001110000000000000000011111000001001000000000000000000000000000000000011000000000000000001100000000000000100100010010000000101010000000000000000010011100000001100000000000000001110000000000000000100000000000000000100
000101100000000000000000000100000000000000000011011100000001000000000000000000000000000000000100100000000011000011100000000000001000010111100000000000111000000000000000110100000000000100000000000000010001000000100000000010000011000000000100
011010000000000000000000000000000000000000000011001000001110000000000000000000000000000000000011000000000000100100100000000000011111010001000000000000111000000000000000100100000000000001100000000000011001000001010001000010000100000000000100
111000010100000001111000000000000000000000000001110000001100010011000000000000000000000000000000000000000000000100000000000000001000010000000000000000010010000000000000100100000000000100010000000000010100100000001000000000000010100000000001
000000000000000001001100000000000000000000000000100000000010110100000000000000000000000000000000000111000010010110000011011000000101100000000000000000001100000000010000011000000000001101010000000000000011000000110011000000000010000000000000
000000100100010000100110000000000000000000000000000000000011011001100000000000000000000000000000001000100110001010000011010100000001000000000000000000000000000000001000000000000000000101100000000000110000000000000000000000000000000000000000
000000011000111000100100000000000000000000001100000000000011100011100010100000000000000000000000001000001101100111011001110100000000000000000000000000000000000000000010000000000000000011000000000001110000000000000000000000000000000000000000
000000000000000000011000000000000000000000001001100000000000111110000001100000000000000000000000110100000001110101011000000000000000000000000000000000100000000000001110000000000000000000000000000000110000000000000000000000000000000000011000
000000000000000000000000000000000000000000000000000000000000011100000001000000000000000000000001001011001100010000000000000000000000000000000000000001010000000000111100000000000000000000000000000000000000010000000000000110000001000000011000
000000000000010000000000000000000000000111001100010000000000001100000000000000000000000000000001010001110000000101000000000000100000000000000000000001100000000001100001000000000000000000000000000000000001001000000000001011000001000000000000
000000000001110000000000000000000000001111010000010000000000000000000000000000000000000000000000100000100000000010000001000001011000000000000000100000000000000000100001000000000000000000000111000000110001101000000000001000100001000000000000
000000000000010000000000000000000000010001110000110000000000000000000000000111000000000000000000000000000000000000000000000011011000000000000011010110000000000111000001000000000000000000000000000000100010110000100000001000100000000000000000
101110000000000000000000000000000001000100010000110000000000000000000000000101000000000000000000000000000000000000000000000011011000000000000000010110000000001001110100000000001100000000000000000000000001000001011000000100000000000000000001
000001000000000000000000000000000000010011000100100000000000000000000000001000100000000000000000000000000000000000000000000000000000000000000001000000000000000000000010000000001100000000000000000000010001000001011000000000000000000000000001
000000000010000000000000000000000100000000000000100000000000000000000000000011001100000000000000000011000000000000000000000000000000000000000000000000000000011000000000000000000000000111000110000000001110000000100111000000000000000000000000
100000000101000000000000000000000110000000000111000000010000000000000000000111001100000000000000000011111000000000000000000000000001000000000000000000000000010011011000000000000000000100100110000000000010000000000001000000000000000000000000
000011011001000000000000000000000000000000000000000000101000000000000000000000000000000000010000000000010000110000000000000000000001000000000011000110000000000000011000000000000000000000100000000000000011000000000101000000000000000000011100
011111011000000000000000000000000000000000000000000000101000000000000000000000000000000000101000100011100000110000000000000000110000000000000000000110000000000000010000000000000000010000000000000000000100100000000110000000000000000000000000
000000010110000000000000000000000000110000000000000000010000000000000000000000000000000001000110100011100000000000000000000001001000000000011010101100000000000000000000000000000000000001110000000011100011000000000000000000000000000000000001
000000000000000000000000000000011100101100000000000000000000000000000000000000000000000000100000100000000000000100001110000000000000000000010000000100000000000000000000000000000000000000010000000001100000000000001000000000000000001100000001
000000001000000000000000000000011000100100000000000000000000000000000000000000000000000000100000000000000000000100000000000000000011010001010110100100000000000000000000000000000001000010100000000010010000000000010100000000000000001100000001
000000000000000000000000000000010010101100000000000000000000000000000000000000000000000000000010000000000000000100000000000000010011010000100110111000000000000000000000000000000010011010100000000001011000000000100010000000000000000000000000
000000000000000001100000000000000000100100000110000111000000000000000000000000000000000011001100000000000000000000000000000000011000000000100000000000000000000000000000000000110001100000000000000001010100000000010100000011000000000000000000
000011000000000010100000000000111000110000000110000111000000000000000000000000000000000000100000000000000000000000000000000000000000000000000000100000000000000000000000000000110000000000000000000101010100000000001000000000010000000000111000
000101000001100011000000000000010010000000001000000111000000000000000001100001000000000000000000000000000000000000000000000000000000000000000001010000000000000000001100000000000000000000000000000101001000000000000000000100010000000001011100
001100000111100000000000000000001100000000000110000111000000111000000010010010100000000000000000000000000000000000000000000000000000000000000000010000000000000000001100000000000000000000000000000100010000000000000000000100000000000000000100
000010001111000000000000000000000000000000000110000000000100100100000010100001100000000000000000000000000000000001110000011100000000000000000000100000000000000000000111000000000000000000000000001100100000000000000000000100100000001011011000
000000011100000000000000000000000000000000000000000000000111100100000001000000000000000000000000000000110100000101000000100100000000000000000000000000000000000000000110110000000000000000000000001100110000000000000000000010100000010010110000
110100000000000000000000000000000000000000000000000000000100100100000000000000000000000000000000000001000000000100000000100000000000000000000000000000000000000000000000010000000000000000000000001101100000000000000000000001101000011100010000
011000000001000000000000000000000000000000000000000000000001111100000000000000000000000000000000000010000001000100000000110000000000000000000000000000000000000000001000000000001000000000000000110101000000000001100000000000000000000000101010
000000000110100000000000000000000000011000000000000000000000100110000000000000000000000000000000110000010100110000000000000001100000000000000000000000000000000000010001010100000110000000000000111110000000000001100000000000110000000001000101
000000000000100000000000000000000000100000011000000000000000000011000000000000000000000000000001001010011011110101000000100000000000000000000000000000000000000000001100100000000110001100000001010000000000000000000000000000110100000001000101
000000001001011000000000000000000000000010111000000000000000000100000000000000000000000000000000110001100011111111100001011000000000000000000000000000000000000000000000100001110110001100000101000000000000000000000000000000010100000000110000
100000001000000000000000000000000000000010000000000000000000000000000000001100000011100000000000000000100101101000100000000000001000000000000000000000000000001100000000010001000101100000000101110001000000000000000000000000001000000000000011
000000001000110001100000000000000000000010000000000000000000000000000000001100000000000000000000000000010101101100000000111001010000000000000000000000000000011000000000010000000000100000000000010000000000000000000000000000000000000000000000
000000001000100001100000000000000000000000000000000000000000000000000000000000000000000000000000000000110001001111100000000000100000000000000001100000000000000100000000000000000000000110000000000011100000000000000000000000000000000110000000
000000000110110000000000000000000000000000000000000000000000000000000000000000000000000000000000000000011110000010000000000000000000000000000010010000000000000000000000000000000000000000000100000000000000000000000000000000000000011001000000
000000000101000000000000000100000000000000000000000000000000000000000000000000000000000000000000000000000000000000000000000000000000000000000010010000000000000000000000000000000000000000000100000000010100000000000000000000000000010001000000
100100000000000000000000011011000000000000000000000000000000000000000000000000000000000000000000000000000000001100000000110110000000000000000001100100000000000000000000001100000000000000000000000000101100110000000000000000000000010010000001
111110001011000000000000011011000000000000000000000000000000000000000000000000000000000000000000000000000000011011010000000010000000000000000000000010000000000000000000100010000000000000000000000001000000000000000001000000000000001110000100
110011000111000000000000101010000000000000000000000000000000000000000000000000000000000000000000000000000000001011000000010100000000000000000001000000000000000000000000100001000000000000000000000000110000000000000010100000000000000000000010
001001000011100000000010000001000000000000000000000000000000000000000000000001000000000000000000000000000000100000000000000000000100000000000010000010000000000000000000100001000000000000000000000000110000011110000010100000000000000000000000
010110000000110000001000001101000000000000000000000011010000000000000000000010100000000000000000000000000000000000000000000000001010000000001111110110000000000000000000000101000000000000000000000000110000010001000001000000000000000000000000
011100000001001000000100000001000000000000000000000011100000111011100000000010100000000000000000000000000000000000000000000000010000000000001111111010000000000000000000000000100000000000000000000000110000000000010000000000000000000000000000
000000000000101000000001010100000000000000010000000000100000000000000000000001000000000000000000000000000000000000000000000000001100000000011101101010110000000000000011000010100000000000000000000000000000000110001000000110000000000000000000
000000000000010000000000110110000000000000000001000000000000110001100000000000000000000000000000000000000000000000000110100000000000000001100110101000010000000000000110001011000000000000000000000000000000000010001000001001000000000000000000
000000000000000000000000110110000000000001000011000000000000010001000000000000000110000000001000000000000000100000110100110000000000001111101110000000001000000000000011001111001100000000000000000000000110000001110000000110000000000000000000
000000000000000000000000001000000000000001001000000000000000000100000000000000001001000000001000000000000010010000001000100000000000001111100010000000010000000000000000001100010010000000000000010100000110000001110000000000000000000000000000
000000000000000000000000000000011100000000000000000000000011000100000000000000000110000000000000000000000010001001001011000000000000000000011100001011100000000000000000000000001100000000000000100110000000000000000001000000000000000000000000
000000000000000001000000000000010010000000000000000000000011000000000000000001100000000000000000000000000010000011011100000110000000000000000000001110000000000000000000000000000000000000000000000110000000000000000010100000000000000000000000
000000000000000110000000000010100001000000101000000000000000000000000000000001100000000000000000000000000000100101011000000110000000000000000000001100000000000000000000000000000000000000000001111000000000000000000010100000000000000000000000
000000000100000110000000000101010010000000000000000000000000011000000000000000000000000000000000000000000011100110000000100000000000000000000000000000000000000000000000000000000000000000000000000000100000000000000001000000000000000000000000
000000001000000000000000000000010100000000000000100000000000011000000000000000000000011000000000000000001101000000000000100000010000000000000000000000000000000000000000000000000000000000000000000001100000000000000000000000000000000000000000
000000010010000111000000000101011000000000001111101000000000000000000000000000000000100100000000000000001100000000000000000000001000000000000000000000000000000000000000000100000000000000000000000000000000000000000000000000000000000000000000
011100011000001001000000000011100000000000011100010000001001000000000000000000000000011000000000000000001100010000000000001000000100000000000000000000000000000000000000001010000000000000000000000000000000000000000000000000000000000000000000
011010011000000101000000001011100000000001101000000000001000010000000000000000000000000000000000000000000001100000000000000100000011100000000000000000000000000000000000001010000000000001111000100000000000000000000000000000001000000000000000
000000011000000010000000011001100000000000000000000000000100001000000000000000000000000000000000000000000000000000000000000100000011010000000000000000000000000000000000010110000000000001101101010000000000000000000001100000000010010000000000
110001110000000000000000010101000000000000000011000000000001110000000000000000001010000000000000000000000000000000000000000010001011010000000000111000000000000000000000010100000000000110000010001000001100000000000001100000000110010000000000
100111100000000000000000011111000000000000001000000000000000000000000000000000001000000000000000000000000100000000000000000001110000100000000001000100000000010000000000010100000000011000101111000000001100000010000000000000000001010000000000
100000000000000000000000000100000000000000000110000000000000000000000000000000000101100000000000000000000100000000000000000000000000000000000010000010000000011000000000110000000000100000011110001000000000001100000000000000000000000000000000
011000000000000000110000000000000000000001100011111000000000000000000000000000000001010000000000000000000010000000000000000000000000000000000010000010000000011000001001100000000001100000110000010110000000000111000000000000000000100000001110
000000000011000001010000000000000000000000100000001000001100000000000000000000000010111000001110000011000100000000000000000000000000000000000010000010000000000000010100010001100000110000100000010100100000000111000000000000000000010000100001
000000000100100000010000000000000000000000001000100000001100000000000010000000001101101100000000000011000100000000000000000000000000000000000001000100000000000000010111111001100000000011000000000000100000000001000000000000000000000000000000
000000000011000000000000000000000000000000001001100000010100000000000010000000001101011000001010000110100000000110000000000000000000000000000000111000000000000000100000000101100000000000000010001100100000000000000000000000000000000000100001
000000000000000000000000000000000000000000000001100000110110000000000010000000000000011000001011000110000000001010000000000000000000000000000000000000000000000000111111110010000000000000000010100111000000000000000000000000000000000000100100
000000000000000000000000000000000000000000000000000000110110000000000000000000000001110000000000100011000000000101100000000000000000000000000100000001110000000000110000000100000000000000000000000000000000000000000000000000011000000000100100
000000000000010000000000000000000000000010000000000000010110000000000000000000000010000000001000010000000000000000110000011000000000000000000101000000000000000000010000111000000000000000000000000000000000000000000000000000011000000000111000
000000000000111100000000000000000000000010000000000000000011000000000000000000001011000000000001110000000000000000110000011000000000000000000000000000101000000000011000111000000000000000000000000000000000000000000000000000000000000011110100
000000000001000100000001110000000000000010000000001100001001000000000000000000001010000000000110011000000000000000000000000000000000000011000110000000011000000000010000000000000000000000000000000000011010000000000000000000000000000110000010
000000000001101011010000110000000000000000000000100010000110000001010000000000000100000000010110010100000000000000111101000000000000000000000010001000000110000100000000000000000000000000000000000000011010000000000000000000000000000110001100
000000000001101010010000101000000000000000000001000010000100000110101000000000000000100000010100001100000000000001111101000001100001000000000001100111100110000010000000000000000000000000000000000110011010000000000000000000000000010011111000
000000000000011000010000000000000000000000000000000001000000000000100100000000000001010000010000000000000000000001100010000010100001000000000100100110010011000110001100000001100000000001000001001110000000010000000000000000000000011010100000
000000000000000111000000000000000000000000000000000011000000000000010100000000000010001000010000000000000000000000000000000011000001010100000110100000000100111000001100000010010000000010100001100110000000010000000000000000000000011000100000
000000000000000000000000000000000000000000000000000010000000000011000000000000000011010000010000000000000000000000000000001100000000011100000010000100000000110000000010000001100000000010100000010011000011110000000000000000000000000011000000
011000000000011000000000000000000000000000000000101000000000000111110000000000000110100000011000000000000000000000000000010100011100001100001100000000111000101100000000000000000000000001000101100001000101000000000000000000000000000100000000
011000000000011000000000000000000000000000000001100000000000001000110000000010001100000000011000000000000000000000000000011000000000000111010100000110001101010000100000000000000000000000000111000001100101000000000000011000000100000000000000
000000000000001110100000000000000010000000000011100000000000000110100000000110001001110000001100000000000000000000000000000000000001000010001000000000000001100000101000000000001000000000000000000001100010000000000000101000001110000000000000
000000000000000001011000000000000010000000001001000000000000000010000000001000000010001000001100000000000000000000000000000000000001000010010000000001110011100000000100000000110100000000000000000001100000000000000000100000010010000000000000
000000000000000101000000000000000010000000001001000000000000000000001000000110001000000100000000000000000000000000000000000000000001000000100000000000000100000000000000000000000100000000000000111000000000000000000000000000111000000011000000
100000000000100010000000000110000000000000000110000000000000000000001000000011100000000011110000000000000000000000000000000000000000000000000000011000001000000000000000000010000011000000000000000000000000000000000000011000010100011111100010
010000000111100000000000000110000000000000000000110000000000000001100010000000010001011100010000000000000000000000000000000011000000000000000000010100000101001110000001100010000000100000000000000000000000000000001100101000011100011010110010
110000001000100111100001000000000000000000000000000000000000000000000010000000100100000000000000000000000000000000000000000100100000000000000000010000001110000000001101100100000001000000000000000000000000000000000010110000011000000100111100
110000000100100001100001100000000000000000000000000000000000000000001000000000011100000000100000000000000000000000011000000011000000010000000000000000111111100000000000000011000001000000000000000000000000010000000100110000010010000100111000
110000000000100000000000110000000000000000000000000000000000000000000000000000010100000101000000000000000000000000010111100000000000111000000000000000100010101000000101000000100000000000000000000000000000110000100000010100001001000000010000
010000000000010001010001000000000000000000000000000000000000000000001000000000001100000110000000000000000000000000100101100000000001001000000000000000110010000000000010000000101100000000000000000000000001011000111000010010000011000000001010
000000000000000010111000000000000000000000000000000000001100000000010100000000000000000000000000000000000000000000100100000000000000110000000000000000001101000100000000000000010000000000000000000000000001010110000000001010001010000000010010
000000000100100000101110000000000000000000000000000000010100000000110110000000000000000000000000100000000000000000100000100000000000000000000000000000000000110000000000000000000000000000000000000000000000110010000000001010001100000000011010
000001100010000000100010000000000000000000000000000000001000000000010100000110000000000000000000100000000000000000111110000000000000000000000000000000000000000000000000000000000000010000000000000000000000100010000000011001000010000000010100
001000000000100000100000000000000000000000000000000000000000000000001000011001000000000000000000100000000000000001000000100000000000000000000000000100000000000000000000000000000000101000000000000000000000010100000000011011010100011100010100
010000000100100001100000000000000000000000000000000000000000000000000000111111000000000000000001010000000000000011101000110000000000000000000000000110000110000000000000000000000000100100000000000000000000010100000001001000000000000100111000
000000111000000011000000000000000000000000000000000000000000000000000101000001001110000000000011111100000000000001010000110000000000000000000000100001001011001100000000000000000000011000000000001100000000011000000010010010001000011000110000
000000000000000011000000000000010000000000000000000000000000000000000100100001111001100000000010001000000000000001110101100000000000000000000000101011111100000000000000000000000000000000000000001100010000000000000001010110110000100000000000
000000000000001011000000000000010000000000000000000000000000000000001000000001100000010000000110110000000000100000101111000000000000000000000000111001011001101000000000000000000000000000000000000000101000000000000011111010100001100000000000
000000000000000000000000000000010000000000000000000000000000000000000011110000001010010000000010010000000001110000000010000000000000000000000000000000111000000000000000000000001100000000000000000000011000000000001010001001000011100000000000
000000000000000111000000000000000000000000110000000000000000000011001100001011011010010000110000000100000010000001000000000000110000000000000000000001101010000000000000000000001100000000000000000000000000001100001001001110000001100000000000
000000000000000100100000000000000000000000110000000000000000000000001100111011000000000001001000011000000001100000100000000000110000000000000000000000100110000000000000000000000000000000000000000000000000000010001010000000000000111010000000
000000000000000011000000000000000010000000000000000000000000000000010011000110000101000001010001000000000000000101110000000000000000000000000000000000100010000100000011100000000000000000000000000000000000000001001100000000000000011100000000
000000000000000000000000000000000101000000000000000000000000000010111100111000000111000010000001001011000000001000110000000000000000000000000000000000011000000110000001010000001000000000000000000000000000000000010000000000000000001000000000
000000000000000000000000000000000110000000000000000000000000001101111000010000000000000011000001000010000010000000011000000000000000000000000110000010000000011100000100100000111000000000000000000000000000110000011000000000000000000000000000
000000000000000000110000000000000000000000000000000000000000000111000000000000000000000000000000001100000000000011101000000000000000000000001001000100100000011111000111010001001100000000000000001100000001001000001000000000000000000000000000
000000000000000001001000000000000000000000000000000000000000010000000000000000000000000000000000001000000000010111110000010000000000000000000110000100000000011100000001100010010000000110000000100000000000110000011101100000000000000000000010
000000000000000000110000000000000000000000000000000000000000001000000000000000000000000000000100000000000000010111100000011000000000000000000000000010000000000000000000100001001100001001000000100000000000000000101000000011000000000000000101
000100000000000000000000000000000000000000000000000000000001100001000000000000000000000001101100010000000010000000000000010110000000000000000000000001100110000000010000100000111000000110000000000000000000000000010000000100100000000000000101
001010000000000000000000000000000000000000000000000000000000100011000000000000000000000000000100000010000001100000000110001000000000000000000000000000000111000000111000100000001000000000000000000000000000000000000000000011000000000000000010
000100000000000000000000000000000000000000000000000000000000000100000000000000000000000000000000100010000000000110000101110000000000000000000000001000110111000001111111011000100000000000000001100000000000000000000011000000000000000000000000
000000000000000000000000001100000000100000000000000000000000000011000000000000000000000000000000001001100000000101000111111110000000000111100000110100010010000000000101101010101110000000000001101100000000000000000010000000000000000000000000
000000000000000111000000000000000000110000000000000000000000000001000000000000000000000000000010100010001000000110000000011000000000000100111010000110001100000000000100100100000001000000000010000100000000000000000001000000000010000000000000
000000000000000000000000110110000001010000000000000000000000000000000011000000000000000000000010100100001000000001000000000000000000001100011110000100000000000000000011001000001101000000000010011100000000110000000000000000000101000000000000
000000000000000000000000010010000000100000000000000000000000000000000101100000000000000000000000000100000000000111000000000000000000001101000010001100000000000000011100011100000010000000111100111000000000100000000000000000000100100000000000
000000000000000000001100000100000011001000000000000000000000000000001101000000000000000000000000000101000000000000110000000000000000001101011110001000000000000000110000010010000000000001101100000000000000001000000000000000000111000000000000
000001100000000000000100110010001100101100000000000000000000000000000111100000000000000000000000000000000000000010110000000000000000000000001000000000000000000000100001001110000000000000101010100000000000000000000000000000000011000000000000