100100100011110000010001011011111100011000001101100100100000100000000001001001000010011110010000000010111101001101010100000000000100010001000000000110011001000101001010110011110000001101000000110000000011000100000000001100110010100000000010
000010100011111000010000101001100000011000010001100000001100011000000010101000000000010001111000011000100000010000001100000111000100000001111100000110101010000110000101011110001110000101100001100000000000101110000000011111010000000000010001
000000100011000000110000000000000000011000010001100001000000101100000001001010000000010100001111101111100010001101111000000000100000100000000000000100100000000000001100001110100010110000000010000011000000001101010000010000001011000000100100
000000000000000100110000000010000000000000000001110001111000011100000000010100000000010010001001000010000001010000010111000010100001110001100000010111000000000000000100010000100000011000000000000010000000001111100100000000110010010000100001
010000000000001101010000000000110000000001000001111100000000001000010001010100100001000000001000000010000110000000111000010100010001101000010000000011000000000000000000001100001000001000000000011000000100000100100000000000010000010101000000
010000100000000100000000000011011110000010000000101100001100001000011001100001011111111000000011100001000000100010011111010100010110000011000100100110000000000000010010001100011000000000011010000000001110000100000010000110000000010100000000
001001011000001001001100000110000110000001010001011100000000010111100000000001011110101101000010110100000111110100000000100000011000011111000010000101010110100110110100000000010101100001111000000000011011000110011110001001000111000000000110
011101001000001110100001110110000100001110100000110001000111001110110000000100010000010101000000100001000100001100001100000011110100011001100000111111110000001111011000000000000101010000100011000000100000011100110100001001000100000000000100
000010001000011010001110010000001100001000010000000011000110000100100101000111100000001001000001001000111110000000000000000001011100100000000000011000000000001000000100001010000000011101100001000001100000000100000000000001001010000000000111
010000101010100001101110001000100000000101111000010100000110001010100011100001110000010100000010001111100100000010000000000001101101001110110000000010000000001000001100010110000010000111111101100011100000011000000000000000010100000000000000
010000100011000001111001011000101111000000001100010000000000100011000000010100100011000010000011000010111000000011000000000000101100000111101000000010000011001000100111101010000001111000001101000000000000011000000000000000010000000000000000
001011000111000000000011100000100010011111011100001011100001101110000001000000100110000000011000101100000001000110000000000010110000010010000111000000000001010001100001100000000100000110000101000000101000101000000000000000101000000000000000
000100000000000000000010100000110010111000100000000010100000101100000000100111000000000010000001000100100001101100000000110110010000010000110100000010101000000000100000100011011000110000000100000000100100101000000110000001100000000000001100
000110000110000000011000010000000000000010100000110110011000000000000000000000101001000100000000101100100000111000000000111101011100111000001100000110111000000100000000000010100001100011101001001100100010101000000101100001100010001010000101
111101000110000000011110000111101010101000000000000000001000000000000001001000111110000001000010101000000000000000111000101000000000000000000100001100010110010000000000000100100010111111111100001110001110100000000001100000010000100100000111
110100000100000000001110001111110001100110010000010110000000000000001001101000101010001000110010000000000000000000000000010000111000000000000011110010010110110101000000010101100000011000000000010000001001011000000011000010000000000010110100
001001001001110000000000100000000101110010100000010100000000000110001110110000001100000010010010111000000000000001000100000000111000000000000100100000110001110000001111010110010101100000000000111001000110000101000101000101000111000000011011
001110001100110000000000011000100110000001100000010010000000000011000100000001000000001000000110010000000000000001000100000111111000000001001110000111111111100000001000000001101100000011100000111001000000000101110110001001000000000000000000
000001010101100000000000010000010001000001100000001110000110000001010000000001000001011010000000001111000000000000000100000001000001001110101100010011101010010000001100001111100000000011100000100000000100000100000010001000100000000000000001
000111001100000000000001110100000010000001100111010000101001000001010001000000111100010000001100000000010000000000000100010001100001001000111001010000010000001100010110001100001000011000000000000000001000011000100100001101100000000000001000
001001000000000100000101100010100000000000101000001111001001000011000010000000000101110001001000000000010000000000011000100101000000000100101101010001010000101100110110000000000110011000100000000000000100000100000000000101100000000010001000
000100000000000000000000000101000010000110010010000110000110000100001100000000011000000001010001000000010000000000100000000010000000011000000010111110000000101000110000000000001110101010010000000000000100011110100000000110000000000101000000
100000000000000000000001111000101101101100011100111000000001000000000100000000100001000001011100001011000010011100000000000001100001001101111100001110001100110001100000000011010000000000110000001110000000000000010000000110100000000111000100
100000000000000000000011100000001000000101010000001100000001100101000000011011111101111001000110010000011110000000001011011100000001101000000100011000111010000001010000000010101110100000011010001110111000100001100000000100010001100110000011
111000011000000000000000000000011101000000000010000111000010000111000000110011011111010011010001100011010000000000010000001100000000000000000000001001100010000000111000000111111111000000001000100000000001101100000000000010100000000001000000
111000100100000000000000000000000011000100101111000000000000000101000000010000100001001000101000100001000000000000000010100000000000000000000000001000100001000000000001000000000000000000001000100000100001101000000000100000000000010000000010
101000100000000000000000000000011101000111111101000110001011001000000000001100010000011010000000000010010010000111000000001000000000000000000000001110000001001000100001000010000000001100000000000101110000110000000011100000000000011000001101
000000010000001100000000000100000100000001101000110110001001100010000000000001111100100010000100100000001000000110000011000000000000000001100000001101111110100100000000000011100000011100000111000001011001000000000000010000001000011100110100
100110000000001110000000000100010101000000101000101101000001100000000000000011100000010110001100100000100000100001101111011000000000001110001101110000000010000001100001000000001011101100000000001010111000111000000000000010001001111101001001
000010000110011000000100000000000101101000110010000100000011001001000000000100010011100000100100011000000001100001101000001000000000100110101010101000000010000000101001100100000010101100000010011100000001001100000011100111001110111001000010
110001000001111010000100000000011100100000010001101000000000000000101110001010000000111100001000000110000111110001000001100000100000100101100010101010000000000111001000000111100100001000011101100000010100001100000001000011001110111001010010
001001000111111011000011110000010000000001010000110000000000001000000001001000000101011010001000000100000000101001011110100000110000000001110101111101000000001100011001000111010001100000011001000000010001000000000111000000000010010100010010
101001000110100100010111000000111011110010000001000011000000001100011001000010000000101011001000000000001000100000100000010000101000000001100001000000100010011000000100000110000000000010000001000000000000000000000100000000010010010001010010
000100000010100010000100010010011000010010011001000011000000000000010001000110000000000011110000000000101010100000000000000001111000000100000000011000100001000100000000100101000000010010000001000000000000000010000000000000000000010000010001
100000010001010000000011010010000001000000000001000110000011001000000100000001000000001010000000000001100000111000000000000110110100111001000001110001011000010000000000000001000000010100000100000000000001110010000011000000000101011010100010
111000010011001111000001100011100111100001011010000000001001011000101101011010000001100011000100001111001001111101000110000011000000000100001110000000110100000110000000000000000000111100000110000000001000000010000000000000000001100011000111
110000001101000100100001100000000010011011101000000001110001000100100010000100000010000001000010010000110011110100011110010000000000010100000000001111100000011110000000001000000000101000100110000000001000011000000000000000010001100000011111
000100011000000001000101010000000000111001110000000001010101110111000110000000001000000001010100111110001111111011001001110100010000100100010000001110000010001100000000001000010000001011010110000000001000100000000000000000010000000110000010
000010000010110000000100000100011111100000000010000000000100100001000110000001100000000001001000100000000010011001001101100000110001101000000000001011100110110000000000010000010000101111010100000000000000010000000000000000010110000111110000
000111100000001000000100000000100000000000001000000000101001100000000000000000100000010000000000011110011000110100010100110000000000000011100000000000000010011000000000100010100001110100110101000000000110001000000000000001110110111100010010
000001101011101000000010000001101100000000001001000000010100100000101000000001101101010110000000000000000100011111100100000000000000000001000111000010000011010100010000100000100011000000011101001100000001001000000000001010110110111111000001
110000000001111110000010000000111010000000000000100000001111110000001000000000000011001100000000011110000010010001100001001110110101000000000111111010000001111010011001011111000000000001101000001100101001000000000000001000001000011110001100
100000001000100011011000101001101001000000001111010001000011100001111000001100111010011100100000000100000011011011010111000011100000000101100000010001011100000101000000011111000010100010000100001100000100000000000000000011001000000011001000
010000001011000011111100100011100101000000100000001010100000100000001000111100110100101001111110001000111001110101010001001110000000100101000010010101000000110101100101001000000100100000000000001110010001100000000000011101001000010011001100
000000000010110000100000000011010000000000111111010001111000010001100011000000110110011010001001000001101000000011000110001110001000100111000011010001000000011111100000100000000100001000001000011100010000101000000000000110100000110011000100
000000000000000000100000000000111100000000000000011100100000010010000011000000110100111110000001000010000010000100000000000000100000000001011010000001000100101000000000000000000101000100000000010100000000100000000100001111000111000111110110
000000000100000100100000000001000000100011000101111101100000010000100000111100110011100010000110000011111111001111010100000001001011000001010010101110000100000000000000000000000001100001000000110010000110100000101011000000000101000010110000
001111000000101001101100001001100111010000100100001000000010000000100000001000000100100000100000000001000000100010100100000110001000000010001111101110000000000000000000000000000011011110000000100010000100010011101000110110000001000000010110
101100101100100001101110000001000000001000000001110001110000000000000000000000011000001001001111000000000110000010100010011010001100000010001111000000000000000000000000000000000001110100000010110001011110100010001000000000000001100010000011
001101111100100001001110001101000001101000000001000101110000000000000000000000001100100101101101000000000010000000001000011000011000000010001111000000000000000000000000000000000000100001001110110001001111000000101100110110000000100011000001
100000100000100011111000001000000111000100000000100000000000000000000000000000001111100110000000000000000001000101100000011011110011000001000001010000000000011011100000000000000000010001111111001000000000100000011011110101000000000011100000
000000001010011001110010101000110000100010000000010000010000000000001000001000000000000000000000000000000010011000000000100010000110110000000000000000000000011101000000000001000000000000110001001110000001001000000011010100100000000011100011
000000000010000011010000001000110000111100011000000001111000001000000100111110000000000000000000000000010110000000100000100000000110110000000001000000000000000010000000110110000000011000100000000000011010001000010010110111100000110000001101
100011000010000011001110101000110000000111110000011000110000001010011011000010000000000000000000000000110000000000100000100100000110010000000001000100000000001100000001110100000000011000100000000000011100001000100110000100111000111111010111
000100000000000111101011000010110000001001100000110000000100010010100001110100000000000011000001001010110110000000000001110100000010010111000000000100000000000000000001100000000000000100100000000000011011100000110101001000011000000011011000
110011010110000100000001000000110010011000000011001000000000000000000000000110111000000000000010010100000000000010100111000111011000001101000000100100000100000000000000000101000111000110100000010000110111000001100010000100000100000000000000
110010000001110010010001000000101111101000000100000000000010100000000000100100000000000011100001000000000001000010010111000011110100001000000000110000000111000001110000000011000010000000010000010000110001000101000000100110100100000001111001
000100000111110100100000011000011110000000000000010000100001000000000001010001000000000001110000010000000010100010000100000001111100000000110000110100001000000010010110000010100000011100010001101000000001100000000000100100100100001110000110
000010000000101111000000001000110000000001101100000000000000000000000000110000001000000010000100111000000010110001001000100110100001011000000000001000011111111100110011000111100010100010000110110000000011000000000000000000001000001100000000
000010000000010101100100000110000000000001010000000000000000000011100000011000010011000001000010011000000001010001001001111110100010010000000000000100110000011000100000000000110110100010000010000110000011000001111000110100011000000000000000
000100010010110110000101000100000111100000100000000100000000000000000000000011100000100000010100000110000000010001110011111111000011000100000010000010111100001000000111000000000000100010000000110111000111000000110100011110001100100010000000
110000010011101100000000011000000110000001000000000010101000000000110000000000001000000000001000101101000000011100100000011100110001000100001111011000000000101000000000100000000000001000000000011001000110000000101100000000111101100110000010
010000011110101000000000011100010000100000100000000001000110000011110000011100000000000000000000100011100000101010001000010000001100000011100100001001001001100000001111000001000000000000000000000010000110000000011000000100000110100110101000
000000000001001100000010001000000001110111000000000000001000111100001000101001001110000000001100000010100000110000000001100000000001001110010010001000001000000010001000001000010000000000000011100000000001000000101000000100111010100001110000
000000000000110000000110001000000001000101010100001101000000110011011000100101000000000000001100011001100010001000100001101111110000000001111010001000000000111000010000001000000000000000100011001000000001000000110011000010010001011100000000
110000000000010000000011100000000000000000000101001001000000000000000100110001000000000000100000011000000000111100101001000001010100011000110000001000000001010000010000000000110001100001000101110100001100000000000010000000010001011001011001
000001111100000011000011110000000000010000000100100001000001000000010101110011001010000000101100000011001000001010001101000001000011011000000000111010011000000001000010011110100000000001000010011100010100000000011111010000100000010111010110
001001100100000011000110101110011000100000000000101110000000110000011010011010101011000000011010001011000010100110000000000000000001011000000000110011101100000011000110000001000011001000100010011000010100000000001000001100001101111101010000
000011000011000000001010001001111000000010000000110000000110001000011001000001100001000000001001000000011010110010101000001011000111101000100000100000101001000100000010000011000000000100001010000000011000000100000010001100000001011101010000
100100000111000000000000000000000000110010000000100001010000111000000010000010011010000000001001110000001101100011000001100110110111000100110010100011111110000100100010000100000000000010001000000110000000111100000001000101110111011101000011
000000010011000001000111001100000000000001000011100000100110001000111011000010011010000000000100111000001000001011111100011000000100010110011010000010101001001000000000000000000000000000000000000110000000011000010010001010001000010100000010
101000101000000111000011000001110000000000000000001110111000110001100000000100000000000000000101101000001101000110001100001110110000001100110111100000000010001000101000000000000000010000000011110010000000011110101011110001000000111110010000
000001100100000110111000000000100100000000000010011110001110001011101000000000000101000000000001010000000100000000000100000100100000001100100010110000000001101000001011000000001000001100000010010010000000000110100111000001001000000010101000
001110001000001011111100000000011100111000001111111100100111001001001100000000000101000001001111100001100010000000000101000001000000000000000000000000001100000000001011000000110100000011001000011010000000000000001100110000111101101000000110
001000001000000010000111000000001100010110001000000000110010011001001100000000000101000100111101000010001000000000000110100011100000011000010001111001101110000010011000001100011000000001100010000110000000000000000110000101100010000000000100
000001010000011010000000100000000100110001001000000000000001000101000000000000001101000100110110100000000010110000000000011101001000010110101100011100111100000011110100010110000000000000001000000001010000001100000100001110100011110000001000
010001010000000110101011100000001100110001000000000000000110000000100001001100000000000010110001110101000010110000001000000000000000010001000000000111000000000011010111000110000000000000101100000001100001001110011010111100010000110000000100
000000000000000001010101000000011000110011001010000000000010011111011100111100010000000001100000001010010000000011001101011000011000010011001100010000000000000101100000000100000000000000000000111111000011000101101001001111010000000000110100
000100000000000000000111010100100000000011000000000000000001011000101100010000100000000011000001001001000111100000000001001101100000000000010010011110000000000010000010000000000101000000001100111111000010001100100000111110001000000000011101
000100000100000001101111000011001000000001011010110000000000100100000000000000010110000011000110000110100010100010100001011111000000000111100000000000100000000001001111011000000100100000000000000000000000001110000000100000001100110000001100
000011011010000011111100100000000100000100100100000000000000011010000000001101000010000000000000101000010000111001100000100000000000011011000000100000000001000001001000111000000101100000000000000000000000111011010000100010100000000000001100
010010000101000011001001100101010110011100000000111000000000000000000000001000000111000000000000100010100000000000110000010000100010000000011111111000000001110000000000010011110011111100000001000000000000000001010001011110101100000000000001
000100000001000000111001000000100010010001000000110000000000001010000000100000111011100000000010100010000000000001110000000000011011100000011000111100000000000000000000000001110011100000000101000000000000000011001010010100101110011000001100
000000000010100000001100000000000110110000000000000000000000000000000100100000000110100000011100100000000110000001000000011000000101101001101010001100000000001101110000000000100011100000000100000000000011000111001000000110110011111000001001
011100110001000000001100000000000110110000001100000000000010000000000110100111000000100000011001000000010000000001000000001000110000011100010001000000000000001100011101000000000001100011010011000001000011110000000000000110110011110111001001
000101100001100100000000000010000110011000010100000000001101000000110110100101000000000000000001000010010001000000000000000000000000000001110110000001110001001000000001010000000001100011001101000100100000110000000000000111000000001000001011
000011100000010010000000000100011001011010010100000111111001000000000001110000110000001000000000000100010000000001100000010100110000000000110110011001010000000001000000111000001110000010010110000100010001110000000000000000000000001000000010
000001100000100100000000000000000001001101100011011000100010000000100000010110001000001000001000000010010001000001100001111000110000000001000000101000110000000000000011000100011010100010001000000110010001000000000000000000000000000001001010
100000100000000100000000000100001110001101000011111010001100000001100101000010011000000000000000001100000000100010000111111000110000000010010000101100011100000100011011100010100000100100000100000001110000000000000000000000000000011010010100
110001110000000000110000000111111011001101111100100000111000000000100010000010010001110100000010100000010000100001001000000000000001000101110000100000010010000101000010110110001010001100000100001000000000000000000000000000011000000001010101
100001101001000000011101000001000000000001000011000001010000000000000100000010000110101100000100000110111000100000011000100110000000100100000000011010001100000100110110100100000010110000000100000100000011000010000000000000111011110000010001
100000101001000100000100000100110100000000011000100000111000000000000011000000001000000001000000000100111001000000000000000001000000101100000000100000000000000001110010001000010110001010010000001000000000111010000000000001000000011000000101
000000110000100011111000000001010111000001100000000011000001110000000101000010001000000001000110001000110000001110011101100110001001001100000001110000100001100000000011001001101010100000000000000000011000000010000000000011011000000100000001
000010000000101001000001001101110010100001000000000011010010110000001101000101111100001001001000000001100000010010000000100000001110000100000000000000100000000000000000110000011101000000000000000000011010000000011000000101010010001000100000
000111000000010000110000000000100010100001110010010011101111110000000010010100010110000100000110000001110110010001001100011000000000110111100001110011000000010000000000000000001101110100100000110110000000001010000000100100010100000000110110
000010000000100001000100100110000010000001100011000000100000010000001110010110110000000000000010000001111100001101001110111000000010001100100001100100000000000000000000000000000000110100000000110110000100001100011000010110011001101100001001
111010110000111001111100000000001110000010010011000000110000001000000000000000110000000001100000000000011000000111000011010000001010000000110101011100000000000000000000000000000000110011100000110110000100010000011000001000010000000000011101
101010110000010000010001100100000010001111000000000001000011110100000000001000011011110000000000000000110001110000000111000000001010010000110111011010000000010001100000001001010010100000000110000000000100000000011000000100100000000000001000
000010000000010000000000100010000000001111011000000001101011010100000000000000001010001000010000000000110110110000000110000000000000010000100111001011000011100011000000001000001001111000001110110100000000011110000000001100000100000000010100
100110000000110000100000011100001110011101110000001101110001100110000000000110001000010001000000111000111000100000000000010000000000001001000011010001000001000010000000001000011011100000110001001100001000010100000000000010000000000000100000
100000000001001000100000111001110110000111000000110000011100000000000000000001110011100010011111110001100001010100000011111101110000000001100010110011000001100000110000000001101000010000100010000100001000001001100000010010000000111000000101
100000000000100001000001000000111100000110000001011000110000100000001100000000010001100001100000101000001000001000000001010110111110000000111011011010000011101100000001100000000000100000100111111000010011111001011100100010000000100111101001
000000001111111101000001111100101110000000000010000000010111000011000011011001000001010100100010110000110000000000000000110000000110000000100001001010000011100000000010000000000000000000000101101000011000100001111011010010000000110110000000
000000011010000101101111011111000010000000011000000001100011010111000001011011100010001111000001100000100001100010000000100000110000000000010011001000001001001101101010010000101010011000001000010000100011011000000000000111000000000000000000
000110011000000100011011000100010110001000100101100000100000000100000000001010000110001101000000000000000010010000001000010011100000000000000011110001001010000011110100110000101011010100000000010001000100011000010000000101000000000110001100
101010001010000100000011000010000100100100101101000100000011101000000000101000000100000100010000000110111000010111100100000001000000000000000011100011111001000001101011000000001010100011000000000000001000001000000000000000000000000000001010
011100001110001100000010000001001000100100001000001000000100001001100000100111000101001101111000000100000000001001101011111110011000000000000010000000010001000000101000000000001001000001000000010000000001010000000001011000100000000011000010
001100000000011100111101000000010001000000110001011010000100001111100000001100001100101100001001000110110000000001101100001101101010100111100000000000011001000000111010001110001110111100000100100000001000000001100000011000110001100000010110
010001000001010000001100100000000001110000000000110011000000000110000000000000000110000101101101000000100000000000010001010000001011000000100000000001100000000000000100001000001000100000000010010000001000000011101000000010000010010000010010
110001011010110000000000100000000001110001000000000000111010001100001100000000001001110101111001000010000000001110000100001000001001010011000001111110100111001110010010001010000101000000000100001100110000000000000001000000000010001010101011
110000000000011010000000100000000000110000001000010110100101000000010110000000001001110111011000000010100000110000000101111100011010001100000010000000100000001101000000000110000101000000000100000111101111000000001000000000000000001100000101
100100010001101001000010100110110000000000110000110111100110000010000001101000000100010010111000000000100100000000110010010100011000000000000111100000001011000101110101100000000101000110000000000000000011101111100001111000000100010110000001
100000000000000001110101000010110000000000010000100100011100100100111100011100000000000000000000010001101000000100100001101000111100000000000111111000110011000011000001010101111110000101000000011000001010000011110000000000010001100001000001
000000100000011000010111101110000000000000000100000100000001110010000000000010000000000000000000111111111000011010101100010011010010110000000000000000011010000010000011011111111101001100000000011100000010000000000000110000001111100110000000
010001000000001011010110010100000000000000011010101000000000001011111000000100011000000000000000000000000101100000100000000010000101111100000000000100001100110001101000111111100001001110000000001110001000001010001000100000000010001000000010
010010000000001010000000011000100100000000011010000000000001001001111101111100111000000110000100000100100000000000000000000000000011111100110000000011100000110100000010110000010010000111100001000110011000010001011001001100000010001010000000
110011110000000010000000000011001000000000001011000000000000110001000000000000000111000111100010001000001000000000110000000000100101000010010000000001100000100011000111000000010010001101100010010000011010100001010011101000000000010000000000
000000000000011100000100000000010000000001000101010001100000000011111000000000110101000111010000000100001000000000100000110000001110000001110000001000000000111111011100000010010011001100000000000000000100110000000000000000000000010000001111
000000011000010000001000101000100000000011100000100000000000000111001110000000000000000100001110000110000000110000100001110000001110000000010000111100000000100000100110000010001010100000000001000000010011010000111000000000000000001010011111
000000011111000000000100000001000000000000010001100000000000000100000111100000000000011000000000000011100011100000000110110000011110000010110001111000000001000111100000100011011100001000000000100011111111100000011000000011000000001011110000
000000010000110000000000000010000000001111110001100000000000000100000011100010001000011000000001000000000001101100000010000000101001101100001101101111100000100010000000001001101100001011000000011000111000100000100000000100100000000011001111
000101000000010010011111100000001000100000010011100010011100001000000010110110000000100000000100101110000000111100010110000010000000001010010100100101000000010000001001011000000010011000000000001000000011000000100000000100001000010001000000
100100001100100010110000010000011000001111010011100000001100000000000001000010101000000000010101001100000100100010110100000001100000100000100000001111000000000000000101000101000101100000000000000111100011101000000000000100010100111110101110
100011000001100010010111111000000001011110110000100001000000010100000000001010001000111110011000100000011010111000000010110100000000000000000000011010000000000000000001100110000001100110000000001100100011001101000000000011000010101111110010
110010110110000010000000011100000011100000000011100000000000000100000001101010100000010110000001110100010011010010111000000111110000000000000000000000010000000000000010100000000001000111010000000000000001010100011010000110110100101001001001
000001100001000000000000011000000001100000000000000000000001000010000100001110000000110010001101111100000010001000000100000101101000011000001100110101010110000001100010100000100000101000111000100000000011011000011110001100000010001110001000
000000000101000000100000101010000000000010000011000100000011000100000000001011111011000000001000100100011010001001110100000000011100100110010001011101000010000010011000000000100011000111010101100001000011111000011000001010000010100000000000
000000001101100000010000100011000000101011100000111101000111000000000010000111000100000000000000110001111101000001110000000000000100000001101101101000011000000011000000000000010000100100000000000001010000000110110010000011000010111000000000
100000101101101011010110111000000000010000010000001100111110000000000000000100011011011010000010001111100100110000111011100000001001000000011000110100001010100101011000000001111001101000001001000001010000001000001001011110001010010111100000
100011010000011001010110001100001001100000010000000000010001000011000000111100000000000101100010101110000010110011000001000000000001011010000111110010100000011010010000000010101100000010001010000000000000000000100100001100000100001000000000
000001100000000000010000001110001010000010001000000110001110010110011001101110001000000000100001101000011100000001111010000110000001111100000110010010001100010000100000001110000010000100001100110000000000000011011110000000000000010000100000
001000100001000101000011111010000100000010010000001011000100111000001100010000001100000000000000000011000010100000100000000100000010100000000001110100011101000010110111001000000000110000001001110100000000111000000010000000000000110000100000
011000000010110110000110101101110000000001000000011010000000100110101000001010000001000100000000000001101101010000011111001001101111010000000000001110001110000101000101000100000000000111000000000111011000000000000100000101000000110110000000
001000000110000010000111001000000000000000000000011010000000100101000110000000100011111100011000000000011101010000000010111111101100111100011000001000110000000000001100100000000000000010011100001000101101110000000000110110100000100100010010
111001100000100100000101011111001000000001101001001010110000000000000000001101101110000000111000000000001110000000011010010001001111010100110111000000111111000000001100100001001111000000000100011011000111000000110000110100010000011100001000
011001101011111000100001000111011000011000010010111010001000001100000100001100110000000000110010010000001100000000010001000000000000001000000100100011010011100010000110000001110000100000000101001000000000000000110110110000100000101000110110
000000001010100000010101000000000110100000000010000001010000010101000100110000000000110000000011000110100100000011110001001110100011110000000000000000011000001111000011110010010011100000100010001111000011000000010101110010100010000001101000
000111111000000010001101100000110100100010000000010000100000100100110110000000000000010001000000010000100100000011101101001000101010000000001001000000100010100000100000000010100001000010000110110101100001010101001101011001000001111111110000
000111001010001101000100100000100110000011100010001100000000100001110110000000001101000001111100000100100000000000100010010010001111110000000101000000011001110000000000100001000000000110100100010001100000001010100011011101000001001010100000
011000000000000100011000000000000011000000010010001100000000000100000010000000000011111001000010001000101100000011000011010100000000010000000000000000001100000001100010000000000000101010000111000110110000001000000000000000010000110000111000
100001101000000100011100000000000000010111111110000010000001000100001000000000000001011110000010000011111100000000000010101100001111100000000000000000011011000000001100000000000001010001000011000110110000110000000000000010010001100001000110
000000000111000000000000010000100000000101110010111100010010000010011100010000000000000010000110000100001100000100000010000000000001000000000000000000000111000000001000000000000010110110000000000111110000110100100000000001100000100001000000
001000000001000001101110010000111110011000000000101000000001000001010100110001000011001111110000001101101000000010000011000110001111001101100000000000000101000010101010000000001110101100000000001001001110000101110000000000000000010100001110
000011011000000100100100100000001001111000000000000001110000001001001101100011100101110100000100000100000011100000000000000100001111111101100010100000000010100010000010000000000000010000000100000110001100010000000000000000000000000001001001
000000001111100001000000000000100000001111101000011000110000000000000000101001100001100000001100001100001111000000000000100100000100000001001000100000000110100000000001100000000000001110000001000010010001010001100000000000001100010100001000
111100010010100001001000000000010010000100001101111000110000000000000000011101100000000000001010001100000100100000011001001000000011111110101110000100010110110010001011100001100000001000000010000000001111110010111110000011000000011000011001
010100110000000000001000000000010000000001110001110000111000001110000000001001110000000000000011101101000001100010111000010010000010000110001000101100000001000001010101100001010000000111001010100001011110000001111001000011000000100000010000
100100110000101110000000000000000000000000011001000000011100001000000000000000100000000000000011000110011000100101100001000000000001011000000111111010110100000000000000100001000000000100000011110011100000110000001111100011001000001110010101
010100001000110001110001100000000110000000000000100000001010001010000000000001101000111000000100000100100000001000100001000000001101001000000000111100011000000000000111110000000000001000000101010000000000110011000101100011101000111000111000
010001001001001110000010110000000100000000000010011000001110000000000000000001110000111001000110000000111110010100100000010100001100010001000011000000101110111000000100010000001100000100000100111000000000000111111111000011110000000001001000
010001010000000000000110010000000011001111100001111000001110000000001100000000000110000001100000110011001100010010100001001000000000000111000000000111000000111000000100110000000010000010000100001001000000000111111010000000001100000000000000
010001001011101100000110001000000001001000010000010010001011000110010110000000010000100100011101011001011111010001110001101000001000000010000000100000000000110000000000000000010010000001000110000000100000001111011011000000001010000001001000
000110000001110000000010000001100011101000000000011011011001000100001011100000011000000011001000100000000011010010000001100000001011000000000000000000000000010010000000001000001011000010000011011100010000001001000011000000000011000000111000
010000001100000000000001000000001110000100001000011011010110100100001100100000000001000010100000111100000001000001001110001100010000000000010001100000000000000010000000001000000110100100000001011100010000001100001011000000000000000000011000
010110010000000000000100010000011110100100011000000101010001100000000100000000011000000000001001001101001000110000110000001110100000000101100011000000011011000011000000100111100000100110000000000000100000000000101011000000011000000000000000
000100011010000010001101110011000100110011100000011000010011000000000000000000001100000000000110101000100000011001000110000001100000000101000000000000001101011101000001101100101111000000000100000000000000100000101010000001001100000000000000
010011111010000110001101100000010100100010010000101000000011001100000010100000000001110000101010100010011000111000000010000110100010110001001100000000110000001010000011001010101110000000110000000000000000000001101000000010001000000010111000
010101100100000100000110000000010111100001110000101001111101101100000010101001000001101001010100100000000100000000000101000110100010100010100000000000110001110100000000001110001000000000110010110000000000000000001000000001010001100101100000
001101101010010000000000001100000111010000000000011000010010010010000010000011100000100001010111110010001001000100000011100000000100100001000000000000100000001000000000000110000110000000000101111000000011100000001010100000100010101000100100
001100100000010100000000001100001001001100000000011000010000000000000000001000010001110101001010001000000111111011000001100001010100000010000000000000010000000111000000000010001001000010001000011010000000001000011100110000000110000111011000
111000100000111000000000000100101110000000000000001011000000000000000110110000100000110011000000000010001011000000000000001101000011000011110000000000001000000100110000111100000000001100111101101000000010010110000000000000000110000010110000
001000001101110010000000001110100000000000000001011010000001000001100011000000000000111000000001000100001000001001001100001001000110000100001000010000001000000000000110010000000110000101011010000110010111110010000000000000001110000001110001
110000010000000111110000001100010110000000000000100000000011000001000000000000000000101010000001000111011000001001110100000000111100001001111000010001101000010101001010100000000000010001001000001000101100001110000000000000001100000000100001
000000000001000000001000101100100001000000010000100000010000000000010100000101000000111000100010111010011000000100100100011001010010001000001000000000100000000100100100000000000000000001000000001111100010000000011000000000000111000110100000
000000000000100010000111001000100000100011010000100000000000000100001100000000100001001111000010001110111000000000101100101000011100011110111100001101100000000000001100000000000000000010000000000000000011100000001001100000000010000010000000
000000000000101111111111111100101010000001010110110111110000001000111100000110110001001000100011000111100000000010100000000001100000001100011100001100100011100101101001101100000000101100000000001101000011110000110001001101100110011000000000
111100001000010100000001010100011010110001110000001011010000001000000000000100110001100011100011000100100001000110101100000100011000000000010000000000000011100010000101101110001100010000000000011010101001110000000000000000100110000000000000
100100001000100010001111011011000010110000000000011011010000001110000000001001000010111100100011001101100011101010010000001000111000001101110000001110000000000000101011000010010000000000000000010000101100001000000000000000000000001100000000
010000000100100010000000001011011000000000000000000110001000110010000000010001000001101000000010000000000001101111010000001000000100000001100000001010001100000000100011000010000000000000000000000010110110000110000000100000110000000000000000
111000000000100010000110000000000100001100000011110010000010000100000000010000000000001000011000001110000000000101000000000000001001000110000010000000000000000000000011100110011010110000001010000011110100010001000001010010000000000000000000
000111000000111100010000001110001110000011001001100000100000100000011111000110000001011001110000000000000000000111000000000010001001000100001110000000000000000000000000000010000010001000010010000001000000000000000001011000001111000000000110
000111000000010100011000011100001010001101000110000001100100001100011010010100000011010011000000000000100000011011000000000000100000011000001000011001100001110000000011111110001000000110001110111000010000000001000000100001000010000000001001
000011010110100100100001000100000010000100111010110001001000011100001010100000010001000011000000101010001000010010001110000000000010010000000110110011101101000011000010010110000111100000001001100000110000111011000000000001000000000010001010
000001010010000010010000000011100010001100001001110001001011001000001110001000011000100001100000000000001000000010010001100011000011100010000101111110011101110001100000110000010110000110000100101101100000000000000001100001100000000101000000
000011100010000000001100000010000011010110010000000001110011110000001100011000011000001000000000100000000110011010100000000011011011001101100111011010100000000001100000001110011000000000100000100001000000000000000010000001000010001101000000
100001010100010010011000000010101101000010001000001100000010010000001100010001000000101000011100000011100110010000011100100100101111111100000010100000100000110000000000000101001101100101000110010010000000010001001100000010000000001100100100
110000000000010000011000001101001100010100001100000000110110000000011101010001000000010000011000000100000101100110000001110000010011111100010001000011000000011001100000000110001101000011010000010010000000000110101110001100000100000111111010
110000000000011000001011000100111001000010001011011011011010100000100100000010000000000000000011000011101100000010000000100000011000100010100000011010000000110111000011000000000101000001000000000100000000101010000000011001100110001100000001
110000000000010100000111001110100010100010110110101010011000100000000000000001000000000000100001100001101100000001011000010000001110000010100000000010000000010111000011100000000000100001100000000011001001101111000100110000010000000000001000
000000110000001110000110001100011111100001000000101010111010010000000010000110101110111001000111000000010000001111000001110000000110000110100000011100001110000111100010100000000000110001100100000100111010101000011100000000001000000001101100
000001001000001110000100000000011001000000000000000100110010001000001101100001000101000101000000111000000000000001010000100000000000000100100000100100000110000010100000000000000111101000000110000100010010000000000000000000010010000000000110
011101000000000101000000001001010001000000000011101000110001001000010010011100000011000011101000111100000000000000001100100000000000000111000011111110000110000100000000000001011110100000000000101000011111000000100000000000010110000000000001
101000001000000001000000000110000000000000000001000100000000010000000000001000000000000000100000010100000000000100100101000011111000001000010011100110000110001110000100010001111111000000000110001010000011000011100000100000110000000000001101
001111010000010000100000000111110000000000000000001000111000000000010110000000000100000001000000000000011100001111000110000000111100000000100000001010000011100000001000001001010000000000000001101000000011100010000011111000110100000010000001
111000010110100010110000001001101110000000001100000001000110000000000000000000011000000000100001000000000100001101000110000010000000011000100001011101000001100000010001110000101000000000000000001000000011100011001111001111000000100110001101
000100110100010001000000000010001000000000010000100000101111000001000000101000011000000001110011000000000000000000000110000110110101001000000000000001011111101001010011100000111000000000000000010111100001110000011001000010111000000110001111
110000010000110110000000000000000101101000100000100000110001000110111001101000010111000001011101000001001000000000000000001000111001011000000100000111111010110011001000000000010001000000000000011010100001100000100111011110000000110111101101
000100100001110101100000001110000010000100101101000000011110001000101011101000000011100000110000000110011001000010000000000110000000011000000011000100001011100001000000000000000000111000000000001010110001010000001000000011000110100011110100
000000010100000011100000001010000001101000100000100000101110001000010000011000000001000000000101000000101110101101000000111100000000011011000010010000000100000001010011000000011000000110000000001010110001110100000010000000000101010001000000
001000111100011000000000011011000000010000110000110000100001000001111000000100000011100000000100101011000000110000000000100100000000110000100011000000000111100010011111001110100000001110000000111010110000111010101001100000000101100000100000
011010011100011000011100010100000000000000110100000000000001001101100011100011000000000000100000100011111000000000000000100100000000001110110100000000000100000000011000000001100100001000000000110011111000000001101010000000000000000000010001
110000000000011000010000010000000000101111010100000000010001000100000011100110000000000001110000101100111000000000000001111000000011000000000111000000010010101000000001110010100000001000000000000011000001010100011010001010110000000100000000
000000010111101000001001100000000111010001100000001000101100001001000000001010000000010010101000001101011111000000000010001000000110010100111110000000111010100000000010000001111000010111111011100011001001010110001001001010110001100000000010
010000011111000101111111100000000001000001000010001100100000001111110001001101000000000001011100011000100000100000000110000000000111000000000010000000011010000000100001101010110000100000111011110010001100100000000001001001100001011011000000
100000011000001101001011000000000001100110000100000000010010000000110001101011110000100000010010000111001000000000000010100000000001100010111100000000001100100001010001101001010000110000100010001000101111111100000000000000100000110001010101
000000000000000000000110000000000110000000000011000000010111001110011100001100100011100000010001111010010000000000000000010000000001100111111000000000110111000001011000001001000101010000000011110000100111111000010011100001010011000011110001
000011000000000000000000000000000110010000000001010101010101101100000000101110100010100000000111100000100000000000100000010010000000111100100000000000110010000001000000000101100111110110010000011100010000000011011101000000110011110000100001
000011100000001110000000100000000101010110000011011001000100000010000011010000010011000000000100000000000100100000010000011000000000001101000000000000100100000001000000000100000110110100100000100001011001011010011110000000010110000110101010
001111000000000010000001111000000011000110000001010001011000000000000000100000010111100001100100100001000010001000010000010011110100000001000000000000010100000000000100000011000000100011000100100111101001010101110011000000000000000010111101
001000000000100000000000001000000101000001000000100001010000000000000000010000011000000000011000001111001001000001100000011101010100000110000000000000001000000000101010000001100000010100000011011011011000010000101111000000000011000011100110
001000000000001000001111111101011001000000010000000000000000010100000011010000010100000001000000011111110001100100100000010000111000000000000000001111100000000001010100001000010000000001110000100001011000001000000010000000010101000010000011
001000000000110000001000001001000100100000010000000000000000001100000000010001101001011010110100000000000100111000100000010111000000000000010000000100110000000000011100011000010010001000110000000010000000001001000000000000011110000000000011
100000000000000111100011111011000001111000001111000000000000001000111111001110000011000010011001100100000000110000010000001111110100000000100110000100110000000000001100100001001000001101110000000010001100100000100000000000011100000110110000
000000110001000001010000001001001110111000001111000000000110000011101110000101000100010110010011100000000000100000000000000000001100000001110000100001010000000000010010111100000111010000000000011000000001000000110000000001000000000000000000
011010010001000000000100100000100000011000010001000000010111000110100100001111010010100010000000000000000000110100110000000000001000000001000001100000000100011000001110011111000000000000110000110000000000000010110000110100000000011110101000
011000010001100100001101001000000000000000000000000010000111010000101000110100000001000010010000011110000001000000110000000000010000000000110001111011000010000100000111000000000010000000000110110000000000000001111000100001000000110101100000
101100010000000000000111111000000000011100100100000010000101100100000100110001011000000011110000111010000000010101000101110000100000111010111000011010001000001100010011000011010000010100000100100010000001101001110101000101101100100001000010
000000010000110001010110001000001110011100111000000100100000100100100011010111101000000001110110001110010110000101001010110000000000110011000000000000001000010010010010100001010000110000000000001101111101100000100000000000001100010000000010
100001010011001000100111000000001001000000110000000001110000001000101011000100100100000111001110000000011000100000000110100001100000111000000000100001000011100010000010100000100000000100000000101101101001000110000001101011000000000000010110
111001011000011000000001000000000000100000000000000100001000000000011010011000100000001011000011010000001000000000010011000001100000000100000000000000000000100000100010001000001000101110111000000000000111100001100001110000111111000010000001
111100010000000000000000010000000000001000000000001111101000001100100010000111001000001000010000010000111000100100001010000011000001100000001101000000100000100000000010001000001010000111000011000110001110010000000100110000001000000001100000
000000000010000000000010010000000001010000000000001010100000011000100000011000001001101000110100001000100011000110000100000000110011010000001010100000000000100000000010000000001010000000000101000000011100000000000000100000111100000000000000
001100010000110001100000000000000011010010000000111101010011001011011000000000000001100000100000001000100110000100000000000000000011010101000110000000000000100000000010000001100100011000000100001000011000101000000100000000111110000000000000
011000000111111010010010100000000000010111010000100000010011101001000011000111000011000000001110000000000010110000000000000000000011011001100001101000000100100000000011100001101000000000001101001111000100001001011000010010110100000000000000
010000111110011000010001000000000000000101100011011000001100101001000000000000001101110001000011111010000001110010001100000000000010011101100000011001001111000100000000000010001000000000010101111000100000010010010100000000000000000000000000
000000000000001011100000010000000000000111100000100000000011101001000000000000010001100100100101000101000000100101001001000000000010001101010100000111101000000110000011000000000011000000010011000000000000000001010100010000000000000000001000
000000100000001001000000101000001000011000000010100000001001010001000000000000011101100000101010100011000000001000000000000000000010011100000000000001100000010011011110000010000010000000011000000000010000000000100010000000000110000000001111
111111010000000100000010000000010100011000000000000001111101101001000000001110001001100001011101000000000000000111001000000000000001000000000011000010000000000101100001000000010011000000001111100001110110000000000000101000010110000000000100
010100110000000111000011011000100000101100001100110001101011100000000000001000000011000001000100000000010001110010000001001100010100000000000111000111111011000001000110000010000001100100101111101100001000001100000000000000010000001011000010
000110000000000000000011000000110110110100011000000001101010010110000000001100000011111000001000000000010000101100001100001000100000010010010111011100111010000000001100000110000010100000001000000110000000001110001100111000010000010000100000
000100101110000000000011100001000101001000111000100000101011100000000000001100000110011000010000011101100000010100001000000100010000010010010000011110000010000000010000001100001000001001100100000110011000000000000110000001000000001000100000
000010011101000000000011100010001111100000001001100001100010001100000000011000001011100000100000100101011000011000000000000010110001011001100000000110000000011000010000001000101110001100000000001100100000000111010000000000000000100101000000
100011100001000001110000111010100000001100000010010001110100100010000010111000011011000000000000110000000000001000000000000000000001010100000000100110001100011001110000001010110100001000000000000000100010110000000001100000000110001110000110
010001111000000111001100111101000000000000000101000010101110110100000011100000011110000000000000110000000010010000000000000000001110010110000000100100010000000001110000001000000000111000000010011100000010110111010011100000111000010000000100
010000011100001111001000110000000001011001011101011000000001101000000010100011001110000000000000011000011100110000111101100000001010100000101101010101000000001111101000000100100000100001000010100110000000001100110000000000011100010000000000
000000000000001110001100101010001100001010000000110000000000000000000000000010001001100011001010001000110111100000000100010000000000000000100011101001000001011100010000000100100000010000100100000110000000000000000000000000001100000000000010
111111000000000000001010000011011100000011000000000000000000000000000000000000011111101111111001000000100101000100110100001101010000000000001000001010000001010000100110000010001000010000000010100000010000110000000000000000010110000000111000
000101000000000000000110000001110000010001000000000011110000000000111000000110000100001111110001000001000100000010010001101100000000000000000000100000011001000011000000001000011100001000100001100000110000110000000000000000111010111000000010
000010000000000000010000100011001000011101000000001111010000000001001100011011110000010000000001000011000100000011101000100101000000000000000100011100001011000000000000010000010000001111000001100000000001110000000000000001001111011000110110
000011011100000010110000000010001000100011110000110000010000000010001000000110010000000000001101000001010000010100101000011000000100000000000100000011001010000000000101010001100000001000100110100000000000000000000000000001011000000000001000
000011011010000011101110000000001000100000110000000010010001110000000110010110000000110000000101000101001001111011101100000100000000000000110010011111000111000000000011100101100000001110000110100011000010000000000000000001010000000000000000
100000010001000001000000100011011000000001000110001011011010000000110000011110000000000000000110100000000000001001101101110010000010000011111000000000011011000000000000011001100000001100000111000111000011010000111010000001100000000001100001
000100000110000001000011110000100010000010000000000111100101010110000001111010000000011001110000101000110000010000000101010110011011000011111000011000100000000000000000010101000000110100000101100000000011001000110010000001110100000001110010
000000100000001001000101000000010010000010000000010000001100000111000010011110000000001000110000000100001000010000000000111000011011000100100000011000010000100100000000001001100000111000001000010111000010001000000010000000000100000010001100
110010100000000011000100000000010100000000000001101000000001100101001111011101000000000110010110111001010000000000001001101110000000000001100111010001011000010010000000000001010000110001000110000111101010000110111000000001000101000111000001
010010010000000000000001110000010000000010100000011100000010000000011100000011000000011000010000000100001000000000011100111110000000000000100011100011101100010100000000011111110000000010100011100000011000110000110000001000000001100100001100
100000010000000000000011001000100010000100001001011100000000101011011100000011000110110010010000000111000100010001100000000011110001100000101101111110110100000110001010111100110000001111110000000000010111000000111001111000100110010011100011
100000010000000000100111011000010110000000000101000000000001100011000000111111111000000101111000000010000011000000100000000100011000000110110000001110100000001011000010110000000000001100010000000000001110100010010000010001000010000001100001
000110100000000001011000010111100000000111000010000001000000010010000000111111101000100010110000000000001001100110100010000000100010111101100000000000000000001001011000100000010000010101011000000011111001000000011100000111000000001000000000
000110100000000010011101001001111100000000000000000011101000000000000000100000000110010000000000000000010001101010000010001000000111100001000000000000001010000001011110110011010001100000011000000000001110000000001010001011000011011000000000