000010000000000000000000011011101111010100000000000000000000000000000000100100000000000000000000000000000000000000000000000000000000000010100100000000000000000000000000100010000000000001010000000000000000000000000000001101000000000000000000
000111000000000000000000000000101111011100000000000011100000000000000000010110000000000000000000000000000000000011000000000000000000001010011000010000000000000011001001000000000000000000101100000000000000000000000000000001010000000000001000
000110110000000000000100000000001100010000000000000000000000000010010000001110000000000000000000000000000000010001100000000000000000000100000000001000000000000001101011001000001000000000001110100000000000000000000000001001010000000100010100
000110110000000000001010011100010111000000000000000100011000001000001000000100000000000000000000000000000000001101000000000000000000000000000000101000000000000001101000001100100100000000000111100000000000000000000000000110000000000010010100
001100000000000000001100001100010100010000000000000010011000010000000000000000000000000000000000000000000000001010000000000000000000000000000000010000000000000000010001100011110100000000000001000000000000000000000000000000000011000110001000
000000010000000000000000100110000000001110000011000011011000010000000000000000000000000000000000000000000000001100000000000011000000000000011000000000000001100000000001000101010000000000000000000000000000000000000000100000110000000100000000
001101100000000000000001000100010001100111000011000000000000010000000000000000000001100000000000000000000000010000000000000011000000000000011000000000000001100000000000001011100100100000000000000000000000000000000001010000011100001000000000
001100000000000000000000100000000001010001000000000111100000011011010000000000000010010000000000000000000000000101100000000000000000001110110000000000000000000000000010110000000011111110000000000000000000000000000001010000011111110000000000
011000000010000000000000000000001101101100000000000111000000001100100000000000000010100000010000000000000000000011100000000000000000001100100000000000000000000011000000101000000000001110000000000000000000000000001111100000000111100000000000
000100100001000000000000000000000010001000000000000110000000000000000000000000000001000000100100000000000000000010000000000000000000001000000000000000000000000000100001101000000001100101000000000000000000000000100001001000000010000000000000
011000000000000000000000000001100000000000001100000000000000000000000000000000000000000000100100011000000000000000000000000000000000001000100000000000000000000100010000111000000000111000000000000000000000000001000000010100000000000000000000
000000110000100000000000000010011000000000001100000000000000000000110000000000000000000000111000001000000000000100000000000000000000000001000000000000001100001000001000000000000000010100000000000000000000000001000000000100000000000000000000
000000000000100000000000011001000100000000000000000000000000000000101100000000000000000000000000011000000000001100000000000000000000010010000000000000001100001101001000000000000000100100000000000000000000000001110000111000000000000000000000
000000000000110000000000000010000100000000000000000000000000011000001100000000000000000000110110000001100000000000100000000000000001011001000000000000000000001010001000011000000000011001000000000000000000000000000000000000000000000000000000
001000001010101000000001101000100100000001000000000000000000011000101100000000000000000000110010000001100000101111000000000000000010000000000000000011000000000101110000100100000000000010100000000000000000000000000000000000000000000000000000
001010010010101000000000000000011000000001000000000000000000000000110000000000000100000000100011000000000000000111100000000000000001001110000000000011000000000000000000010100000000000111000000000000000000000000000010000000000000000000000000
001010011100010000000000010000000001100001000000000000000000000000000000000000000100000000010010000000000001110000011100000000000100001000000000000000000000000000000000001000000000000110000000000000000000000000000101000000000000000000001100
000000000000000000000001000000000001100000000000000000000000000000000000000000000100000000001110000000000001010000001000000000001110000000000000000000000000000000000000000000000000000000000000000000000000000000000110000000000000000000000000
000000000000000000000000110110000000000000001000000000000000000000000000000000000000000000000000000000000000010000000000000000001110000000110000000000000000000000000000000000000000000000000000000000000000000000000000000000000000000000000000
000000000000000000011000000000000000000000010100110000000000000000000000001100000000000000000000000001110001010110000000000000000000000001000000000000000000000000000000000000000000000000000000000000000000000000000000000000000000000000000000
000000000000000000100100000000000000000000010100110000000000000000000000011011000000000000000001100010001000000101000000000000000000000010111000000000000000000000000000000000000000000000000000000000000000000000000000000000000000000000000000
000000000000000000110110000000000000000000001000000000000000000000000000011001000001000000000001100010000000010001100000000000000000000100100000000000000000000011000000001100000000000000000000000000000000000000000000000000000000000000000000
000000000110000000010000011100000000000000000000000000000000000000000010000111000011000000000000001101000100110001100000000000000000000110000000000000000000000110100000001100000000000000000000100000000000000000000000000000000000000000000000
000000000110000000001110000100000000000000000000000000000000000000000010000000000001000000000000010010001000010011100000000000000000000010000000000000110000000110010000010000000000000000000001010000000000000000000000000000000000000000000000
000000000000000000000100110000000000000000000000000000000000000000110101000000000000000000000010010110001000011011000000000000000000000000000000000000110000010110001000010100000000000000000000001000000000000000000000000000000000000000000000
000000000000000000000001010000011000000000100000000000000000000000110000000000000000000000000111111111111100001110000000000000000000000000000000000000000010000011010000110110001100000000000000110000000000000000000000000000000000000000000000
000000000000000000000001100000010100000001010000000000000000000000000000000000000110000000001111100010000100000100000000000000000000000000000000000000000010000101000000110100001100000000000000000000000000000000000000000000000000001000000000
100000000000000000000001000000100000000011011000000000000000000000000000000000001110000000010000010001110100000000000000010000000000000000000000100000000110110011000000000100000000000000000000000000000000000010000000000000000000011110000000
010000000000000000000000000000111000000011000100000000000000000000000000000000000000000000110010001111001000000000000001111000000000000000000011011000000011000100000000000100000000000000000000000000000000000111000000000000000100000010000001
011000000000000000000000000000110000000001000010010000000000000000000000000000000000000001110101000110011100000000000001001000000000001100000011011000000000000000000000000000000000000000000000000000000000001111100000000000000100111101000001
010000000000000000000000000000000000000000000011010000000000000000000000000000000000000000110010001010010100000000100000000100000000010010000011001000000000000000000000110110000000000001000000000000000000011000110000000000000100001000000000
000000000000000000000000000000000000000000110000110000000000000011000000000000000000000011110000001110011100000011000011111000000000010100000000110000000000000000011100000001000101100001000000000000000000001000111000000000000010001000100000
000000000000000000000000000000000000001010000100100000000001000010100000000000000000000011101111001110011000000000010110001000000000001000000000000000000000000000100100001001001001000001000000000000000000000100111000000000000001001000000000
000000000000000011000100000000000000001111100000100000000010100001000000000000000000000100100111000000000000000000100010000000000000000000000000001000000000000001000000010001001000010000000000001000000000000000011000000000000000010010001000
000000000000000011001010000011100001110000101011000000000010100000000000000011100000000011000010000000000000000110000000000000000000000000000000100100000000000001000000010110111011010000000000011100000000000000110000000000000000000011001100
000000000000000000000110000000000000101111000100000000000001000000000000000000000000000100000000000000000000010010100100000000000000000000000001100000000000000001011010100000010001100000000001101011000000000000000000000000000000000000011100
000000000000000000000000000000000001110100000000000000000000000000000000000000000000000000000000000000000000111000000100000000000110000000000000100000000000000000010111000010010000000000000000000011000000000000000000000000000000000001110000
000000000000000000000000000000000000001100000000000000000000000001000000000100010000000000000000000000000000111111000100000000001001000000000001010000000000000000011111000011100000000000000010000000000000000011000000000000000000000000000000
000000000000000000000000000000000011001000000000000000000000000010000000000000000000000000010100100000000000000110000000000000000110000000000000000000111000000000001101001000000000000000000001000000000000000011000000000000000000000000000000
000000110000000000000000000000000001111000000000010000000000000011100000000010100000000000100011010000000000001010000000000000000000000000000000010000111000000000000100001001100000000000000000100000010000000000000000000000000000000000000000
000000110000000000000000000000000000101000000010000100000110000000000000000001000000000000010010100000000000001100001000000000000000000000000000010000110000000000000000001101100000000000000000000100100000000000000000000000000000000000000000
000000000000000000000000000000000000001110000001100100000110000000000000000000000000000000001100000000000000000111110000000000000000000000000000000011100000110000000011110001100000000000000000000000000000000000000000000000000000000000000000
000000000000000000000000110000000000000000000000111000000000000000000000000000000000000000000000000000000000000000000000000000000000000000000001110110111000011000000010000000010000000000000001001000000000000000000000000000000000000000000010
000000000000000000000000010000000000100000100000000000000000000000000000000000000000000000000000000001000000000000000000000000000000000000000000000111001010111000000011000001101000000000000010000001000000000000000000000000000000000000000010
000000000000000000000000010100000000100000100000000000000000000000000000000000000000000000000000000001000000000000000000000000000000000000000000000000000010111001100000100001001000110000000000000000100000000000000000000000000000000000000000
000000000000000000000000001100000000100000100000000000000000000011000000000100000000000000000000000000000000000000000000000000000000000000000000000000000001110001100001000000110001001000000000000000010000000110000000000000000000000000000000
000000000000000000000000000000000000000000000000000000000000000100000000001010000000000000000010100000000000000000000000000000000000000000000000010001000000000000000111000000000000101000000000110000000000000110000000000000000000000000000000
000000000000000000000000000000000000001110000000000000000000000111000000000110000000000000000100100000000000000000000000000000000000010000000000100000100000000000000100000000000000010000000000110101100000000000000000000000000000000000000000
100000000000000000000011000000001100000000000000000000001110000010000000000000000000000000000100100000000000000000001100000000000000010000000000010001000000000000000000000000000000000000000000001110000000000000000000001100000000000000000011
010000001000010000000100110000001100000000000000000000000000000100000000000000000000000000001001000000000000000000010010000000000000010000000000000010000000000000000100010000000000000000000000000100000000000000000000001100000000000000000010
110000011110001000000110110000000000000000000000000000000010000000000000000000000000000000000101000000000000000000001100000000000000000000000000000000000000000000000000001000000000000000000000000000000000000000000000000000000001000000000010
000000101110000000000010100000000000000000000000000000000011000000000000000000000000000000000000000000000000000000000000000000000000000000000000000000000000000000000011001000000000000000000000100000000000000000000000000000000001000000000000
000000100000010110000010010000000000000000000000000000000101000000000000000000000000000000000000000000000000000000000000000000000000000000000000000010000000000000000001001000000000000000000001010000000000000000000000000000000001000000000000
000000010001001100000001110000000000000000000000000000001000000000000000000000000000000000000000000000000000000000000000000000000000000000000000000101000000000000000001010000000000000000000000000000000000000000000000000000000000000000000010
000000000011011000000001100000000000000000000000000000010100000000000000000011000000000000000000000000000000100000000000000000000000000000000000000101000000000001000000000000000000000000010110000000000000000000000000000000000000000000000110
000000000010110000000000000000000000000000000000000000010000000000000000000011000000000000000000000000000001111000000000001100000000100000000000000010000000000001000000000000000000000001100110010000000000000000000000000000000000000011000000
000000000010010000000000000000000100000000000000000000001000000000000000000000000000000010000000000000000010000000000000001100000001010000000000000000000000000000000000000000000000000001000001010000000000000000000000000000000000000110110000
000000000010100000000000000100001010000000000000000000000000000000000000000000000000000101000000000000000101000000000000000000000001010000000000000000000000011100000000000000000000000000000011011000000000000000000000000000000011000000000000
000000000100100000000000001010000110000000000000000000000000000001100000000000000000000101000000000000001110000000000000000000000000100000000000000000000000000000000000000011100000000000000000111000000000000010000000000000000100010010110000
000000000111000000011000001010000000000000000000000000000000000010010000000000000000000010000000000000001100001000000000000000000000000000110000000000000000000000000000000000100000000000000000000000000000000101000000000000000100000100110000
000000000010000000010100000100000000001110000000000000000000000001010000000000011100000000000000110000000110010000000000001100010000000000110000000000000000000000000000000001000000000000000000000001000000000000000000000000000100000000000000
000000000000000000001000000000000000011101100000000000000000000000100000000000000000000000000001000001000011100000000000001011010100000000000000000000000000000000000000000000000000000000000000000010001010010000010000000000000000000100110000
000000000001100000000000000000000000010110000000000000000000000000000000000000000000000000000001110010100001000000000000000010000110000000000000000000000000000000000000000000000000000000000000000010111100010000011000000000000001000100100000
000000000001100000000000000000000000010000000000000000000000000000000000000000000000000000000001101111000000000000000000000000000100000000000000000000000000000000000000000000000000000000000000000001111011000110101000000000000000101000000000
000000000000000000000000000000000000000000000000000000000000000000000000000000000000000000000000011110000000000000000000000001111000000000000000000000000000000011000000000000000000000000000000000000000010000000000100000000000000000000000000
000000000000000000000000000000000000000010000000000000000000000000000000000000000000000000000000001100000000000000000000000000010000000000000000000000000000000011000000000000000000000000000000000000000010100000000100000000000000000000000000
000000000000000000000000000000000000001101100000000000000010000000000000000000000000000000000000000000000000000000000000000000000000000000000000000000000000000000000000000000000000000000000000000000000000100000000000000000001110000000000000
000000000000000000000000000000000000000000000000000000001000100000000000000000000000000000000000000000000000000000000000000000000000000000000000000000000000000000000000000000000000000000000000000000000000110000111000000000001001000000000000
000000000000000000000000000000000000010000010000001100001000010000000000000000000000000000000000110000000000000000000000000010000000000000000000000000000000000000000000000000000000000000000000000000000000110000000000000001010001100000000000
000000000000000000000000000000000000001000100000001000000000110100000000000000000000000000000010101000000000000000000100001110000000000000000000000000000000000010000000000000000000000000000000000000000000010000000000000010111110110000000000
000000001100000000000000000000000000000010000000001000101000000011000000000000001000000000000100101100000000000000000100010010010100000000000000000000000000000010000100000000000000000000000000000000000100100000000000000110011001100000000000
000000001100000000010000000000000000000000000000000100111111110100000000000000011000000000000000000110000000000000000111011101010000001010000000000000000000000010001010000000000000000000000000000000100000100000000000000110110001000000000000
000000000000000000111000000000000000000000000000000000110001110000000000000000100100000000000100010100000000000000000011111100000011000110000000000000000000000000001001000000000000000000010000000000010011100000000000000010010000000000000000
000000000000000001111100000000000000000000000000000000001100000000000000000001110000000000000001111000001000000000001101000100011000000110000000000000000000011000000110000000000000000000101000000000001110111000000000000111010000000000000000
000000000000000011000110000000000000000000000000000000001100000000000000000000100100000000000000010000001110000000001101000000011010000000000000000000000000011000000000000000000000000000001000000000000100101100000000001100000000000000000000
110000000000000001111100000000010000000000000000000000000000000000000001000000100100000000000000000000010110000000000010000000000100000000000000000000000000001100000000000000000000000000000100010000000000000010000000100011100000000000000000
110000000000000000111000000000101000000000000000000000000000000000000001000000011000000000000000000000000000000000000000000000000000000000000000000000011100000000000000000000000000000001000111100000000000011100000000100011100001111000000000
000000000000011000010000000000101000000000000000000000000000000000000001000000000000000000000000000000000011011100000000000000000100000000000000000000010000000000000000000000000000000000100101100000000000000100000000000000000001001100000000
000011000000101000000000000000010000000000000000000000000000101000000000000000000000000000000000000000000011101000000000000000001010000000110000000000010100000000000000000000000000000000000000000000000001000110000000000000000010010100000000
000101000001110000000000000000000000000000000000000000000001101100011100000000000000000000000000000000000000110000000000010000000110000001001000000000001100000000000010000000000000000000000000000000000010000001000000000000000000100000000000
000100000000010001100000000000000000000000000000000000000000101000000000000000000000000000000000000000000000000000000000100000000000000000101000000000000000000000000010000000000000000000000000000000000001111010000001000000000000000000000000
000101000010110000110000000000000000000000000011000000000000000000000001000100000100000000000000000000000000000000000000111000000000000000010000000000000000000000000010000000000000000000000000000000000000001000000001100000000011000000000000
000011000001100010110100000000000000000000000100100000000000000000000001001010001010000000000000000000000000000000000000000000000011100000000000000000000000000000000000000000000000000000000000000001100000000110000010110000000000000000000000
000000000000000010111010000000000000110000000100100000000000110110000001000110001010000000000000000000000000000000000100000000000011100000000000000000000000000000111000000000000010010000000000000010010000000110000000110000000000000000000000
000000000000001001000001000000000000110000000011000000000000100001000000000000000100000000000000000000000000000000001110000000000100011000000000000000000000000000000000000000000010010000000000000001100000000000000000011000000000000000000000
001100000000001110000010000000000000000000000000000100000000010000100000000000000000000000000000000001100000000000011010000000000111001000000000000001110000000000000000000000000010110000000000000000000000000011000000110000000000000000000000
010010000000000100010010000000000000000000000000001110000000000000100000000000000001100000001000000010100000000000110000000000001001111000000000000000000000000000000000000000110000000000000000000000000000000011000000000000000000000000000000
010100000000000000011100000000000000000000000000011111000000000100100000000000000010010000010100000100010000000000011010000000001110100000000000000000000000000000000000000000111011000000000000000000000011000110000000000000000000000000000000
001000000000000000001000000000000000000000000000101010100000000011001110000000000010010000011000000100001100000000001110000000000010000000000000000000000000000000000000000001000100100000000000000000000011001100010000000000000000000000000000
000000000000000000000000000000000000000000000000110001100000000000000000000000000001100000000000000000011100000000000100000000000000000000000000000000000000000000000000000001100000100000000000000000000000001111000100000000000000000000000000
000000110000000000000000000000000011000000000000000000000000000000000000000000000000000000000000001000000000000000000000000000000000000000000000001000000000001100000000000000000001100000000000000000000000000010000010000000000000000000000000
000000110000000000000000000000000011000000100000000000000000000000000000000000000000000000000000000000100000000000000000000000000011000100000000001011000000001100000010000000000100000000000000000100000000000011000010000000000000000000000000
000000000000000000000000000000000001100000100000000000000000000000001101000000000000000000000000010000110000000000000000000010000011111010010000000001011000000000000011000000001000001000000000001110000000001111110110000000000000000000000000
000000100000000000000000000000000000111000100000000000000000000000001101100000000000000000000000010000000000000000000000000111000000010011110000000001000100000000000100001000001000001000000000010101000000010011001000000000000000000000000000
000000110000000000000000000000000001011000000000000000000000000000000100011000000000000000010000000000000001100000000000001010100000001001100000000011100000000000000010001000000100001000000000111001100000001000110000000000000000000000000000
000000110000000000000000000000000011100100111100000000000000000011100000001000000000000000111000000000000000110000000000011101110000001100000000000011001100000000000010000000000100001000000000100111000000001101000000000110000000000000000000
000000000000000000000000000000000001100010000010000000000000000101000000000000000000000011101100000111100001010000000000001010100000000000000000000100100000000000000011110000000010001000000000000000000000000010000001110001000000000000000001
000000000000000000000000000000000001100000001001000000000000000001010000010000000000000011101110000000000000100000000000000111000000000000100100001111100000000000000010101100010001101000000000000001000000000000000010000001000000000110000000
000000000000000010000000000000000011000100010001000000000000001001001000110000000000000011101100000000000000000000000000000000101100000000001100000100001000000000000110000000001101001100000100011001000000000110000000000110000000000000000000
000000000001110000100000000000000010000000011010000000000000001010000000100000000000000000111000000000000000000000000000000001101100000000000001011100001100000000000000001100001111000110000010100010000000001001000001111000000000000111110000
000110110011110111000000000000000011100000000000000000000000000000000000000000000000000000010000000000000000000000000101101011100000000000000100001100001010000011000000000100001010000101000000010000000000000110000000010000000000000001101100
000101100010010110000000000000000000000010000100000000000000000000000000000000000000000000000000000000000000000000000011110110001100000001100010000111000100000011000000000111111110000000000010010000000000000000000000000100000000000001011010
000011000001100000000000000000000000000001000000000000000000000101000000000000000000000000000000000000000000000000000010001011011100000001110000000011100000000000000000000001111110000000000010010000000000000000000000000100000000000000001001
000000000000000000000000000000000000110000111100000000000000001101110000000000000000000000000000000000000000000000000000000111011101110001100000000100111000000000000000000000000110000000000001010011100000000000000000000000000000000000000010
010000000000000001000000000000000000000010000010000000000000000100010000000000000000000011000000000000000000000000000000001001000001111000000000000111011000000000000000000000000010110011000010001110100000000000000000000000000000000000101100
010000000000000111100000000000000000111010000001000000000000000000110000000000000000000011000000000000000000000000000000001100000001001100000000011001000000000011000000000000000001000000000010110100100001100000000000000000000000000000111000
111000000000011111110000000110000000000000000001100000000110000000111000000000000000000000000000000000000000000000000000011110000000011010000001100010000000000011000000000000000000000000000001000110100010010000000000100000000000000000010000
000100000000111000011000000110000000000011000000010000000000000000000100000000000000000000000000001110000000000000000000100000011001100101000001101000000000000011000000000000000000000000000000000010100010010011000001010000000000000000000000
000010000000000000011100000000000000001000101100010000000000000110001000000000001100000000011100001001000000000000000001100000101001100101000000010000000000000110011000000000000000000000000000000010000000100010110000100000000001000000000011
000100000000000000011000000000000000001000101000001100000000001000000000000011011100000000000000001011000000000000000011100100101000000110000000000000000000000010011000000000000000000000000000000011111000000010010000000000000001000001110111
000000011000000011110000000000000000000100010100011000000000000000010100000100101000000000010000000011000000000001110000001010010011111100000000000000000000001100000000000000000000000100000000000001001000001010110000000000000001000011110111
001110011000000011100000000000000000000000000000000000000000001110000100000011011100000000010001000001000000000001010000001100000011000000000000000000000000010000000000000000000000001110000000000001110000000010000000000000000000000111110100
000010001000000001000000000000000000000000000000000000000000110110000100000000001101000000001000100010100000000001110000000000001100000000000000000000000000010000000000000000000000010011000000000001110000000000000010000000000000001000000000
000010000110000000000001100000000000000000000000000000011000000000011000000000000101100000001001100000000000011000000000000000001000000000000000000000000000100001000000000000000000111011000000000010011000000000000101000000000000011001000111
100100001000000000000011010000000000000000000000000000100100101011000000000000000100010000000100101000000000000100000000000000000000000000000000000000000011000011000001000000000000011011100000000011010000000000000101000000000000111010100110
111000000100110000000001010000000000000000000000000000011000000000000000000000000010010000000011001101010000101000000000000111000000000011100000000000000010010100000010110000000000001101000000000001010000000000000010000000000000011001001100
000000100010000000000000100000000000000000000000000000000000000100000000000000000001100000001000100000011000100100000000000000000000000000000000000110000000000100000100001000000000000110000000000000100000000000000000000000000000001000001000
000000100000110000000000000000000000000000000000000000000000001010000000000000000000000000001000100001001100100010000000000000000000000000000000000110000001101100000100000000000000000000011100000000000000000000000000000000000000000111110000
000000100000000000000000000000000000000000000000000000000000010010000000000000000000000000001000000001101000011001000000000000000000000000000000000000000001101100000000000000000000000000010010000000000000000000000000000000000000000011100000
000000000000000000000000000110000000000000000000000000000000001100000000000000000000000000001111100011000100000110000000000000000000000000000000010000000000010000000010010000000000000000100010000000000000000000000000000000000000000001000000
000000001110000000000000000001000000000000000000000000000000000000000000000000000000000000000100011110000100000000000000000000000000000000110000101000000000111000000000000000000000000000100001100000000000000000000000000000000000000000000000
000000000000000000000000001001000000000000000000000000000000000000000000000000000000000000000010000110000010000000000000000000000000000000001000101000000000000000000000000001100111000001101100010000000000000000000000000000000000000000000000
000000000000000000000000001010000000000000000000000000000000000000000000000000000000000000000001100010000000000000000000000000000000000000000000010000000000000000000000000010011110000001100100010000000000000000000000000000000000000000000000
000000000000000000000000000100000000000000000000000000000000000000000000000000000000000000000000100000000000000000000000000000000000000000000000000000000000000110000000000011011010100000001101000000000000000000000000000000000000000000000000
000000000000000000000011000000000000000000000000000000000000000000000000000000000000000000000000000000000000000000000000000000000010000010000000000000000000001010000000000010001000010000011110000000110000000000000000000000000000000000000000
000000000000000000000011000110000000000000000000000000000000000000000000000000000000000000000000000000000000000000111000000000000101000010000110000000000000001100000000000010001000111000001110000000110000000000000000000000000000000000000000
000000000000000000000000000110000000000000000000000000000010000000000000000000000000000000000000000000000000000001001000000000001101100010001001000011000000000000000000000101001000011000000000000000000000000000000000000000000000000000000000
000000000000000000000000000110100000000000000000000000000111000000000000000000000000000000000000000000000000000000111110000000000100101101110110000100100000000000000000001000011000010000000100000000000100000000000001100000000000000000000000
000000000000000000000000001100100000000000000000000000000000100000000000000000000000000000000000000000000000000001100000000000000100001100010000000100010000000000000000010000010000001000000010000000001010000000000001100000000000000000000000
000000000000000000000000010101011000000000000000000100001110110000000000000000000000000000000011000000000000000011100000000000000010010000010000000011100000000000000000000001110000001011000010000000000011000000000000000000000000000000000110
000001000000000000000000010000100000000000000000001100000011110000000000000000000000000000000100100000000000000100100000000000010000010100010000000000000000000000000000000001100000000111000000000000100010000000110000000000000000000000000101
010000100000000000000000001100000000000000000000000000011010000000000000000000000000000000000011000010000000001001000000000000010000010000010000000000000000000000000001100110000000000110100000000000111000110001001000000000000000000000000100
000111110000000011000100000000000000000000000001001000001000001110000000000000000000000000000000000010000000000000000000000000010100111000000000000000000000000000000001110110000000000000100000000000001100100000100000000000000001100000000010
101010001000010011101011000000000000000000000001001000000000000001000000000000000000000000000000000101000110010110000000000000000110110000000000000000000000000000000000111100000000011000000000000000001101000000000000000000000010000000000001
010000000100010011100001000000000000000000000001110000000100000101100000000000000000000000000000000000001010010100000010110000000010100000000000000000000000000000000000000000000000001110000000000011100100000000000000000000000000000000000000
000000001000101000010001000000000000000000001100000000000000000000100000100000000000000000000000010011010010010111000010010000000001000000000000000000000000000000000000000000000000000111000000000011011000000000000000000000000000000000000000
000000000000010000001110000000000000000000001100000000000000000000000000010000000000000000000000100011000100000000010010100000000000000000000000000000100000000000001110000000000000000001000000000001110000000000000000000010000000000000011000
000000000000100000001000000000000000000011011100000000000000000000000001110000000000000000000001001001011000000000000001000000100000000000000000000000100000000001100100000000000000000000000000000000000000000000000000001111000000000000011000
000000000000101000000000000000000000000001100000011000000000000000000000000000000000000000000001010000000000000011000000000001001000000000000000000000100000000000010110000000000000000000000010000000000000000000000000011100100011100000000000
000000000000100100000000000000000000000011100000100000000000000000000000000111000000000000000000110001110000000000000000000000000000000000000000000000000000000100010001000000000000000000000010000000111111000000000000100011000000000000000000
000100000000101000000000000000000000000000110000001000000000000000000000001000100000000000000000000001100000000000000000000001000100000000000010001010000000000100000110000000000000000000000010000000000100010000110000011110000000000000000000
111000000000000000000000000000000000000000011110000000000000000000000000010000110000000000000000000000000000000000000000000000011000000000000001011100000000000100011000000000001100000010000000000000100011100001010000001000000000000000000001
110100000000000000000000000000000000000000001110010000000000000000000000001000010000000000000000000000000000000000000000000000000000000000000001000100000000000100000000000000001100000101000000000000001100100001001001000000000000000000000001
000000000110000000000000000000000110000000000000100000000000000000000000000000111100000000000000000000011000000000000000000000000000000000000000000000000000100111110000000000000000001101100110000000011100000000111000100000000000000000000000
001100000101000000000000000000000110000000000100100000010000000000000000000100100000000000000000000000000100000000000000000000000000000000000000000000000000011000110000000000000000000001100110000000001001000000100100110000000000000000001000
001111110011000000000000000000000000000000000101000000101000000000000000000010000000000000100000000000101000110000000000000000000000000000000000000000000000000000000000000000000000000000100000000000001111000000010111100000000000000000001000
000000011111000000000000000000000000111000000000000000101000000000000000000000000000000000101110100001110000110000000000000000110000000000011100001100000000000000000000000000000000000000111000000001100100100000010001000000000000000000001000
101111000010000000000000000000011001100100000000000000010000000000000000000000000000000000101100110010100000000000000100000000110000000000100011000000000000000000000000000000000000000000011000000010001111000000010010000000000000000000000001
011111010110000000000000000000011001001010000000000000000000000000000000000000000000000001000001100001000000000000000100000000010000000000111111110000000000000000000000000000000000000000101000000000001100000000011010000000000000001100000001
000000001000000000000000000000101000101010000000000000000000000000000000000000000000000001100000000000000000001110000100000000000000000000000001110010000000000000000000000000000000000000010000000000000000000000110000000000000000001100000001
000000000000000000000000000001100001110011000000000111000000000000000000000000000000000010000000000000000000000000000000000000011011000000100100000100000000000000000000000000000001000000000000000000010000000001110111000000000000000000000000
000010000000000001100000000000101110001110000110001000100000000000000000000000000000000001000000000000000000000000000000000000000000000000101111110000000000000000000000000000110001001000000000000001010000000000101010000000000000000000000000
000111000000000010100000000001101111110000011010000000000000010000000000000000000000000001000000000000000000000000000000000000000000000000011111010000000000000000000000000000110001100000000000000011101000000000011100000000000000000000001000
000101000000000011000000000001110001110000011000000000000000101000000001100001000000000000000000000000000000000000000000001000000000000000000001010000000000000000000000000000000000000000000000001000111000000000001000000011000000000011111010
001100000000000000000000000000000000000000011010001000100000101100000010010010100000000000000000000000000000000001000000010100000000000000000000000000000000000000000000100000000000000000000000001000110000000000000000000111000000000001100010
000000011000000000000000000000000000000000000110000111001010101000000010100001100000000000000000000000000000000010110000010110000000000000000000000000000000000000000001100000000000000000000000000100000000000000000000001100000000001010001100
100100011000000000000000000000000000000000000000000000010001110000000001000000000000000000000000000001100000000101100001101000000000000000000000000000000000000000000010010000000000000000000000000011010000000000000000000100000000000100001001
111000001110000000000000000000000000000000000000000000001000010000000000000000000000000000000000000000010000010110000001100000000000000000000000000000000000000000000011100000000000000000000000000011010000000000000000000010111000110000101101
001000000011000000000000000000000000000000000000000000000000000000000000000000000000000000000000010000000000000000000000000000000000000000000000000000000000000000000001100000000110000000000000000100000000000001100000000001001000010000100010
010000000000100000000000000000000000000000000000000000000010100011000000000000000000000000000000111100110000011000100000000000000000000000000000000000000000000000011101100000101110000000000011001000100000000001100000000000110000001101000011
010000000110000000000000000000000000000010110000000000000000000000000000000000000000000000000001001011100000001000010001001000000000000000000000000000000000000000000000000001011101001000000000000001000000000000000000000000101000000000000011
000000001000110000000000000000000000000000000000000000000000000000000000000000000001000000000000110110000000000010000001001000000000000000000000000000000000011000000000110010000011101000000011010100000000000000000000000000011000000000000010
000000000011001000000000000000000000000010010000000000000000000000000000001100000001000000000000000011000000000000000000110000000000000000000000000000000000010100000000010001010100000000000000011000000000000000000000000000011000000000000000
000000000010000001100000000000000000000001100000000000000000000000000000001100000001000000000000000001100100010010010000000000110000000000000000000000000000010000000000000000000011100000000000010000000000000000000000000000000000000000000000
000000000111010001100000000000000000000000000000000000000000000000000000000000000000000000000000000001100100000101100000000000110000000000000001110000000000000000000000000000000000000000000000000010100000000000000000000000000000000010000000
000000000110110000000000001110000000000000000000000000000000000000000000000000000000000000000000000000000000001110000000000000000000000000000010001000000000000000000000000000000000000000000000000011100000000000000000000000000000110001000000
000000000001010000000000010000000000000000000000000000000000000000000000000000000000000000000000000000000010000001000000000000000000000000000111011000000000000000000000000100000000000000000000000001000000000000000000000000000001100000000000
000000000000000000000000010010000000000000000000000000000000000000000000000000000000000000000000000000000000001011000000000110000000000000000010110000000000000000000000001110000000000000000000000001101110000000000000000000000000110000000000
000000100000000000000000010010000000000000000000000000000000000000000000000000000000000000000000000000000000001100100000000110000000000000000001000000000000000000000000100001000000000000000000000011010100000000000001000000000000001010000010
010000100000000000000000000001000000000000000000000000000000000000000000000000000000000000000000000000000000000000100000000000000000000000000000000010000000000000000000100110000000000000000000000000010100000000000010100000000000001110000010
000100000000010000000000010000100000000000000000000000000000000000000000000001000000000000000000000000000000000001000000000000001100000000000000000011000000000000000000101100000000000000000000000000000100111000000010100000000000000100000000
011000000000101000000000000000100000000000000000000000000000000000000000000010100000000000000000000000000000000000000000000000010010000000000000000001000000000000000000000000110000000000000000000011001000011000000001000000000000000000000001
110001000000001100000000011010000000000000000000000000000000011011000000000010100000000000000000000000000000000000000011000000000100000000000000000100000000000000000110000110001000000000000000000000110000000000100000000000000000000000000000
001110000001101000000000010100000000000000000000000000000000101010100000000001000000000000000000000000000000000000000111100000000000000000000000000101000000000000000111001010000000000000000000000000000000000000011100000110000000000000000000
000000000000010000000000100100000000000000000011000000000001100000110000000000000000000000000000000000000000000000001111110000000000000000000000000001100000000000001001000000001000000000000000000000000000000000000100001001000000000000000000
000000000000000000000000100100001000000000000011000000000000100000000000000000000110000000000000000000000000000000011000011000000000001111100000000011000000000000000111011010001100000000000000000000000110000010101100000110000000000000000000
000000000000000000000000100000011100000000000000000000000010100001000000000000001001000000000000000000000001100001101000010000000000001000001000000011000000000000000110000001100010000000000000000110000110000010000000000000000000000000000000
000000000000000000000000011100011110000000000000000000000000000000000000000000000110000000000000000000000011000001111010100000000000000000000100000011000000000000000000000000011100000000000000010010000000000001110001000000000000000000000000
000000000000000010000000000000000011000000000000000000000011000000000000000001100000000000000000000000000100111100010111000110000000000100000100000100000000000000000000000000000000000000000000110001000000000000000010100000000000000000000000
000000000000000101000000000000000001100000000000000000000000000000000000000001100000000000000000000000001000100001000010000110000000000001000000000000000000000000000000000000000000000000000001000000100000000000000010100000000000000000000000
000000000000000001100000000110000011000000000000000000000000011000000000000000000000000000000000000000000000000111000000000000000000000000000000000000000000000000000000000000000000000000000000000000000000000000000001000000000000000000000000
000000001110000000000000000011111110000000000110000000000000011000000000000000000000011000000000000000001000000000000000000000000000000000000000000000000000000000000000000000000000000000000000000010100000000000000000000000000000000000000000
000000110000000000000000000000000100000000000000110000000000000000000000000000000000100100000000000000010000100000000000000000001001000000000000000000000000000000000000001110000000000000010000000000000000000000000000000000000000000000000000
111001010110001111100000000000101000000000011100000000000000000000000000000000000000011000000000000000001101100000000000000100001000100000000000000000000000000000000000010001000000000000110000000000000000000000000000000000000000000000000000
101001110000000111100000101000010000000000011000000000000000000000000000000000000000000000000000000000001100000000000000001100010000010000000000010000000000000000000000011000100000000010000100110000000000000000000000000000000010000000000000
100000000000000011000000000000000000000000000000000000000000110000000000000000000000000000000000000000000000000000000000001010000000010000000000111000000000000000000000101111000000000111111100011000000000000000000001100000000111100000000000
010100000000000000000000101000000000000000000001000000000000001000000000000000000000000000000000000000000000000000000000000100000000010000000001111100000000000000000000000000000000111000001111010000001100000000000001100000001000110000000000
001001000000000000000000000000000000000000000011000000000000110000000000000000000000000000000000000000000000000000000000000011001010100000000010000010000000000000000000101000000001000100000011101100001100000000000000000000000110110000000000
000000000000000000010000000000000000000000000101010000000000000000000000000000000111000000000000000000000110000000000000000001110001000000000110010011000000110000000000101000000001001000000000110110000000000010000000000000000011000000000100
010001000000000000011000000000000000000000010100011100000000000000000000000000001100000000000100000000001001000000000000000000100000000000001110101011100000000000011100100100000010001001010000000110000000000100100000000000000000000000001100
011100000011000000101000000000000000000000000100001100011100000000000000000000001100000000000111000000000110000000000000000000000000000000000110010011000000000000100000000000100001110001000000000000000000000010100000000000000000000000000000
000000000100100000000000000000000000000000111000101000100100000000000000000000001010000000000011000000000000000000000000000000000000000000000010000010000000000000000111111111010001100001110000000000000000000001000000000000000000000000000000
000000000011000000000000000000000000000000000000001000111000000000000111000000001110000000000010000000000000000000000000000000000000000000000001111100000000000001101100000101000000000000000000000000100000000000000000000000000000000000100000
000000000000000000000000000000000000000000000000000000000000000000000000000000000100010000000000000000000000001000100000000000000000000000000000111000000000000000010000110001100000000000000000000011100000000000000000000000000000000001010100
000000000000010000000000000000000000000000000000000000000000000000000000000000001110111000000000000111000000000110100000000000000000000000000000010000000000000000000011000100000000000000000000000011000000000000000000000000011000000001010010
000000000000101000000000000000000000000000000000000000000000000000000000000000000000110000001110000000000000000110000000011000000000000000000110000000110000000000000101000100000000000000000000000000000000000000000000000000011000000011100001
000000000001000010000000110000000000000111000000000000011000000000000000000000000000000000000000000000000000000000000000011000000000000000001110000000011100000000100000100100000000000000000000000000000000000000000000000000000000000000000001
000000000000000011100001000000000000000000000000000010011000000001110000000000000001000000010001000000000000000000000000000000000000000000000000011011010100000000000000010000000000000000000000000000000000000000000000000000000000000011011011
000000000010000010110000110000000000000000000000000101011011000010110000000000000000000000100000001100000000000000000000000000000000000000000000011111000000110000000000000000000000000000000000000001001000000000000000000000000000000000001010
000000000010110001001000000000000000000000000000000100110100000110001100000000000000010000111100001100000000000000000100000001100000000000000000010010001101001100000000000000000000000000000000000111110000000000000000000000000000011011011100
000000000001110000110000000000000000000000000000000010110000000110010000000000000001001001000100000000000000000000001110000010100000000000000000001110010000001100001100000001100000000001000000001101100000000000000000000000000000100100001000
000000000000000000000000000000000000000000000000000011100000000111010000000000000001101111101100000000000000000000000110000011000000011000001100001110011100000000001010000010010000000010100011010000000011011000000000000000000000100000000000
000000000000000000000000000000000000000000000001100101000000000011000000000000000001100001001000000000000000000000000000001100001001000000011001100100001101100100000100000001100000000010100110011100000100001000000000000000000000011100000000
011000000000000110000000000000000000000000000000110010000000001011101000000000000001100000110000000000000000000000000000010100001000101000000011000000000011010100000000000000000000000001000110111000001101110000000000000000000100000000000000
011000000000000000100000000000000000000000000110100000000000011001101000000110011100000000000000000000000000000000000000011000001000110000000000000000000000000000000000000000000000000000000100110001001101000000000000011000011011000000000000
000000000000010000010000000000000000000000000000000000000000001010000000001010011000001111000000000000000000000000000000000000000000000000000000000000000000001000000000000000011000000000000011100000110100000000000000100100011011000000000000
000000000000010000010000000000000111000000001000000000000000000111100000011000000100000011001100000000000000000000000000000000000011100000000000000001100000010000000000000000010100000000000000000001100000000000000001001000010000000000000000
000000000000101110100000000000000000000000001000100000000000000011000000001101110000000001001100000000000000000000000000000000000000000000000000010000000000000000000000000000001100000000000000010000000000000000000000100000000001000000000000
000000000111011000000000000110000000000000000100000000000000000000000100000111001000000000000000000000000000000000000000000000000000000000000000110000000000000100000001000000000011000000000000010000000000000000000010001100001010011000000001
000000001000011100100000000110000000000000000100100000000000000000000100000010001100011000000000000000000000000000000100000011000000000000000000101000000000101100000001101110000010100000000000000000000000000000000100101100000000011000000010
000100000101001001100001100000000000000000000000000000000000000000000000000001100110000100000000000000000000000000011001000100100000010000000000000000000000100000000001111101000001100000000000000000000000000000000000111000011100000000001100
000100000001100001100001010000000000000000000000000000000000000000000000000001001101000100000000000000000000000000010001000011000001101100000000000000000001001000000000000011000000000000000000000000000000000000101111110000000010000000000100
000100000000100001010000100000000000000000000000000000000000000000001000000000100110000110000000000000000000000000001100110000000001101100000000000000000011011000000000000000110000000000000000000000000000000000111000110010001111000000110101
000000000000000001100000000000000000000000000000000000000000000000011100000000011100000110000000000000000000000000001110110000000001001100000000000001100010010000000000000000101000000000000000000000000001000000110000100110000000000000110010
000000000000000000000011000000000000000000000000000000001100000000111110000000000000000000000000000000000000000000001110100000000000110000000000000000010010110000000000000000011000000000000000000000000011100000010000000010000000000000000000
000000000000000001011111000000000000000000000000000000010100000001100001000110000000000000000000100000000000000000010000100000000000000000000000000000000110000000000000000000000000000000000000000000000001000000000000010100001000000000000000
000000000000000001011010000000000000000000000000000000001000000000111101000111000000000000000001010000000000000111001011100000000000000000000000000000000011000000000000000000000000010000000000000000000011000000000000010100110000001100010010
000000000000000001011000000000000000000000000000000000000000000000011101000000110000000000000010010000000000000000001001100000000000000000000000001010000011000000000000000000000000101000000000000000000000000000000000001000110000010010011010
000000010000000001010000000000000000000000000000000000000000000000001100000000001100000000000001000000000000000000000000000000000000000000000000011010000011100000000000000000000000100100000000000000000000111100000001001000110000100100000100
000000100000000000000000000000000000000000000000000000000000000000000001100001000100000000000100100000000000000000000000000000000000000000000001111010000011001000000000000000000000011000000000001100000000011100000011010000011001000100000000
000000010000000000100000000000000000000000000000000000000000000000000000010000000000000000000110001000000000100001100011000000000000000000000000000000000001000100000000000000000000000000000000001100010000010000000101000110001101001000000000
000000000000000011000000000000111000000000000000000000000000000000000101000001111000001000000000001000000001110001100011100000000000000000000001001011000000101000000000000000000000000000000000000000101000000000001110000110111000010000000000
000000000000000100000000000000000000000000000000000000000000000000011011100000110000101000000000000000000011111000000001100000000000000000000000111110000000010000000000000000001100000000000000000000011000000000011001000001100100100000000000
000000000000000111000000000000000000000000110000000000000000000000010000000011000000111000010011000000000000000000000000000000110000000000000000001111000111000000000001000000001100000000000000000000000000000111011011001000000100100000000000
000000000000000100100000000000000000000000110000000000000000000000010001111010000000000000000110100000000000000001000000000000110000000000000000000001100000000000000010100000000000000000000000000000000000000111010000001010000011010000000000
000000000000000011000000000000000010000000000000000000000000000000001101111011000001000110110000110000000000000001000000000000000000000000000000000000001101000101000100010000000000000000000000000000000000000001000111000100000000101000000000
000000000000000000000000000000000101000000000000000000000000000000000110000101000001000100110001000000000000000001000000000000000000000000000000000000111110000101000010001000000000000000000000000000000000000000101100000000000000100100000000
000000000000000000000000000000000110000000000000000000000000000000001100001110000010000011000001011000000000000000000000000000000000000000000110000000010000000010000000000100000000000000000000000000000000110000101100000000000000011000000000
000000000000000000110000000000000000000000000000000000000000010000000000000000000000000000000000110100000000000000000000010000000000000000001001000000000000110000000000000000000000000000000000000000000001001000001000000000000000000000000000
000000000000000001001000000000000000000000000000000000000000001110000000000000000000000000000000001000000000000000000000111000000000000000000110000100000000110000000000000011011000000110000000000000000000110000000000000000000000000000000010
000000000000000000110000000000000000000000000000000000000000001001000000000000000000000000000100000000000000000000000000000110000000000000000000000010000000000000110000011010011000001001000000000000000000000000000000000011000000000000000101
000100000000000000000000000000000000000000000000000000000000100001100000000000000000000000011011000000000001100111000111110010000000000000000000000001000000000000011000010110010000000110000000000000000000000000000000000100100000000000000101
001010000000000000000000000000000000000000000000000000000000001101000000000000000000000000000100000000000001100101000111010000000000000000000000001101111000000001010000001000000000000000000000000000000000000000000000000011000000000000000010
000100000000000000000000000000000000000000000000000000000000000100000000000000000000000000000000000000000000001101001000001100000000000000000000111110101000000001000000011111011100000000000001000000000000000000000011000000000000000000000000
000000000000000010000000000000000000111000000000000000000000000101000000000000000000000000000000010001100000000101100110000000000000000100100000000000101000000000000000000001110110000000000011000100000000000000000011000000000000000000000000
000000000000000010000000000011000011000000000000000000000000000011000001100000000000000000000000000001100000000010000110000000000000000011000000001000110000000000000000001100010001000000000110010010000000000000000000000000000110000000000000
000000000000000010000000100011000011011000000000000000000000000000001000100000000000000000000000000000000000000000010000000000000000000000000000100001000000000000110011010100001001000001010001111110000000110000000000000000001001100000000000
000000000000000000000110000000100110001000000000000000000000000000000000100000000000000000000000000000000000000000000000000000000000000000001000000010000000000000100011100010001110000001011001011000000000110000000000000000000000000000000000
000000000000000000001110000011000000001100000000000000000000000000001010010000000000000000000000000000000000000101010000000000000000000100110010001100000000000000000001110001000000000010010000000000000000000000000000000000001100100000000000
000001000000000000001000000010000001001110000000000000000000000000000000101000000000000000000000000000000000000110000000000000000000000001100000000000000000000000001001000001000000000010010000000000000000000000000000000010000011000000000000