000000000000000000000000000000100011010000000000000000000000000000000001101100000000000000000000000000000000000100100000000000000000000100101000000000000000000001100000010000000000000011011000000000000000000000000000000001100010000000000000
000000000000000000000000000101010000010000000000000000000000000000000000000000000000000000000000000000000000001000100000000000000000000001111000000000000000000001111100010000000000000000110000000000000000000000000000001101000000000000001000
000000010000000000000100001000000000011000000000000011011000000000000000001100000000000000000000000000000000010000010000000000000000000010000000000000000000000010000000000010000000000000010001000000000000000000000000000001000000000000010100
001001001000000000001010001000000000011000000000000100011000000000000000000100000000000000000000000000000000010001100000000000000000000000000000011000000000000000101000000010000000000000000000110000000000000000000000000110000000000110010100
000110000000000000001100000000001000101100000000000100000100101000000000000100000000000000000000000000000000100011000000000000000000000000000000000000000000000000111100000010111000000000000001100000000000000000000000000000000000001001001000
000000100000000000000000000110000001000110000011000000011000000000000000000000000000000000000000000000000000010000000000000011000000000000000000000000000001100000000010000001010000000000000000000000000000000000000000100000000011100010000000
000010000000000000000000000110000001000011100011000100001000000001000000000000000001100000000000000000000000000110000000000011000000000111101000000000000001100000000010000001100010110100000000000000000000000000000000010000111011100000000000
001011000000000000000000000000000010000010000000001100110000000000100000000000000010010000000000000000000000000111000000000000000000001000000000000000000000000000000001000001100110110110000000000000000000000000000010011000000000000000000000
000000000000000000000000000000001101000110000000001111100000011100100000000000000010100000010000000000000000000001000000000000000000010010010000000000000000000011100001100010000010000000000000000000000000000000001100010000000000000000000000
001000000000000000000000000000101101010100000000000000000000001111000000000000000001000001111000000000000000000000000000000000000000011001100000000000000000000011100001101100000011100010000000000000000000000000000010111000000000000000000000
000000000000000000000000000001110110001000001100000000000000000000010000000000000000000001000100001000000000000100000000000000000000000000000000000000000000000110011001101100000001100110000000000000000000000011100000110100000000000000000000
000000000000000000000000000100011000000000001100000000000000000000111000000000000000000001111100000100000000001100000000000000000000010011000000000000001100011000100100110000000000001000000000000000000000000010000000010100000000000000000000
000000000001100000000000001001110010000000000000000000000000000000101100000000000000000000000010001000000000010110000000000000000000101111000000000000001100011000000100011000000000010001000000000000000000000010100000111000000000000000000000
000000000000100000000000001101100010000000000000000000000000011000000110000000000000000000110010000001100000010100000000000000000000000011000000000000000000011000000100011000000000010001000000000000000000000001100000011000000000000000000000
001000000000100000000000101000110010000001000000000000000000011000101100000000000000000001000001000001100000000000110000000000000010000000000000000011000000000111110000100100000000011011000000000000000000000000000000000000000000000000000000
001000010011101000000000000000011000000001000000000000000000000000111000000000000100000000100110000000000000111100000100000000000010101100000000000011000000000010110000010100000000000000000000000000000000000000000010000000000000000000000000
000000010100010000000000101000000001100001000000000000000000000000010000000000000100000000010001000000000011011101000000000000000100001100000000000000000000000000000000001000000000000000000000000000000000000000000101000000000000000000000000
000000011100000000000000010000000001100000000000000000000000000000000000000000000100000000010010000000000000000101000100000000001000000000000000000000000000000000000000000000000000000000000000000000000000000000000110000000000000000000000000
000000000000000000000000010000000000000000001000000000000000000000000000001100000000000000001110000001110000010100001000000000000100000000000000000000000000000000000000000000000000000000000000000000000000000000000000000000000000000000000000
000000000000000000011100000000000000000000010100110000000000000000000000001111000000000000000000000000000000111111000000000000000100000001000000000000000000000000000000000000000000000000000000000000000000000000000000000000000000000000000000
000000000000000000100010000000000000000000010100110000000000000000000000010011000000000000000001010010010001100101000000000000000000000010110000000000000000000010000000000000000000000000000000000000000000000000000000000000000000000000000000
000000000000000001000110001100000000000000001000000000000000000000000000001000100010100000000000000000000001000100100000000000000000000100110000000000000000000011000000001100000000000000000000000000000000000000000000000000000000000000000000
000000000110000000100001011100000000000000000000000000000000000000000010001111000100100000000001000101100000100100000000000000000000001001000000000000000000000011100000010110000000000000000000110000000000000000000000000000000000000000000000
000000000110000000000010100100000000000000000000000000000000000000011111000011000010100000000000110011100000100000000000000000000000000101000000000000110000000000001000110100000000000000000000110000000000000000000000000000000000000000000000
000000000000000000001000001000000000000000000000000000000000000000100011000000000000000000000100000001100100001000000000000000000000000000000000000000110000000001001000000000000000000000000000101000000000000000000000000000000000000000000000
000000000000000000000000011000111000000001110000000000000000000000101100000000000000000000001000000000111110010111000000000000000000000000000000000000000000001101100000110000001100000000000000000000000000000000000000000000000000000000000000
000000000000000000000000000000101000000001001000000000000000000000010000000000000000000000001000010000000110001110000000000000000000000000000000100000000000010101100000000000001100000000000000000000000000000010000000000000000000011100000000
110000000000000000000011100001100000000000100000000000000000000000000000000000001010000000110000011000001110000100000000011000000000000000000001110000000100111100000000001110000000000000000000000000000000000111000000000000000000101100000000
001000000000000000000000000001100000000000010001000000000000000000000000000000000100000001000011101000000000000000000000100000000000000000000011111000000111110110000000001000000000000000000000000000000000001111100000000000000100100001000000
000100000000000000000000000000010000000001001000110000000000000000000000000000000000000011000101000001110000000000000011001100000000001100000110001100000011000000000000000110000000000000000000000000000000011000010000000000001011011110000000
101000000000000000000000000000000000000001000000011000000000000000000000000000000000000011000011100000001110000001100100000010000000010010000011111000000000000000011100010001000001000001000000000000000000110110000000000000001001000010000000
010000000000000000000000000000000000000000000010011000000000000011000000000000000000000110000011111110011110000010000100100100000000010100000001111000000000000000100100001100100000100001000000000000000000011110000000000000000110010100000000
000000000000000000000000000000000000010001111100110000000001000010100000000000000000000110001000101111101000000001101000101100000000001000000000010000000000000001000100010000111000000001000000001000000000001000000000000000000000010000000000
000000000000000011000100000000000001100000000100100000000010100001000000000000000000001101111001000100000000000011000110000000000000000000000000010000000000000010010000110100000000000000000000011100000000000000011000000000000000000001000000
000000000000000011001010000011100001110000010000000000000010100000000000000011100000000101111110000000000000000111000000000000000000000000000001010000000000000011010001100000111000000000000000100010000000000000010000000000000000000000001100
000000000000000000000110000000000000000011101101000000000001000000000000000000000000000111000010000000000000000111000100000000000000000000000001001000000000000000000000101000011000100000000001110001000000000000010000000000000000000010100000
000000000000000000000000000000000001000100000000000000000000000000000000000000000000000000000000000000000000110011000100000000000110000000000001010000000000000000011000110000000001000000000000000111000000000000000000000000000000000001110000
000000000000000000000000000000000010100000000000000000000000000000000000000000000000000000000001000000000000000000000100000000001001000000000000110000010000000000000001100000100000000000000000000010000000000011000000000000000000000000110000
000000000000000000000000000000000111001100000000000000000000000010000000000000000000000000011011100000000000000000000000000000000110000000000000000000110000000000010111110000000000000000000000000000000000000011000000000000000000000000000000
000000110000000000000000000000000010100000000000000000000000000010100000000000000000000000100000010000000000000100000000000000000000000000000000000000010000000000001100010001100000000000000000000000000000000000000000000000000000000000000000
000000110000000000000000000000000001100000000001110000000110000011000000000000000000000000100011000000000000011000010000000000000000000000000000001110000000010000000000000000010000000000000000000000000000000000000000000000000000000000000000
000000000000000000000000000000000000111100000010000100000110000000000000000000000000000000011100000000000000001000000000000000000000000000000000011100011000110000000100001010011000000000000000000000000000000000000000000000000000000000000000
000000000000000000000000110000000000000100000001001000000000000000000000000000000000000000000000000000000000000000010000000000000000000000000000100001001100111000000100010010011000000000000000000000000000000000000000000000000000000000000000
000000000000000000000000010000000000100000100000011000000000000000000000000000000000000000000000000000000000000001000000000000000000000000000000001111011000000000000111000001101000000000000000000000000000000000000000000000000000000000000000
000000000000000000000000010100000000100000100000000000000000000000000000000000000000000000000000000000000000000000000000000000000000000000000000000111000110000011100010100001001000110000000000000000000000000000000000000000000000000000000000
000000000000000000000000001100000000100000100000000000000000000000000000000100000000000000000000000000000000000000000000000000000000000000000000000000000011000001100000100000110001001000000000010000000000000110000000000000000000000000000000
000000000000000000000000000000000000000000000000000000000000000100000000001010000000000000000011100000000000000000000000000000000000000000000000000000000000000000000001100000000000101000000000111000000000000110000000000000000000000000000000
100000000000000000000001000000000000001110000000000000000000000000000000000110000000000000001000010000000000000000000000000000000000010000000000000001100000000000000010000000000000010000000000100011100000000000000000000000000000000000000011
100000000000000000000011100000001100000000000000000000000110000010000000000000000000000000000000000000000000000000001100000000000000010000000000000001100000000000000000000000000000000000000000010001000000000000000000001100000000000000000100
010000000000000000000100100000001100000000000000000000000111000000000000000000000000000000001000100000000000000000010010000000000000010000000000000000000000000000000000000000000000000000000000001110000000000000000000001100000000000000000100
110000010100000000000111000000000000000000000000000000000101000000000000000000000000000000000111000000000000000000001100000000000000000000000000000000000000000000000011110100000000000000000000000100000000000000000000000000000001000000000011
100000010011001110000010000000000000000000000000000000000101100000000000000000000000000000000000000000000000000000000000000000000000000000000000000000000000000000000011000100000000000000000000000000000000000000000000000000000001000000000000
000000010000001010000110110000000000000000000000000000000001000000000000000000000000000000000000000000000000000000000000000000000000000000000000000010000000000000000011000100000000000000000001000000000000000000000000000000000001000000000000
000000000001000010000011011000000000000000000000000000001110000000000000000000000000000000000000000000000000000000000000000000000000000000000000000101000000000000000000110000000000000000000011000000000000000000000000000000000000000000000110
000000000000000000000000100000000000000000000000000000010100000000000000000011000000000000000000000000000001010000000000000000000000000000000000000101000000000000000000000000000000000001101000000000000000000000000000000000000000000011000110
000000000001000000000000000000000000000000000000000000000000000000000000000011000000000000000000000000000010010000000000001100000000100000000000000010000000000000000000000000000000000000000001100000000000000000000000000000000000000100100000
000000001000110000000000000000000100000000000000000000000000000000000000000000000000000010000000000000000010010000000000001100000001010000000000000000000000000000000000000000000000000001111100000000000000000000000000000000000000001000100000
000000001000110000000000000100001010000000000000000000000000000000000000000000000000000101000000000000000000000000000000000000000001010000000000000000000000011100000000000001100000000000000000010000000000000000000000000000000000000100010000
000000001100110000000000001010000110000000000000000000000000000001100000000000000000000101000000000000000000000000000000000000000000100000000000000000000000000000000000000010100000000000000011110000000000000000000000000000001000000000010000
000000001101100000011000001010000000000010000000000000000000000010010000000000000000000010000000000000000000000000000000000100000000000000110000000000000000000000000000000000100000000000000000110000000000000000000000000000001110000001010000
000000000101100000010100000100000000001011000000000000000000000001010000000000011100000000000000000000000000110000000000001010110100000000110000000000000000000000000000000000000000000000000000000000000000000000000000000000000100000001000000
000000000000000000001000000000000000010100100000000000000000000000100000000000000000000000000001110000000110000000000000001000111010000000000000000000000000000000000000000000000000000000000000000001000000000000011000000000000000000000110000
000000000010000000000000000000000000110111000000000000000000000000000000000000000000000000000011100000000011100000000000000100010001000000000000000000000000000000000000000000000000000000000000000010000011100000000000000000000000000000110000
000000000001100000000000000000000000011110000000000000000000000000000000000000000000000000000001110000000001000000000000000000000010000000000000000000000000000000000000000000000000000000000000000001100010100000000000000000000000000000000000
000000000000000000000000000000000000000110000000000000000000000000000000000000000000000000000000100000000000000000000000000001000000000000000000000000000000000011000000000000000000000000000000000000100011000000001100000000000000000000000000
000000000000000000000000000000000000000101000000000000000000000000000000000000000000000000000000000000000000000000000000000000101000000000000000000000000000000011000000000000000000000000000000000000000000000000010100000000001110000000000000
000000000000000000000000000000000000001000100000000000000000000000000000000000000000000000000000000000000000000000000000000000000000000000000000000000000000000000000000000000000000000000000000000000000000000000011000000000010011000000000000
000000000000000000000000000000000000000111000000000000000000000000000000000000000000000000000000100000000000000000000000000000000000000000000000000000000000000000000000000000000000000000000000000000000000000000110000000000011011100000000000
000000000000000000000000000000000000000000000000011100000000101100000000000000000000000000000001111000000000000000000000000111000000000000000000000000000000000000000000000000000000000000000000000000000000000000000000000010001111010000000000
000000000000000000000000000000000000000000000000010000010000100010000000000000000000000000000000001100000000000000000000010110100000000000000000000000000000000010000000000000000000000000000000000000000000111000000000000010000000111000000000
000000001100000000010000000000000000000000000000011100111011100011000000000000010100000000000000101010000000000000001100010010100100000000000000000000000000000010000100000000000000000000000000000000000001001000000000000000000011010000000000
000000001100000000111000000000000000000000000000000001110110010010000000000000110100000000000000110011000000000000000100000000001000000000000000000000000000000010001010000000000000000000000000000000000100110000000000000000010000100000000000
000000000000000001111100000000000000000000000000000000000001101100000000000000000100000000000000001110000000000000001100000000100011000001000000000000000000000000001001000000000000000000000000000000011001011000000000000001010000000000000000
000000000000000011000110000000000000000000000000000000001110010000000000000000111000000000000000010100000000000000011100000000000100000110000000000000000000000000000110000000000000000000000100000000000000011100000000000000110000000000000000
000000000000000111000111000000000000000000000000000000001110000000000000000000101100000000000000000000000100000000001010000000010010000000000000000000000000000100000000000000000000000000010010000000001111011010000000011001100000000000000000
110000000000000011000110000000010000000000000000000000000000000000000001000000000100000000000000000000000111000000000110000000001000000000000000000000011000001000000000000000000000000000000000100000000111010010000000000001000001000000000000
110000000000000001111100000000101000000000000000000000000000000000000001000000011000000000000000000000000101011100000000000000001100000000000000000000100100001000000000000000000000000000000001010000000000000110000000000000100010000100000000
000000000000011000111000000000101000000000000000000000000000000000000001000000000000000000000000000000000111010100000000000000000100000000000000000000100100000000000000000000000000000000001100000000000000001000000000000001000010000110000000
000011000000101100010000000000010000000000000000000000000001101100000000000000000000000000000000000000000001100100000000000000001010000000110000000000110110000000000000000000000000000000000000000000000000001110000000000000000011101000000000
001101000000011100100000000000000000000000000000000000000010000010011100000000000000000000000000000000000000000000000000000000000110000001001000000000001100000000000010000000000000000000000000000000000001000000000000000000000001000000000000
001100000000011000110000000000000000000000000000000000000001101100000000000000000000000000000000000000000000000000000000100000000010000000101000000000000000000000000010000000000000000000000000000000000001000010000001100000000000000000000000
001101000000011000111000000000000000000000000011000000000000000000000001000100000100000000000000000000000000000000000000101000000001000000010000000000000000000000000010000000000000000000000000000000000001100010000001100000000000000000000000
000011000000111000000010000000000000000000000100100000000000000000000001001010001010000000000000000000000000000000000100110000000011000000000000000000000000000000000000000000000000000000000000000001100000011011000000000000000000000000000000
000000000000111111110001000000000000110000000100100000000000110111000001000110001010000000000000000000000000000000001110000000000110010000000000000000000000000000111000000000000000000000000000000010010000001001000000000000000000000000000000
000000000000001001110000000000000000110000000011000100000000100110100000000000000100000000000000000000000000000000011011000000000100001000000000000000000000000000000000000000000011011000000000000001100000000101000000101000000000000000000000
001100000000011010011000000000000000000000000000001110000000000000010000000000000000000000000000000001110000000000110000000000001110010100000000000001110000000000000000000000001000001000000000000000000000000011000000011000000000000000000000
010010000000001010001111000000000000000000000000001110000000000010001000000000000001100000001000000110001000000001110000000000011011000000000000000000000000000000000000000000011000010000000000000000000000000011000000010000000000000000000000
010100000000000100110110000000000000000000000000000000000000000010010000000000000010010000010100000111111000000000110000000000000010000000000000000000000000000000000000000001100000100000000000000000000011000000000000000000000000000000000000
001000000000000000010100000000000000000000000000110001100000000011100110000000000010010000011000000000010100000000011011000000000111000000000000000000000000000000000000000011011000110000000000000000000011000011100000000000000000000000000000
000000000000000000001000000000000000000000000000110001100000000000000000000000000001100000000000000000010100000000001110000000000000000000000000000000000000000000000000000001100110010000000000000000000000000000000000000000000000000000000000
000000110000000000000000000000000000000000000000000000000000000000000000000000000000000000000000000000000000000000000100000000000000001000000000000101000000001100000000000000000001110000000000000100000000000000000111000000000000000000000000
000001001000000000000000000000000011000000100000000000000000000000000000000000000000000000000000000000000000000000000000000010000000010100000000000101100000001100000101000000000000000000000000000100000000000000000001000000000000000000000000
000001001000000000000000000000000000000000100000000000000000000000000011010000000000000000000000000000110000000000000000000010000011110010000000000001001000000000000100100000001100001000000000000111000000000000010001000000000000000000000000
000001010000000000000000000000000000000001000000000000000000000000000000001000000000000000010000000000000000100000000000000010000000100000111000000000100000000000001001000000010010010100000000000001100000010000100010000000000000000000000000
000001000000000000000000000000000000000100001100000000000000000011100110000000000000000000011000000000000000110000000000000000000000011000000000000000100100000000001000100000000000100010000001100100010000010010111000000000000000000000000000
000000100000000000000000000000000000001100011100000000000000000011100100101000000000000000011100000011000001011000000000111000111000011100000000000000000000000000001000101000001001100010000000010110100000010000110001100000000000000000000000
000000000000000000000000000000000000001000001011000000000000000010100000101000000000000000000110000100100000010000000000001000011000000000000000001101001000000000000110001000001000000000000000000101100000000000000000010011000000000000000000
000000000000000000000000000000000000000000000000000000000000000001100000110000000000000110000111000011000000100000000000000001100000000000001010011001000000000000000000001000001101100000000000000011000000001001000010001101000000000000000000
000000000000011000000000000000000001000000010101000000000000000101100001001000000000000000000110000000000000000000000000000110100100000000010000011011000100000000000011110100010011011100000000010000000000001001000000000010000000000000010000
000000000001011110000000000000000100100000010000000000000000000101000000110000000000000000011100000000000000000000000000000001001100000000001001111000100000000000000010001000010000001100000001001000000000001001000001000010000000000000011000
000110110111010100000000000000000011100000011100000000000000000000000000000000000000000000011000000000000000000000000000000000001100000000001010011000001000000011000000001110100000000000000001000000000000000110000000100100000000000000001100
000100010010101000000000000000000011000000110100000000000000000000000000000000000000000000010000000000000000000000000000001000000000000000100000000000011100000011000000000000000000000000000010000000000000000000000000000000000000000000001011
000011100001100000000000000000000000000001000100000000000000001100100000000000000000000000000000000000000000000000000000011000001010000011011000000000011100000000000000000000000000000000000010000101000000000000000000000000000000000000111011
000001000000000000000000000000000000000000000000000000000000010001000000000000000000000000000000000000000000000000000000001100111000000110100000000010011100000000000000000000000011000000000100011000110000000000000000000000000000000000100011
000000000000000000100000000000000000001101000000000000000000001001100000000000000000000011000000000000000000000000000000000000111010000000000000010101110000000000000000000000000010100000000110000000000000000000000000000000000000000000100010
010000000000000000110000000000000000010001101000100000000000000111010000000000000000000011000000000000000000000000000000000001000000100000000000110001100000000011000000000000000011100000000010111100001001100000000000000000000000000001100100
000100000000000000001000000110000000000101000010010000000000000000000000000000000000000000000000001110000000000000000000111100000011000010000001001100000000000010100000000000000000000000000001101110110010010001000000100000000000000000111001
000010000000110001001100000110000000001101100000010000000000000000000000000000000000000000000000010010000000000000000001101100011101010101000001011000000000000001100000000000000000000000000000001000000001111110110001010000000000000000101011
000110000000000010101110000000000000001111110000001000000000000000000000000001100000000000011000011011000000000000000010000111100001101100000000100000000000000101101000000000000000000000000000000110010000100100110000100000000001000000000011
100010000000000001001100000000000000001100100100010100000000001100000000000011100000000000000000001001100000000000100010000111100000000000000000000000000000001010101000000000000000000100000000000111011000000010001000000000000001000000000011
000010001000000000001000000000000000000000010000001100000000011000001000000100000000000000011000000001110000000001110001000011110011100100000000000000000000011100000000000000000000001110000000000001001100000110110000000000000001000110001000
000000100100000010110000000000000000000000000000001000000000011000001110000011100001000000011000000001100000000011011000011100010001100000000000000000000000110000000000000000000000011010000000000000000000000011100000000000000000000100000110
000001010000000001100001000000000000000000000000000000000000100011001110000001100000100000000001100000000000000001110000000000010010000000000000000000000001010000000000000000000000010000000000000111000000000000000010000000000000011000000100
001001000000000001000011100000000000000000000000000000011000010000000000000000001000010000010111100000000000000000100000000000001010000000000000000000000010000011000000000000000001110000000000000110000000000000000101000000000000100001001110
000010001010000000000100010000000000000000000000000000100100000110000000000000000100010000000000001100010000010100000000000000000000000000000000000000000000010001000010010000000000110000000000000100011000000000000101000000000001110010111100
000100000110000000000011010000000000000000000000000000011000000110000000000000000000010000001100000010111000110110000000000111000000000011100000000000000000001001000100010000000000011101010000000010010000000000000010000000000000100001111011
011000100000000000000001100000000000000000000000000000000000001000000000000000000011100000000000111111010111100000000000000000000000000000000000000110000000010010000110010000000000001100001100000001100000000000000000000000000000011000100111
000000100000000000000000000000000000000000000000000000000000001010000000000000000000000000010011110001000111100010000000000000000000000000000000000110000010011010000000000000000000000100100100000000000000000000000000000000000000000100010000
000000100000000000000000000000000000000000000000000000000000010010000000000000000000000000000010100001100000000001000000000000000000000000000000000000000011000110000000000000000000000000000010000000000000000000000000000000000000000101010000
000000000000000000000000000010000000000000000000000000000000001100000000000000000000000000001010001000100010011110000000000000000000000000000000010000000001010100000000000000000000000001001000000000000000000000000000000000000000000011100000
000000001110000000000000000101000000000000000000000000000000000000000000000000000000000000000000000000001110000100000000000000000000000000000000101000000000111000000000000000100000000000100000100000000000000000000000000000000000000001000000
000000000000000000000000001001000000000000000000000000000000000000000000000000000000000000000010000110000000000000000000000000000000000000000000101000000000111000000000000001100000000001111000010000000000000000000000000000000000000000000000
000000000000000000000000001001000000000000000000000000000000000000000000000000000000000000000000000010000000000000000000000000000000000000000000010000000000000000000000000100010011000001110100000000000000000000000000000000000000000000000000
000000000000000000000000001000000000000000000000000000000000000000000000000000000000000000000001100000000000000000000000000000000000000000000000000000000000000110000000000000000011000001110000000000000000000000000000000000000000000000000000
000000000000000000000011001000000000000000000000000000000000000000000000000000000000000000000000000000000000000000111000000000000111000010000000000000000000001010000000001000001001100000110000000000110000000000000000000000000000000000000000
000000000000000000000011001010000000000000000000000000000010000000000000000000000000000000000000000000000000000000111000000000001000010111111110000000000000001100000000001001010010000000011111000000110000000000000000000000000000000000000000
000000000000000000000000000100000000000000000000000000000101000000000000000000000000000000000000000000000000000000100100000000000000001000000001000011100000000000000000001000000000000000000100000000000000000000000000000000000000000000000000
000000000000000000000000000000000000000000000000000000001000000000000000000000000000000000000000000000000000000000001100000000000000001000000110000101100000000000000000000100011100010000000010000000000010000000000001100000000000000000000000
000000000000000000000000000011100000000000000000000000001000100000000000000000000000000000000000000000000000000000010100000000000111110110000100000100010000000000000000000000001000010100000000000000000101000000000001100000000000000000000000
000000000000000000000000000100010000000000000000001100001100110000000000000000000000000000000011000000000000000111011000000000000000110111000000000011100000000000000000000000100000000000000000000000000000100000000000000000000000000000001110
000000000000000000000000010000110000000000000000010010010011110000000000000000000000000000000100100000000000000000000000000000000000111000101000000011100000000000000000001000100000001101100000000000010100010000100000000000000000000000001000
111100110000000000000000001100000000000000000000001100100000110110000000000000000000000000000011000010000000001010000000000000000011110000010000000000000000000000000000001000000000000111100000000000010000000000100000000000000000000000001101
000010000000000000001101000000000000000000000000001100010100000011000000000000000000000000000000000111000000001010000000000000010001000000000000000000000000000000000000100010000000010110000000000000110010010000000000000000000000000000000010
000010100100010001001100100000000000000000000010010000001000000000100000000000000000000000000000000100100110110001000000100000001000101000000000000000000000000000000000001100000000010110000000000001100100100000000000000000000000000000000010
001000001100100011000000100000000000000000000000010000000000000010010000000000000000000000000000000000101000101001000011110000001000110000000000000000000000000000000000001100000000010000000000000001111100000000000000000000000000000000000001
000000000001000011100001100000000000000000000000110000000000000010100000000000000000000000000000000010001010100111000110010000000011100000000000000000000000000000001110000000000000000011100000000010101000000000000000000000000000000000000000
000000000001100000000010000000000000000000000011000000000000000000000000010000000000000000000000111100000100000110000110100000000000000000000000000000100000000000011110000000000000000000000000000001111000000000000000000011000000000000011000
000000000000000000011000000000000000000000001100000000000000000000000001010000000000000000000001000111101100000000000001000000000000000000000000000000100000000000110000000000000000000000000000000001100000000000000000000011100000000000011000
000000000000000000000000000000000000000011001000000000000000000000000000110111000000000000000001001000001000000000000000000000000000000000000000000000100000000000111010000000000000000000000010000000100010000000000000110001100011100000000000
010000000001001000000000000000000000000000000000000000000000000000000000001000100000000000000000111011011000000000000000000000000000000000000000000000000000000100000001000000000000000000000010000000100010000000000000101011100000000000000000
111000000000111000000000000000000000000000000000000000000000000000000000010000010000000000000000000000000000000000000000000000000000000000000001011000000000001010000110000000000000000000000010000000000000100000111000101111000000000000000000
011000000000000000000000000000000000000000000111000000000000000000000000011001110000000000000000000000000000000000000000000000000000000000000001000100000000010001010010000000001100000111000000000000000001110001001000011100000000000000000001
001000000000000000000000000000000000000000010000000000000000000000000000000000100000000000000000000000000000000000000000000000000000000000000000110000000000010001111100000000001100001001000000000000000110110011000000001000000000000000000001
111000001110000000000000000000000110000000000000010000000000000000000000000001100000000000000000000000000000000000000000000000000000000000000000000000000000010001011000000000000000001001101110000000000001000001101110110000000000000000000000
001000001101000000000000000000000110000000000000010000010000000000000000000001100000000000000000000000011100000000000000000000000000000000000000000000000000010001100000000000000000000100000000000000011011100000000100011000000000000000001000
011110000100000000000000000000000011011000000010000000101000000000000000000000000000000000111111100000000000110000000000000000000000000000011000000000000000001100000000000000000000000000000010000000111001100001000110110000000000000000001000
110010001000000000000000000000000001011000000000000000101000000000000000000000000000000001001011110001110000110000000000000000010000000000011100000000000000000000000000000000000000000000011000000000010000100001000101100000000000000000001000
010001000000000000000000000000011001000100000000000000010000000000000000000000000000000010001110001000000000000000000100000000001000000000100010011000000000000000000000000000000000000000001100000000011000000000100001000000000000000000000011
011101100010000000000000000001100110001010000000000000000000000000000000000000000000000000010000110000000000000000000100000000100000000001101000100000000000000000000000000000000000000000011000000000011000000000111101000000000000001100000010
111111011010000000000000000000001000110011000000000111000000000000000000000000000000000010010000100000000000001110000100000000111000000000100000011000000000000000000000000000000000000000010000000000010000000000001001000000000000001100000001
001001000000000000000000000001101001011001000100000000000000000000000000000000000000000100100000000000000000000000000000000000000000000000111000000100000000000000000000000000000000000000000000000001101000000011100001100000000000000000000000
000101000000000001100000000000010101001101101110000101000000000000000000000000000000000011000000000000000000000000000000000000000000000000100000000100000000000000000000000000110011100000000000000011111000000000000001000000000000000000000000
000101100000000010100000000000010100000101111010000010000000011000000000000000000000000000000000000000000000000000000000000000000000000000011000111000000000000000000000000000110011100000000000000111001100000000001000000000000000000001011100
001001000000000011000000000000111000000000110000000010000000100100000001100001000000000000000000000000000000000000000000001100000000000000001000000000000000000000000000000000000000000000000000001110001100000000001000000010000000000011011000
001010000000000000000000000000111000000000011010000100000000000010000010010010100000000000000000000000000000000001100000010010000000000000000000000000000000000000000001010000000000000000000000001001101000000000001000001110000000000101010011
010010000000000000000000000000000000000000001110000000010000000000000010100001100000000000000000000000000000000110010000110000000000000000000000000000000000000000000010010000000000000000000000000001010000000000000000011010000000000000001101
010000000100000000000000000000000000000000000100000110011000011100000001000000000000000000000000000000000000001000110001000110000000000000000000000000000000000000000010011000000000000000000000001101000000000000000000001010011000100000010001
011100000111000000000000000000000000000000000000000000001000000000000000000000000000000000000000000001100000010001100001111000000000000000000000000000000000000000000010111000000000000000000000001100000000000000000000000000001000000100111000
000000001001000000000000000000000000000000000000000000000000000000000000000000000000000000000000110000000000010000000000100000000000000000000000000000000000000000001000010000000000000000000000000101100000000001100000000000001100100000110100
011000000100000000000000000000000000000000000000000000000000000000000000000000000000000000000001110000001000100000000000000000000000000000000000000000000000000000011011010001100001100000000000000111000000000001100000000001101100010000101000
000000000011010000000000000000000000000000100000000000000000000000000000000000000000000000000001001100000000010100000000000000000000000000000000000000000000000000000110010010010000010000000000100000000000000000000000000000101100000000000100
000000000100001000000000000000000000000001010000000000000000000000000000000000000001000000000000111001100000001000000000110000000000000000000000000000000000111000000001001011011001001000000000101000000000000000000000000000100100000000000010
000000000010000000000000000000000000000010000000000000000000000000000000001100000001000000000000011000000000000001000000110000000000000000000000000000000000100000000000110000000000010000000000000000000000000000000000000000011000000000000000
000000000010000001100000000000000000000001100000000000000000000000000000001100000001000000000000000001100000000010100000000000110000000000000001110000000000010000000000000000000011100000000000011000000000000000000000000000000000000000000000
000000000000111001100000001100000000000000000000000000000000000000000000000000000000000000000000000000000000000100010000000000110000000000000001110000000000000000000000000000000011000000000000000100000000000000000000000000000000100000000000
000000000010011000000000001110000000000000000000000000000000000000000000000000000000000000000000000000000000001110100000000000000000000000000010101000000000000000000000000100000000000000000000000000110000000000000000000000000001100000000000
000000000010111000000000100000000000000000000000000000000000000000000000000000000000000000000000000000000000011000000000000000000000000000001110001100000000000000000000001010000000000000000000000000110110000000000000000000000010000000000000
000000000000000000000000111111000000000000000000000000000000000000000000000000000000000000000000000000000000011000100000000110000000000000000010111000000000000000000000000001000000000000000000000000010110000000000000000000000001110000000000
000000000000000000000000010011000000000000000000000000000000000000000000000000000000000000000000000000000000001000010000000110000000000000000000110000000000000000000000100001000000000000000000000001010000000000000001000000000000101000000000
000000000000000000000000000000000000000000000000000000000000000000000000000000000000000000000000000000000000000111100000000000000000000000000000000011000000000000000000100001000000000000000000000001101110010000000010100000000000011011000000
111000000000001000000000000011100000000000000000000000000000000000000000000001000000000000000000000000000000000000000000000000000100000000000000000000100000000000000000100001000000000000000000000001000111101000000010100000000000001010000000
001000000000100100000000010111100000000000000000000000000000000000000000000010100000000000000000000000000000000000000000000000000100000000000000000011000000000000000000010000100000000000000000000001001000000000000001000000000000000100000000
100010000001100010000000000000000000000000000000000000000000111011100000000010100000000000000000000000000000000000000000000000000000000000000000000001100000000000000010000001100000000000000000000001001000000000010100000000000000000000000000
011010000000000100000000000000000000000000000000000000000001001010010000000001000000000000000000000000000000000000001000010000000000000010000000000001100000000000001110101011001000000000000000000000100000000000010100000110000000000000000000
000110000000111000000000000110001000000000000011000000000000000000000000000000000000000000000000000000000000000000010000011000000000001001000000000001100000000000011101010000010100000000000000000000000000000000010010001001000000000000000000
000000000000000000000001000110001100000000000011000000000000010001110000000000000110000000000000000000000001000000100001101100000000001000100000000000000000000000001111110001010010000000000000000000000110000000001100000110000000000000000000
000000000000000000000001000000010110000000000000000000000001100000000000000000001001000000000000000000000011000011100010101000000000001001000000000010000000000000000011100001000010000000000000010001000110000010111100000000000000000000000000
000000000000000000000000011100000001000000000000000000000000000000000000000000000110000000000000000000000000001000000001101100000000000000000000000101000000000000000000000001101100000000000000100001000000000001110001000000000000000000000000
000000000000000001000000011000000001100000000000000000000000000000000000000001100000000000000000000000000110101000000100000110000000000000000000000010000000000000000000000000001100000000000001000101000000000001100010100000000000000000000000
000000000000000000100000000100001001110000000000000000000000000000000000000001100000000000000000000000000001100100000010000110000000000000000000000000000000000000000000000000000000000000000000110000000000000000000010100000000000000000000000
000000000100000010100000000100001001100000000000000000000000011000000000000000000000000000000000000000000000000010100010000000000000000000000000000000000000000000000000000000000000000000000000000000000000000000000001000000000000000000000000
000000110100000100100000000100001101000000000000000000000000011000000000000000000000011000000000000000000000000011000000000000000000000000000000000000000000000000000000001110000000000000000000000000000000000000000000000000000000000000000000
010000110000000111000000000011000100000000000000000000000000000000000000000000000000100100000000000000000100100000000000000000000000000000000000000000000000000000000000001001000000000000101000000000000000000000000000000000000000000000000000
101001001000001011000000000000011000000000000110000000000000000000000000000000000000011000000000000000010000100000000000001100000000110000000000010000000000000000000000011011000000000001101000010000000000000000000000000000000000000000000001
101101010000001100000000000000011000000000000000000000000000000000000000000000000000000000000000000000001000000000000000011010000001001000000000111000000000000000000000011000100000000000000000111000000000000000000000000000000111000000000001
101100110000000000000000000000000000000000000010000000000000000000000000000000000000000000000000000000000100000000000000001011000001001000000001010100000000000000000000011011000000100000010000101100000000000000000001100000001011000000000001
001100000000000000000000000000000000000000000011000000000000011000000000000000000000000000000000000000000000000000000000000101100000001000000001000100000000000000000000001011000000100000010000001110001100000000000001100000001001110000000000
011000000000000000000000000000000000000000000101000000000000000000000000000000000010000000000000000000000000000000000000000101000001010000000110000011000000000000000000011000000011000110000000001110001100000000000000000000001000100000000000
000000000000000000011000000000000000000000001101011000000000000000000000000000000110000000000000000000000110000000000000000010011001100000001000010000100000000000011000111000000011001100000000010000000000000000000000000000000101100000001100
011000000000000000001100000000000000000000000100111000011100000000000000000000001010000000000010000000001001000000000000000001110000000000011100101001110000000000011000111000000110011011100000011100000000000111000000000000000011000000001100
011000000011000000010000000000000000000000010100011000010100000000000000000000000000000000000010000000000110000000000000000000100000000000001000010000100000000000000011000011100011111010010000000100000000000110000000000000000000000000000000
011000000100100000000000000000000000000000111000000000100100000000000000000000011011000000000001000000000000000000000000000000000000000000000110000011000000000001000011111101100000100010010000000000000000000001000000000000000000000000000000
000000000011000000000000000000000000000000011000000000101000000000000111000000000110110000000000000000000000000000000000000000000000000000000001000100000000000000000000000101100000000001100000000001000000000000000000000000000000000000110000
000000000000000000000000000000000000000000000000000000111000000000000000000000001000111000000010000000000000000110000000000000000000000000000001010100000000000000100000111011000000000000000000000000110000000000000000000000000000000000001100
000000000000110000000000000000000000000000000000000000000000000000000000000000001100001100000000000111000000001000000000000000000000000000000001111000000000000000011000001010000000000000000000000000000000000000000000000000011000000010001011
100000000000111000000000000000000000000000000000000000000000000000000000000000001100100000000000000000000000000111000000011000000000000000000001010000100000000000000010101010000000000000000000000000000000000000000000000000011000000001101110
100000000000001111000000000000000000000111000000000000000000000000100000000000000001110000001110000000000000000010000000011000000000000000001010000001010000000000000001101000000000000000000000000000000000000000000000000000000000000001011100
000000000000000000110001100000000000000000000000000010000000000011100000000000000000000000000100000000000000000000000000000000000000000000000100000001000100010000000000000000000000000000000000000000000000000000000000000000000000000000011100
000000000000000110011000000000000000000000000000000100000110000011110000000000000000000001101000001100000000000000000100000000000000000000000000110000110111111000000000000000000000000000000000000000100000000000000000000000000000000110011111
000000000011000001001000000000000000000000000000001100000110000101100000000000000000000001111100001100000000000000001100000001100000000000000000110000111010100100000000000000000000000000000000001110011000000000000000000000000000010000010110
000000000001010000110000000000000000000000000000001110001100000000110000000000000000001101000010000000000000000000011010000010100000000000001000111000110011010010001100000001100000000001000011100010000000000000000000000000000000100000011000
000000000000100000000000000000000000000000000000100100010000000000110000000000000011001100010010000000000000000000000100000011000000000000010100010110010110000000001010000010010000000010100011110010001100011000000000000000000000100010001000
000000000000000000000000000000000000000000000001110110000000000000000000000000000010001100000100000000000000000000000000001100001001110000010000001100000000101000000100000001100000000010110111101110000111001000000000000000000100011100000000
011000000000000000000000000000000000000000000010000000000000011000000000000000001011000100111000000000000000000000000000010100001001000000000010110100000011101100000000000000000000000001000000001100000011110000000000000000001110011000000000
011000000000000000000000000000000000000000000011110000000000100100000000001110010111000100010000000000000000000000000000011000001001010000000001000000000010000000000000000000000000000000000111111000000001000000000000011000011001000000000000
000000000000000000110000000000000000000000000000100000000000011000110000011000101000000100010000000000000000000000000000000000000000010000000000000000000000000000000000000000011000000000000010010001011010000000000001000000101100100000000000
000000000000111000110000000000000111000000001100000000000000001000110000110110001000000000111100000000000000000000000000000000000000100000000000000000000000000000000000000000010100000000000010010000111000000000000001000100010111000000000000
000000000100011101100000000000000000000000001100000000000000000000000000011011111100000001011100000000000000000000000000000000000000000000000000110000000000000000000000000000001100000000000000000000100000000000000011000100000001110000000000
000000000100000101100000000110000000000000001100000000000000000000000000001001000000000000000000000000000000000000000000000000000000000000000001100000000000010100000001000000000011000000000000000000000000000000000011000100000000101000000000
000000000000101000100000000110000000000000000000000000000000000000000000000110000000000000000000000000000000000000011100000011000000010000000000010000000000100010000010100010000010100000000000000000000000000000000001101100001000101000001010
000100000100011000010001100000000000000000000000000000000000000000000000000010000100000100000000000000000000000000010011000100100000111000000000000000000011100000000001111001000001100000000000000000000000000000011011000000011000000000000000
000100000000011011111001010000000000000000000000000000000000000000001000000010001000001100000000000000000000000000110111000011000001111100000000000000000000000000000000111111000000000000000000000000000000000000011010001010000001000000110000
000100000010010010010001100000000000000000000000000000000000000000011100000000100010001010000000000000000000000000110010000000000011000110000000000000000000111000000000011110110000000000000000000000000001000000000011011001001101000000000110
000000000000000011001001100000000000000000000000000000000000000000111010000000011100000100000000000000000000000000111000000000000001111100000000000000000100001000000000000000101000000000000000000000000010100000100000010001000101000000101100
000000000000000001011000000000000000000000000000000000001100000001100011000000011000000000000000000000000000000000111001110000000000111000000000000000000010110000000000000000011000000000000000000000000010100000000000011000000000000000010000
000000000000000011011011000000000000000000000000000000010100000011100001100001100000000000000000100000000000000000110010110000000000010000000000000000000001110000000000000000000000000000000000000000000010000000000000000011010000000000001000
000000000000000011100010000000000000000000000000000000001000000001100011100100000000000000000011000000000000000111010010010000000000000000000000000000000000000000000000000000000000010000000000000000000011010000000000010001101000001100010100
000000000000000011101110000000000000000000000000000000000000000000101000000010000100000000000000000000000000000000000011000000000000000000000000000000000000000000000000000000000000101000000000000000000010011000000001000110010000010010000010
000000000000000001111000000000000000000000000000000000000000000000000001100000000000000000000100100000000000000000000000000000000000000000000000001100000000000000000000000000000000100100000000000000000001100100000011000010000110100010011100
000000000000000000110000000000000000000000000000000000000000000000000000100000000000000000000100000000000000100000000000000000000000000000000000010000000010001000000000000000000000011000000000001100000000001000000000000000100100100010000000
000000000000000011100000000000000000000000000000000000000000000000000111100000110000000000000110000000000001110001100000000000000000000000000001101011000001000100000000000000000000000000000000001100010000000000000011110000110000001100000000
000000000000000011000000000000111000000000000000000000000000000000010000000011101100011000000000000000000010101001100000000000000000000000000001100011000000000100000000000000000000000000000000000000101000000000010011000000010010001000000000
000000000000001101000000000000000000000000000000000000000000000000100000100100110000101100000010000000000010101000000000000000000000000000000000010001000010001000000000000000001100000000000000000000011000000011100001101100100110001000000000
000000000000001100000000000000000000000000110000000000000000000000100000100111000001100000010001100000000001110000000000000000110000000000000000000001110110000000000011100000001100000000000000000000000000000101100011001101100100001000000000
000000000000001100100000000000000000000000110000000000000000000000110011000100100000100000000000010000000000100001000000000000110000000000000000000011110000000000000100000000000000000000000000000000000000000000000001001110000011001000000000
000000000000000011000000000000000010000000000000000000000000000000001100100000000001110001000010001000000000000001000000000000000000000000000000000011010000000000000100010000000000000000000000000000000000000011011000000000000000101000000000
000000000000000000000000000000000101000000000000000000000000000000000001000101000000000100001011001000000000000001000000000000000000000000000000000001110000000010000010000000000000000000000000000000000000000001100000000000000000100100000000
000000000000000000000000000000000110000000000000000000000000000000000111001110000000000011100001011100000000000000000000010000000000000000000110000000110000000010000000000000000000000000000000000000000000110000111000000000000000011000000000
000000000000000000110000000000000000000000000000000000000000010010000100001110000000000001000000100100000000000000000000100100000000000000001001000000000000110000000000000110110000000000000000000000000001001000001000000000000000000000000000
000000000000000001001000000000000000000000000000000000000000000011000000000000000000000000000100011000000000000000000001100010000000000000000110000000000000110000010000001111110000000110000000000000000000110000001000000000000000000000000010
000000000000000000110000000000000000000000000000000000000000100000100000000000000000000000001010000000000000000010000000100000000000000000000000000010000000000000011000011000000000001001000000000000000000000000000000000011000000000000000101
000100000000000000000000000000000000000000000000000000000000000000010000000000000000000000010001000000000001010001100100010000000000000000000000000010000000000000100100011001011000000110000000000000000000000000000000000100100000000000000101
001010000000000000000000000000000000000000000000000000000000010001100000000000000000000000001010000000000001010101111100110010000000000000000000000010011100000000011000010000000100000000000000000000000000000000000000000011000000000000000010
000100000000000000000000000000000000010000000000000000000000000101100000000000000000000000000100000000000000100100001000001000000000000000000000000000001100000000010000011100010110000000000011100000000000000000000011000000000000000000000000
000000000000000010000000000000000001110000000000000000000000000101000000000000000000000000000000000001100000001000001011000000000000000011000000000000101100000000000000010001000001000000000101100000000000000000000011000000000010000000000000
000000000000000010000000000011000000001000000000000000000000000011000001110000000000000000000000000001100000000110101010000000000000000011000000000000000000000000000000010001110101000000000101000000000000000000000000000000000101000000000000
000000000000000010000000000010100100110000000000000000000000000000000010000000000000000000000000000000000000000000110100000000000000000000000000000000010000000000110000010001010001000000110100100000000000110000000000000000000000000000000000
000000000000000000000011000010100111001000000000000000000000000000000010001000000000000000000000000000000000000000000000000000000000000000010000000111000000000000110000011000010010000011010010000000000000110000000000000000001000100000000000
000000000000000000011011000001100000010000000000000000000000000000000000001000000000000000000000000000000000000110000000000000000000000001110000000110000000000000000000111000001110000100000000000000000000000000000000000000000000000000000000
000000000000000000000100000100110111011000000000000000000000000000000000001100000000000000000000000000000000001100000000000000000000000110000000000000000000000000000001010011000000000000011000000000000000000000000000000111000101000000000000