000000000000000000000100000001111100010000000000000000000000000000000000011000000000000000000000000000000000001100000000000000000000000100100000000000000000000000011000000000000000000011010000000000000000000000000000000010100000000000000000
000000000000000000000000000111000000010000000000000000010000000000000000010000000000000000000000000000000000011100110000000000000000000010001000000000000000000000011100000000000000000001000000000000000000000000000000000001100000000000001000
000000000000000000000100000000000000110000000000000001101000000000000000001110000000000000000000000000000000101110010000000000000000000010010000000000000000000001100100000000000000000000100000000000000000000000000000000011000000000000110100
000101000000000000001010001100000001110000000000000001100100000000000000001110000000000000000000000000000000000100010000000000000000000000100000000000000000000001100010000111111000000000000001010000000000000000000000000000000000000011110100
001000000000000000001100000110000000100000000000000000100110000000000000000000000000000000000000000000000000111100000000000000000000000000000000000000000000000001100010000010101000000000000000110000000000000000000000000000000011100011111000
001000000000000000000000001000000010110000000011000000010100000000000000000000000000000000000000000000000000010100000000000011000000000101000000000000000001100000011011000110100000000000000000100000000000000000000000010000000100110000000000
001000000000000000000000000110000100000000000011000000100100000000000000000000000001100000000000000000000000001101100000000011000000000100000000000000000001100000000000100110010010110110000000000000000000000000000000101000110100110000000000
001001000000000000000000000000001100000100000000001010001000000001100000000000000010010000000000000000000000001101100000000000000000001000010000000000000000000001000100100000101110000001000000000000000000000000000100001000001011000000000000
000100000000000000000000000000111100011010000000000000010000011010010000000000000010100000111000000000000000000010000000000000000000010110000000000000000000000001000110111000000110010001000000000000000000000000001101010000000000000000000000
000000000000000000000000000001110010100010000000000100000000001100000000000000000001000000110100000000000000000000000000000000000000100000010000000000000000000011010011001001000000100001000000000000000000000011000101100000000000000000000000
000000000000000000000000000011100010000100001100000010000000000100011000000000000000000010000010000000000000000000000000000000000000100010100000000000000000001100011000001110000000000001000000000000000000000100100010000000000000000000000000
000000000000000000000000000011000010000000001100000000000000000010101100000000000000000011111010000000000000001100000000000000000000100001100000000000001100010010010001000000000001000010000000000000000000000100100000001110000000000000000000
000000000001110000000000001001001001000000000000000000000000000000000110000000000000000001001000000000000000000110000000000000000000011001100000000000001100111011100000000000000000000011000000000000000000000110110000011100000000000000000000
000000000000010000000000000001000000000000000000000000000000011000000111000000000000000001100101000001100000001110000000000000000000001111000000000000000000010001100001000000000000100111100000000000000000000001100000010000000000000000000000
000000000000000000000000010001100001000001000000000000000000011000000110000000000000000001010100100001100001101001000000000000000001100110000000000011000000001000001000110110000000111011100000000000000000000000000000000000000000000000000000
000000011110000000000000010000111111100001000000000000000000000001101100000000000100000001000001100000000001100110000000000000000101010000000000000011000000001010011000010100000000000000000000000000000000000000000010000000000000000000000000
000000110100010000000000111000010010000001000000000000000000000000111000000000000100000000101100100000000001011110000000000000000000110100000000000000000000000000000000001000000000000000000000000000000000000000000101000000000000000000000000
000000110110100000000000111000000001100000000000000000000000000000010000000000000100000000100001000000000001011000000000000000000010001000000000000000000000000000000000000000000000000000000000000000000000000000000110000000000000000000000000
000000001000000000011100010000000000000000001000000000000000000000000000000000000000000000001000000001110001011010000000000000001100000000000000000000000000000000000000000000000000000000000000000000000000000000000000000000000000000000000000
000000000000000000100100000000000000000000010100110000000000000000000000011000000000000000001010000000100001000011000000000000000000000001100000000000000000000000000000000000000000000000000000000000000000000000000000000000000000000000000000
000000000000000001000001000000000000000000010100110000000000000000000000110001100000000000000000000010000011100011100000000000000000000110010000000000000000000011000000000100000000000000000000000000000000000000000000000000000000000000000000
000000000000000001111100011000000000000000001000000000000000000000000000111001110011100000000000000001100011000000000000000000000000001001100000000000000000000100100000011110000000000000000000000000000000000000000000000000000000000000000000
000000000110000000000100010110000000000000000000000000000000000000011100011001100010100000000001110000110001111000000000000000000000001001000000000000000000000110100000100001000000000000000000110000000000000000000000000000000000000000000000
000000000110000000000011000110000000000000000000000000000000000000011111000000000011100000000000000000000011010100000000000000000000000110000000000000110000000110000000100110000000000000000001000000000000000000000000000000000000000000000000
000000000000000000000000100100010000000001110000000000000000000000100010000000000000000000000000000001011000110110000000000000000000000000000000000000110000000010001000011100000000000000000000000000000000000000000000000000000000000000000000
000000000000000000000000000100001000000001010000000000000000000000101110000000000000000000001100000001100010110101000000000000000000000000000000100000000000000100010000010100001100000000000000000000000000000010000000000000000000001000000000
000000000000000000000001011000010000000001000000000000000000000000011000000000000000000000001100011000110000001101000000000000000000000000000001110000000000000011100000010100001100000000000000000000000000000111000000000000000000010110000000
011000000000000000000011000000000000000001010000000000000000000000000000000000000000000001110011001100001010000110000000100000000000000000000011111000000000000001100000000000000000000000000000000000000000001110100000000000000001111110000000
100100000000000000000000000000100000000001000000100000000000000000000000000000000000000001010011101000100010000100000011101000000000000000000110001100001110000010000000010010000000000000000000000000000000010001110000000000000110100001000000
100100000000000000000000000000100000000000110000110000000000000000000000000000000000000001000101110010000010000000000000001110000000001100001110000000000000000000011100001110000000000000000000000000000000110001000000000000001000011111000000
100100000000000000000000000000000000000000111000010000000000000000000000000000000000000000001100001111001010000000000101110010000000010010000110000000000000000000100010010001100000000001000000000000000001110001000000000000001000000011000000
011000000000000000000000000000000000000000000001000000000000000011000000000000000000000000000000000100110100000001110001000010000000010100000000000000000000000001000010111011010000000001000000001000000000100100000000000000000111101100000000
000000000000000000000000000000000000000000100001100000000001000010100000000000000000000000001000000011110000000000000010110010000000001000000000000000000000000001101011000101110000000001000000010100000000010000000000000000000000010000000000
000000000000000011000100000000000001000001000000110000000010100001000000000000000000000000000000000011100000000000011001001000000000000000000000011000000000000010000001000100100000000000000000110000000000000000111000000000000000000000000000
000000000000000011001010000011100011000010000110000000000010100000000000000011100000000000000000000000000000000000000110000000000000000000000000000100000000000010101000111000000000000000000001000000000000000000111000000000000000000000000000
000000000000000000000110000000000011000000001100000000000001000000000000000000000000000010000111000000000000000001111000000000000000000000000011000100000000000000110000000000101000000000000001010101000000000000000000000000000000000000000000
000000000000000000000000000000000011100000010000000000000000000000000000000000000000000010000110000000000000000000000100000000000110000000000011000000000000000000100000000000010000000000000001110101100000000000000000000000000000000000110000
000000000000000000000000000000000011101110000000000000000000000000000000000000000000000000000010100000000000000000000100000000001001000000000000111000101000000000001000000000100000000000000000000101000000000011000000000000000000000000000000
000000000000000000000000000000001111000000000000000000000000000010000000000000000000000000000100100000000000000000000000000000000110000000000000000001001000000000000100100001100000000000000000000010000000000011000000000000000000000000000000
000000110000000000000000000000000000101000000001100000000000000100000000000000000000000000100000000000000000011100000000000000000000000000000000000001000000000000000000100000000000000000000000000000000000000000000000000000000000000000000000
000000110000000000000000000000000001000100000001100000000110000111000000000000000000000000100000000000000000000100000000000000000000000000000000001000000100000000001110000001010000000000000000000000000000000000000000000000000000000000000000
000000000000000000000000000000000001100100000001000100000110000000000000000000000000000000000010000000000000010100000000000000000000000000000000000000110100100000000000000101111000000000000000000000000000000000000000000000000000000000000000
000000000000000000000000110000000001100100000000100100000000000000000000000000000000000000011000000000000000000000000000000000000000000000000000000000110110010000001110000100111100000000000000000000000000000000000000000000000000000000000000
000000000000000000000000010000000001010000100000010100000000000000000000000000000000000000000000000000000000000000000000000000000000000000000000000001010000110001000001100100111100000000000000000000000000000000000000000000000000000000000000
000000000000000000000000010100000000100000100000000000000000000000000000000000000000000000000000000000000000000000000000000000000000000000000000000101111000100010100110000010001100110000000000010000000000000000000000000000000000000000000000
000000000000000000000000001100000000100000100000000000000000000000000000000100000000000000000001100000000000000000000000000000000000000000000000000001001001000000000010010000110001001000000000101000000000000110000000000000000000000000000000
100000000000000000000001000000000000000000000000000000000000000000000000001010000000000000000010000000000000000000000000000000000000000000000000000001000010000000000001010000000000101000000001101011100000000110000000000000000000000000000011
010000000000000000000010100000000000001110000000000000000000000000000000000110000000000000000001100000000000000000000000000000000000010000000000000001100000000000000001100000000000010000000000101010100000000000000000000000000000000000000010
010000000000000000000110110000001100000000000000000000000010000000000000000000000000000000000000100000000000000000001100000000000000010000000000000001100000000000000001100000000000000000000000000000100000000000000000001100000000000000000100
011000000000000000000100100000001100000000000000000000001000000000000000000000000000000000000101000000000000000000010010000000000000010000000000000000000000000000000001110000000000000000000000000011000000000000000000001100000000000000000101
011000010100000100000011100000000000000000000000000000001111100000000000000000000000000000000000000000000000000000001100000000000000000000000000000000000000000000000010110100000000000000000000001010000000000000000000000000000001000000000011
110000010010001011000011100000000000000000000000000000001111100000000000000000000000000000000111000000000000000000000000000000000000000000000000000000000000000000000111011100000000000000000000000100000000000000000000000000000001000000000001
000000000011001011000111101000000000000000000000000000001000100000000000000000000000000000000000000000000000000000000000000000000000000000000000000010000000000000000011000100000000000000000011000000000000000000000000000000000001000000000000
000000000000000110000110001000000000000000000000000000001000000000000000000000000000000000000000000000000000000000000000000000000000000000000000000101000000000000000001000000000000000000000100100000000000000000000000000000000000000000000110
000000000000000000000011110000000000000000000000000000001010000000000000000011000000000000000000000000000001110000000000000000000000000000000000000101000000000000000000000000000000000000000110000000000000000000000000000000000000000111000110
000000000000100000000000100000000000000000000000000000000000000000000000000011000000000000000000000000000001110000000000001100000000100000000000000010000000000000000000000000000000000000011101000000000000000000000000000000000000001000110000
000000000001010000000000000000000100000000000000000000000000000000000000000000000000000010000000000000000000000000000000001100000001010000000000000000000000000000000000000000000000000000100001100000000000000000000000000000000000001110000000
000000011011100000000000000100001010000000000000000000000000000000000000000000000000000101000000000000000000000000000000000000000001010000000000000000000000011100000000000001110000000000100111010000000000000000000000000000000000000000000000
000000011000000000000000001010000110000010000000000000000000000001100000000000000000000101000000000000000000000000000000000000000000100000000000000000000000000000000000000000010000000000011101011000000000000000000000000000000100000000111000
000000001111000000011000001010000000000101000000000000000000000010010000000000000000000010000000000000000000000000000000000000000000000000110000000000000000000000000000000000100000000000000000000000000000000000000000000000011010000000111000
000000000101100000010100000100000000011000100000000000000000000001010000000000011100000000000000000000000000000000000000001111100110000000110000000000000000000000000000000000000000000000000000000000000000000000000000000000001010000000000000
000000000100000000001000000000000000110010100000000000000000000000100000000000000000000000000001000000000110000000000000000001000001000000000000000000000000000000000000000000000000000000000000000000000001000000000000000000000100000001011000
000000000001100000000000000000000001000000000000000000000000000000000000000000000000000000000111000000000100110000000000000000111001000000000000000000000000000000000000000000000000000000000000000000100010100000000000000000000000000000110000
000000000000000000000000000000000000110000000000000000000000000000000000000000000000000000000010010000000011100000000000000000011110000000000000000000000000000000000000000000000000000000000000000010010100100000000000000000000000000000000000
000000000000000000000000000000000000011010000000000000000000000000000000000000000000000000000001110000000001000000000000000000000000000000000000000000000000000011000000000000000000000000000000000001100011000000001100000000001100000000000000
000000000000000000000000000000000000001111100000000000000000000000000000000000000000000000000000100000000000000000000000000000000000000000000000000000000000000011000000000000000000000000000000000000000000000000000100000000001111000000000000
000000000000000000000000000000000000001000100000000000000000000000000000000000000000000000000000000000000000000000000000000000000000000000000000000000000000000000000000000000000000000000000000000000000000000000100000000000010111000000000000
000000000000000000000000000000000000000111000000011000000000000000000000000000000000000000000001110000000000000000000000000110000000000000000000000000000000000000000000000000000000000000000000000000000000000000010000000000110000000000000000
000000000000000000000000000000000000000111000000011000010000000010000000000000000000000000000010010000000000000000000000000111000000000000000000000000000000000000000000000000000000000000000000000000000000111000010000000000011000000000000000
000000000000000000010000000000000000000000000000100000110001100001000000000000000000000000000001001010000000000000000000000001100000000000000000000000000000000010000000000000000000000000000000000000000000101000000000000000000000011100000000
000000001100000000111000000000000000000000000000011001011101100000100000000000111000000000000001110011000000000000000100000111011000000000000000000000000000000010000100000000000000000000000000000000000011001000000000000000000001110000000000
000000001100000001111100000000000000000000000000011001000010000001000000000000110110000000000001100001100000000000001010000110100110000000000000000000000000000010001010000000000000000000000000000000000111000000000000000000010001100000000000
000000000000000010000010000000000000000000000000000000111001000010000000000000111110000000000000000001000000000000000111000000000001000000000000000000000000000000001001000000000000000000000000000000011111000000000000000000111000000000000000
000000000000000110010011000000000000000000000000000000001100101100000000000000000000000000000000000010000000000000111111000000000000000000000000000000000000000000000110000000000000000000000000000000011000000000000000000000010000000000000000
000000000000001110101011100000000000000000000000000000001000010000000000000000000000000000000000000000001110000000001011000000010110000000000000000000000000000000000000000000000000000000000000000000011011000011000000000000000000000000000000
110000000000000110010011000000010000000000000000000000000100000000000001000000001100000000000000000000001110111000000110000000010000000000000000000000011000000000000000000000000000000000000001100000000111101001000000000011000000000000000000
110000000000000010000010000000101000000000000000000000000000000000000001000000000000000000000000000000001010010110000000000000011100000000000000000001100100000000000000000000000000000000000001100000000000011011000000000001100111001010000000
000010000000011110000100000000101000000000000000000000000000000000000001000000000000000000000000000000000000010110000000000000001010000000000000000001001110000000000000000000000000000000000000000000000000010010000000000000000100001000000000
000111000000101000000000000000010000000000000000000000000000000000000000000000000000000000000000000000000000111100000000000000000010000000110000000001000010000000000000000000000000000000000000000000000000001100000000000000000000111110000000
001101000001110000010000000000000000000000000000000000000011000110011100000000000000000000000000000000000000000000000000000000000000000001001000000000111110000000000010000000000000000000000000000000000000000100000000000000000010100000000000
011000000000000001100000000000000000000000000000000000000000000000000000000000000000000000000000000000000000000000000000100000000100100000101000000000001100000000000010000000000000000000000000000000000011000000000001100000000001000000000000
001101000000000011001100000000000000000000000011000000000000000000000001000100000100000000000000000000000000000000000100000000000100000000010000000000000000000000000010000000000000000000000000000000000010001111000001100000000000000000000000
000111000000000111001000000000000000000000000100100000000000011110000001001010001010000000000000000000000000000000001110010000000001100000000000000000000000000000000000000000000000000000000000000001100001000010100000000000000000000000000000
000010000000000000000000000000000000110000000100110100000000100001000001000110001010000000000000000000000000000000011000010000000001010000000000000000000000000000111000000000000000000000000000000010010000100000000000000000000000000000000000
000000000000100100000000000000000000110000000011000100000000100000100000000000000100000000000000000000110000000000100001000000000010111000000000000000000000000000000000000000001000011000000000000001100000000100010000010000000000000000000000
001100000000101010000000000000000000000000000000001010000000010111011000000000000000000000000000000011110000000001100000000000011000111000000000000001110000000000000000000000100100101000000000000000000000000100100000001100000000000000000000
010010000000010010110011000000000000000000000000011011000000000000000100000000000001100000001000000100001000000011100000000000011000000000000000000000000000000000000000000001100100110000000000000000000000000011100000011000000000000000000000
010100000000001110001001000000000000000000000000100000100000000110000100000000000010010000010100000101101100000001100000000000011001000000000000000000000000000000000000000011000101000000000000000000000011000010100000000000000000000000000000
001000000000000000100110000000000000000000000000000100000000000100001000000000000010010000011000000011100000000000100011000000000111000000000000000000000000000000000000000100000001110000000000000000000011000001100000000000000000000000000000
000000000000000000011100000000000000000000000000110001100000000011100000000000000001100000000000000000000000000000011001000000000111000000000000000000000000000000000000000011100000001000000000000000000000000000000011000000000000000000000000
000000110000000000000000000000000000000000000000000000000000000000000000000000000000000000000000000000000000000000001110000000000000001000000000000001100000001100000000000001111010001000000000000000000000000000000010100000000000000000000000
000011001000000000000000000000000000000000000000000000000000000000000000000000000000000000000000000000000000000000000100000010000000010100000000000000010000001100000111000000000110001000000000001110000000000000000000100000000000000000000000
000000011000000000000000000000000000000000000000000000000000000000000000000000000000000000000000000000000000000000000000000010000000010100000000000010010000000000001000100000001100100100000000000101100000000000000011100000000000000000000000
000000000000000000000000000000000000000111100000000000000000000001000100000000000000000000011000000000000000110000000000000010000000101100111000000011010000000000000000000000001100100010000000000101010000010000010111000000000000000000000000
000011000000000000000000000000000000001010001000000000000000000011100000100000000000000000100100000000000000101000000000011000010000010100000000000000100000000000010000010000000001000110000000011101010000010000001100000000000000000000000000
000000000000000000000000000000000000010000110100000000000000000111110100010000000000000000000010000011000000001100000000011000101000010100000000001100000000000000010001011000000001110000000000000010110000010001100000001110000000000000000000
000000000000000000000000000000000000001100010010000000000000000000110000000000000000000000000011000100100000011000000000011000001100001000000000001111000000000000001110011100010010000000000000001100000000000001110001100001000000000000000000
000000000000000000000000000000000000000000000010000000000000000000000010001100000000000000000011100011000000000000000000000100000000000000001000001000100000000000000100100010100000011000000000000111100000001110100000100000100000000000000000
000000000000100000000000000000000000000000000000000000000000000000100001001000000000000000000011000000000000000000000000000000000100000000010100000010000000000000000110000110000101000100000000000001000000011111100000001001000000000000011000
000000011000100000000000000000000000000000010110000000000000000000000000110000000000000000000010000000000000000000000000000011000010000000100001100011100000000000000010100010111010100000000001000000000000010000100000000111000000000000010100
000110100110000100000000000000000000110000000000000000000000000000000000000000000000000000100100000000000000000000000000000000011100000000000000000000000000000011000000001110000000000000000010100000000000000110000000000000000000000000000010
000100000110110000000000000000000001000000110110000000000000000000000000000000000000000000011000000000000000000000000000011000010000000011100110000000000100000011000000001100000000000000000000000000000000000000000000000000000000000000000001
000100001000110000000000000000000000000001101100000000000000001110000000000000000000000000000000000000000000000000000000100100011100000100000000000001000000000000000000000000000000000000000101000000000000000000000000000000000000000001110000
000010100000100000000000000000000000000110110000000000000000010010000000000000000000000000000000000000000000000000000000011000010000000111110000010001000000000000000000000000000011000000001000011100110000000000000000000000000000000001001111
000001000000000000110000000000000000000000100000000000000000000000000000000000000000000011000000000000000000000000000000000101001110000000000000101101100000000000000000000000000100100000001000110100110000000000000000000000000000000000010001
100000000000000001000000000000000000001100010000000000000000001001000000000000000000000011000000001110000000000000000000111111110001000000000001000110000000000011000000000000000010100000000100010110111001000011000000000000000000000000100000
100000000000000001101100000110000000000010010000111000000000000111000000000000000000000000000000001110000000000000000001001110000001000000000001000100000000000010000000000000000001000000000011100110011010100101100000100000000000000000001011
100111000000000001110010000110000000000000111000000000000000000000000000000000000000000000000000010011000000000000000010100011100000010000000001010100000000000000000000000000000000000000000000111110000011100100010001010000000000000000010001
000100000000000010100111000000000000000000011000100100000000001000000000000000000000000000000000100000000000000000100010100000101011000010000000110000000000000000000000000000000000000100000000011100000011100111001000100000000001000000000101
000100100000000010010010000000000000000000000000110100000000001000000000000110000000000000000000010011110000000001110111000000000010000010000000000000000000001110000000000000000000001110000000000000000110000001101000000000000001000000000000
000000010000000001001100000000000000000000000000010110000000000000000000000110000000000000011000001110011000000010101100000110111100101000000000000000000000000000000000000000000000010011000000000001010100000100101000000000000001000110001001
000011010000000000000111000000000000000000000000001100000000001100011000000110110000000000100100000000100000000111011100001110000010000000000000000000000000100000000000000000000000000000000000000001011000000110010000000000000000000010000100
000000000000000000010010100000000000000000000000000000000000001010001010000000110000110000010101110000000000000010101000001010110010000000000000000000000000100000000000000000000000000000000000000001100000000011100010000000000000011011000010
000100100000000001100100010000000000000000000000000000011000010000000100000000000001001000000010110000010000000101110000000000000110000000000000000000000000100011100000000000000000000000000000001100100000000000000101000000000000001101000000
101000000110000000000100010000000000000000000000000000100100001001000000000000000000001000000001100000011100110100100000000000000000000000000000000000000000010100100000010000000001100100000000000101011000000000000101000000000011011101000011
001010000110000000000100010000000000000000000000000000011000011011000000000000000010001000000110001100100100110001000000000111000000000011100000000000000000011100000110010000000000100000001100000011001000000000000010000000000000001100000000
101100100000000000000010100000000000000000000000000000000000001000000000000000000000000000000110001100000010001110000000000000000000000000000000000110000001000000100110010000000000010010000010000011110000000000000000000000000000011010001100
000000100000000000000001000000000000000000000000000000000000011000000000000000000001100000000010001110111100101110000000000000000000000000000000000110000010001000000000000000000000001000000010000000000000000000000000000000000000000101011111
000000100000000000000000000000000000000000000000000000000000010000000000000000000000000000000110000011000111101010000000000000000000000000000000000000000100000000000000000000000000000000001110000000000000000000000000000000000000000100111000
000000000000000000000000000010000000000000000000000000000000001100000000000000000000000000000101000011011011000001000000000000000000000000000000010000000000000110000000000000000000000000000000000000000000000000000000000000000000000000000000
000000001110000000000000001101100000000000000000000000000000000000000000000000000000000000000010000101101110001010000000000000000000000000000000101000000011010110000000000001010000000000000000000000000000000000000000000000000000000001000000
000000000000000000000000010001100000000000000000000000000000000000000000000000000000000000000000001000000110000000000000000000000000000000000000101000000000100000000000000000010000000000000000000000000000000000000000000000000000000001000000
000000000000000000000000000000000000000000000000000000000000000000000000000000000000000000000000000110000000000000000000000000000000000000000000010000000000010010000000000001110010000000000000000000000000000000000000000000000000000000000000
000000000000000000000000000000000000000000000000000000000000000000000000000000000000000000000000000000000000000000010000000000000110000000011000000000000000010010000000000000000101000000000000000000000000000000000000000000000000000000000000
000000000000000000000011000000000000000000000000000000000000000000000000000000000000000000000000000000000000000000111000000000000001001000000010000000000000001010000000001000000010000000101110000000110000000000000000000000000000000000000000
000000000000000000000011111100000000000000000000000000000110000000000000000000000000000000000000000000000000000001111100000000000110010000000010000001000000001100000000010100001010000000101101000000110000000000000000000000000000000000000000
000000000000000000000000000110000000000000000000000000001010000000000000000000000000000000000000000000000000000000100100000000000100100000000001000011100000000000000000010100110110000000000010000000000000000000000000000000000000000000000000
000000000000000000000000000100100000000000000000000000010010000000000000000000000000000000000000000000000000000001010110000000000010101110001101000110110000000000000000000000100010000000000000000000000011000000000001100000000000000000000000
000000000000000000000000000100100000000000000000000000000010000000000000000000000000000000000000000000000000000000000110000000000100100000000110001110111000000000000000000000000100001000000000000000000010000000000001100000000000000000001100
110000000000000000000000000110010000000000000000001100100011000000000000000000000000000000000011000000000000000010001000000000000011000000000000000110110000000000000000000000001000000010000000000000000010000000000000000000000000000000001110
000100000000000000000000000100110000000000000000010011000001001110000000000000000000000000000100100010000000000001110000000000000000000111010000000011100000000000000000000000000000001111000000000000011100000000000000000000000000000000010000
000000000000000000000100000000000000000000000000110111100010001001000000000000000000000000000011000101000000000011000000000000000000000111010000000001000000000000000000010000000000000000000000000000110000000000000000000000000000000000001100
000011111000000000001000000000000000000000000000110000100000000000100000000000000000000000000000001101000000011001000000000000000110000000000000000000000000000000000000100000000000000000000000000000111100000000000000000000000000000000000000
111111100010000000001000110000000000000000000000110000011000000110110000000000000000000000000000000001111111100000000000110000001111000000000000000000000000000000000000000000000000010110000000000000000110000000000000000000000000000000000011
000000001000000010000100010000000000000000000000001000000000000000110000000000000000000000000000000110000010000000100000011000001010010000000000000000000000000000000000011100000000011100000000000000000110000000000000000000000000000000000000
000000000000000000110001010000000000000000000000001000000000000000100000000000000000000000000000100100111011110001000110110000000011100000000000000000000000000000000110000000000000000010000000000111000000000000000000000000000000000000000000
000000000011100001110001100000000000000000001000010000000000000000000000000000000000000000000000100010000010001010000011100000000001000000000000000000100000000000000111000000000000000000000000000000000000000000000000000000000000000000011000
000000000000000000100000000000000000000000000000000000000000000000000000011111000000000000000001001100111100000000000011000000000000000000000000000000100000000000010100000000000000000000000000000000010000000000000000000000000000000000011000
010000000000000000000000000000000000000000001010000000000000000000000000100000100000000000000001001010100100000000000000000000000000000000000000000000100000000000001100000000000000000000000010000000000000000000000001111000000011100000000000
010000000000101000000000000000000000000000000100000000000000000000000000100000000000000000000000100100000000000000000000000000000000000000000000000000000000001110011001000000000000000000000010000000000000100000111001001000000000000000000000
111000000000101000000000000000000000000000000000000000000000000000000000100000010000000000000000110000000000000000000000000000000000000000000000000000000000010001110101000000000000000111000010000000000001100001101001110000000000000000000000
000000000000111000000000000000000000000000000111000000000000000000000000011000000000000000000000000000000000000000000000000000000000000000000001110000000000100000101001000000001100000111000000000000000001110011000100000000000000000000000000
100110000100000000000000000000000000000000000000000000000000000000000000000000100000000000000000000000000000000000000000000000000000000000000000000000000000000000101110000000001100001000100000000000000100000100000001000000000000000000000001
111100000100000000000000000000000000000000000000000000000000000000000000000000100000000000001110000000000000000000000000000000000000000000000000000000000000000000001000000000000000001111000110000000011010000010001101010000000000000000000001
100100000010000000000000000000000100000000000000000000010000000000000000000000100000000000100110000000000000000000000000000000000000000000000000000000000000100011100000000000000000000111000000000000001010000010100010010000000000000000001001
100011000000000000000000000000000010011000000000000000101000000000000000000000000000000001000010100000000000110000000000000000000000000000001000000000000000000001100000000000000000000000000000000000011000100000011100011000000000000000001111
100100100000000000000000000000010101000100000000000000101000000000000000000000000000000001000100011000000000110000000000000000000000000001111000000000000000000000000000000000000000000000001000000000000011100001110100000000000000000000000001
000001100000000000000000000000111100000100000000000000010000000000000000000000000000000000011111001000000000000000000100000000010000000000010000000000000000000000000000000000000000000000010100000000000000000000000101000000000000000000000101
100000010000000000000000000000100000001001000000000000000000000000000000000000000000000000000111001000000000000000000100000000101000000001110000101000000000000000000000000000000000000000010100000000000000000001100001100000000000001100000100
100000100000000000000000000000001000000111000100000111000000000000000000000000000000000000111001010000000000001110000100000000101000000000010000011000000000000000000000000000000000000000011000000000000000000000011000000000000000001100000001
110010100000000000000000000000000000010010000110000101000000000000000000000000000000000010110000000000000000000000000000000000110000000001110000010100000000000000000000000000000001000000000000000000000000000000000100000000000000000000000001
011101000000000001100000000000010000110100000011000000000000000000000000000000000000000011000000000000000000000000000000000000000000000001100000010100000000000000000000000000110010100000000000000100000000000000000010100000000000000000001000
010000000000000010100000000000000110011110000000000001000000010100000000000000000000000000000000000000000000000000000000000000000000000000101000110000000000000000000000000000110010100000000000001100000000000000001000000000000000000011101100
100000000000000011000000000000001110000000000000000101000000010100000001100001000000000000000000000000000000000001000000011100000000000000011000011000000000000000000000000000000001000000000000011101110000000000001000000111000000000001001110
000011100000000000000000000000011000000000100000000000000000010000000010010010100000000000000000000000000000000111100000100000000000000000000000000000000000000000000001100000000000000000000000011011001000000000001000011000000000000001010000
000000000000000000000000000000010000000000011011000000011000001100000010100001100000000000000000000000000000001000010001000010000000000000000000000000000000000000000111100000000000000000000000010001011000000000000000100011100000000001000000
000100001110000000000000000000000000000000001110000000100100011000000001000000000000000000000000000000000000010000011001000000000000000000000000000000000000000000000100000000000000000000000000001100010000000000000000011000000000000000100111
110100001100000000000000000000000000000000000100000000011000000000000000000000000000000000000000000000000000100011110011011100000000000000000000000000000000000000000001000000000000000000000000000010010000000000000000000000000000000000000110
011000001001000000000000000000000000000000000000000000000000000000000000000000000000000000000000100000000000000000100001111000000000000000000000000000000000000000010000010000000000000000000000000000010000000001100000000000000000000000001100
000000001101100000000000000000000000000000000000000000000000000000000000000000000000000000000011000000000000000000000000000000000000000000000000000000000000000000000011110011110000100000000000001100100000000001100000000001100000000000001110
000000001100100000000000000000000000000001100000000000000000000000000000000000000000000000000001100000000000100100000000000000000000000000000000000000000000110000011000000000001001001000000000000111000000000000000000000000110110000000001100
000000001001000000000000000000000000000001100000000000000000000000000000000000000001000000000001110000000000011000000000110000000000000000000000000000000000101000000111000001101101001000000000010100000000000000000000000000101100000000000000
000000000101100000000000000000000000000010100000000000000000000000000000001100000001000000000000010000000000000011100000110000000000000000000000100000000000100000000001111111110100001000000000011000000000000000000000000000011000000000000000
000000000001010001100000000000000000000000000000000000000000000000000000001100000001000000000000000000000000000010010000000000110000000000000001110000000000000000000000000000000110110000000000011100000000000000000000000000000000000000000000
000000000001111011100000011000000000000000000000000000000000000000000000000000000000000000000000000000000000000110110000000000110000000000000010101100000000000000000000000000000000000000000000000000010000000000000000000000000001100000000000
000000000000001100000000011011000000000000000000000000000000000000000000000000000000000000000000000000000000000001100000000000000000000000000110001100000000000000000000000110000000000000000000000000011100000000000000000000000010010000000000
000000000000111000000000100001000000000000000000000000000000000000000000000000000000000000000000000000000000000010000000000000000000000000000110100110000000000000000000000101000000000000000000000000100010000000000000000000000010010000000000
000000000000110000000001101001100000000000000000000000000000000000000000000000000000000000000000000000000000001110000000000110000000000000000010101100000000000000000000000000100000000000000000000000100110000000000000000000000011010000000000
000000000000000000000000111011100000000000000000000000000000000000000000000000000000000000000000000000000000001000100000000110000000000000000001110000000000000000000000100100000000000000000000000011010100000000000001000000000001001110000000
011000000000000000000000000001100000000000000000000000000000000000000000000000000000000000000000000000000000001000100000000000000000000000000000000000000000000000000001010000010000000000000000000000011001010000000010100000000000000001000000
100100000000100000000000000001110000000000000000000000000000000000000000000001000000000000000000000000000000000100100000000000000000000000000000000001000000000000000001010010010000000000000000000100000110010000000110100000000000011001000000
000100000001011110000000000100100000000000000000000000000000111011100000000010100000000000000000000000000000000000000000000000000000000000000000000000000000000000000001010000000000000000000000000000001011000000000110000000000000001110000000
000010000010000010000000000011000000000000000000000000000000101010100000000010100000000000000000000000000000000000000000000000000000000000000000000000000000000000000001010010001000000000000000000010010000000000000000000000000000000000000000
010011000001000010000000000101000000000000000000000000000000101010010000000001000000000000000000000000000000000000000000001000000000000000000000000001100000000000000001111000000000000000000000000000100000000000111111000110000000000000000000
011011000000110100000000000110001100000000000011000000000000010001010000000000000000000000000000000000000000000000110000110100000000000101100000000011100000000000111000101111010010000000000000000000000000000000011011001001000000000000000000
000100000000011000000000000001000010000000000011000000000000000001110000000000000110000000000000000000000011000001010001000000000000001101100000000011100000000000000000011100000010000000000000000000000110000000000011000110000000000000000000
000000000000000000000000111010000110000000000000000000000000000000000000000000001001000000000000000000000101100011010010010100000000001000000000000011000000000000000000100011000011000000000000000000000110000000000000000000000000000000000000
000000000000000000000000111000000101100000000000000000000000000000000000000000000110000000000000000000000100110101100100100000000000000000000000000101000000000000000000000011000010000000000000100001000000000000001000000000000000000000000000
000000000000000000000000110000000010010000000000000000000000000000000000000001100000000000000000000000000110000100000000100010000000000000000000000010000000000000000000000000000100000000000001010001000000000000000000100000000000000000000000
000000000000000000110000000110000100111000000000000000000000000000000000000001100000000000000000000000000010110000000111000000000000000000000000000000000000000000000000000000001000000000000000100000000000000000000010100000000000000000000000
000000010000000001110000001010011011010000000000000000000000011000000000000000000000000000000000000000000001101101000000000000000000000000000000000000000000000000000000001110000000000000000000000000000000000000000001000000000000000000000000
000000110000000001100000001000000001100000000000000000000000011000000000000000000000011000000000000000000000000111000000000000000000000000000000000000000000000000000000001110000000000000000000000000000000000000000000000000000000000000000000
111101010000001101100000000000110001000000000000000000000000000000000000000000000000100100000000000000000000000000000000001000000000000000000000010000000000000000000000000000100000000001100000010000000000000000000000000000000000000000000000
111101011000011011000000000000100110000000000000000000000000000000000000000000000000011000000000000000000000000000000000011110000000110000000000010000000000000000000000000010100000000000000000111000000000000000000000000000000010000000000001
100101001000001110000000000000111000000000000111000000000000000000000000000000000000000000000000000000000000000000000000100011000000000100000000000000000000000000000000000010110000000001110001101100000000000000000000000000000110000000000010
100000111000000100000000000000000000000000000001000000000000000000000000000000000000000000000000000000000000000000000000010010100000000100000001010100000000000000000000000010100000000000000000000000000000000000000001100000011010000000000001
101000000000000000000000000000000000000000001101100000000000000000000000000000000000000000000000000000000000000000000000010111110000000100000001111100000000000000000000000011000001010100000000000000001100000000000001100000010010000000000001
011000000000000000001000000000000000000000000001100000000000000000000000000000000111000000000000000000000000000000000000001101011001001000000110111011000000000000000000000010000000101100000000000000001100000000000000000000010011000000000000
000100000000000000001100000000000000000000000000000000001000000000000000000000000001000000000000000000000110000000000000000011011001100000000011010110000000000000010100001110000001111000000000110110000000000010000000000000001000100000001100
011000000000000000010100000000000000000000010100011100110110000000000000000000000000000000000000000000001001000000000000000011001000000000110111101111011000000000010010001101000110010111100000000110000000000100000000000000000011100000001100
100100000011000000000000000000000000000000110110000000110110000000000000000000011000100000000000000000000110000000000000000001110000000000000011010110000000000000000011000011101110000000010000001000000000000100000000000000000001000000000000
011000000100100000000000000000000000000001100100000000000000000000000000000000001000100000000000000000000000000000000000000000100000000000000110111011000000000000000111011100000000000110010000000000000000000000000000000000000000000000000000
000000000010000000000000000000000000000000010000000001101100000000000111000000011000010000000000000000000000000000000000000000000000000000000100111100000000000000000000100100000000000011100000000000000000000000000000000000000000000000011000
000000000010110000000000000000000000000000000000000001101100000000000000000000011110100100000000000000000000000000000000000000000000000000000000010100000000000000000000111100000000000000000000000000000000000000000000000000000000000000011110
000000000000100000000000000000000000000000000000000000010000000000000000000000010000001100000000000111000000001001000000000000000000000000000100010000000000000000000001101000000000000000000000000000000000000000000000000000011000000011100111
100000000000001010000000000000000000000000000000000000000000000000000000000000001110001100001110000000000000001000100000011000000000000000000000100000000000000000000000001000000000000000000000000000000000000000000000000000011000000010100001
100000000000011010100000000000000000000111000000000000000000000000000000000000000100000000001010000000000000000101000000011000000000000000000101000001000000000000000001110000000000000000000000000000000000000000000000000000000000000000100001
100000000000001000001000000000000000000000000000000100000000000000000000000000000001110000001010000000000000000010000000000000000000000000000110000011000000011000000000000000000000000000000000000000000000000000000000000000000000000001000011
100000000001000110001100000000000000000000000000000100000000000000000000000000000000000000001100001100000000000000001100000000000000000000000000100011000000011100000000000000000000000000000000000100100000000000000000000000000000000001000011
000000000010100010001000000000000000000000000000001010001000000000000000000000000000000010000100001100000000000000010010000001100000000000000000100001100000000000000000000000000000000000000000001001010000000000000000000000000000000000110000
000000000010000001110000000000000000000000000000100000001100000000000000000000000000001000001010000000000000000000010010000010100000000000000000000001011101110000001100000001100000000001100000001000010100000000000000000000000000111000111000
000000000001000000000000000000000000000000000001000010001000000000000000000000000000001111000110000000000000000000001100000011000001100000011000000011111110101000001010000010010000000010011000000000110100011000000000000000000100101100011000
000000000000000000000000000000000000000000000010001100000000000000000000000000000000000110100110000000000000000000000000001100001100010000000000000000010000100100000100000001100000000010000000000010001000001000000000000000001110100110000000
011000000000000000000000000000000000000000000010000000000000011000000000000100000000001000111000000000000000000000000000010100001111000000000000010000000110001100000000000000000000000001101001000110001100000000000000000000001010000000000000
011000000000000000000000000000000000000000000010101000000000100100000000011110011100001011010000000000000000000000000000011000001110100000000001010000000001000000000000000000000000000000000111000000000110000000000000000000000000001000000000
000000000000000000000000000000000000000000001010110000000000100100110000101110000000000100000000000000000000000000000000000000000000000000000000000000000000000000000000000000011000000000000011000000000010000000000001110000000001000000000000
000000000000111000000000000000000111000000001001000000000000010100110001110001100000000000000000000000000000000000000000000000000000000000000000100000000000000000000000000000010100000000000000000000011100000000000001101000000000110000000000
000000000000001110000000000000000000000000010010000000000000000000000000100000100100000000001100000000000000000000000000000000000000000000000001100000000000000000000000000000001100000000000000000000000000000000000001111010000000011000000000
000000000000000100010000000110000000000000001100000000000000000000000000011111000100000000000000000000000000000000011000000000000000010000000001010000000000000000000000000000000011000000000000000000000000000000000000000000000000000000000000
000000000000001110111000000110000000000000000000000000000000000000000000001101100000000000000000000000000000000000011110000011000000111000000000000000000001110000000000000000000010100000000000000000000000000000001101100010011000000000000000
000100000000010100001101100000000000000000000000000000000000000000001000000100100000001100000000000000000000000000000000000100100001111100000000000000000001110000000000000000000001100000000000000000000000000000010000000000100000000000000000
000100000000100000000010010000000000000000000000000000000000000000011000000011000000011010000000000000000000000000000001000011000011000110000000000000000000110000000000000000100000000000000000000000000000000000100000000000110011000000000000
000100000000010100000010010000000000000000000000000000000000000000111110000000000000001010000000000000000000000000000101100000000111000111000000000000000000011000000000000001110000000000000000000000000001000000010111000010010001000000010010
000000000000000000000110110000000000000000000000000000000000000001000111000000000000000100000000000000000000000011100100000000000011000110000000000000000000001100000000000001001000000000000000000000000110000000000011000000111110000000110000
000000000000000000000010100000000000000000000000000000001100000011000110000000111000000000000000000000000000000011001101010000000001111100000000000000000011111000000000000000111000000000000000000000000000000000000000011010111000000000100010
000000000000000000000111000000000000000000000000000000010100000111000110000001100000000000000000000000000000000010100001111000000000111000000000000000000001110000000000000000000000000000000000000000001000100000000000010000010000000000010000
000000000000000000000011000000000000000000000000000000001000000010010001000001100000000000000001100000000000000111001000000000000000010000000000000000000000100000000000000000000000010000000000000000000000001000000001110000000100011100000100
000000000000000000000000000000000000000000000000000000000000000001100010100000000000000000000011000000000000000011000111000000000000000000000000000000000000000000000000000000000000101000000000000000000100000100000010101000100001000001010010
000000000000000000000100000000000000000000000000000000000000000000100001100000000000000000000110000000000000100000000000000000000000000000000000010000000000000000000000000000000000100100000000000000000001111000000010100100000000000001011100
000000000000000111000000000000000000000000000000000000000000000000000010010000010000000000001110000000000000100000000000000000000000000000000000111011000000000000000000000000000000011000000000001100000000000000000010000000000000000001001100
000000000000000000000000000000000000000000000000000000000000000000000010110000011000001000000000000000000001110001100000000000000000000000000001001101000000001100000000000000000000000000000000001100010000000000000000000001000001000100000000
000000000000000000000000000000111000000000000000000000000000000000000010100000100100110100000101000000000000000001100000000000000000000000000001100101000000001100000000000000000000000000000000000000101000000001100001101010000010100000000000
000000000000000000000000000000000000000000000000000000000000000001110001011100111001000100000001100000000000000000000000000000000000000000000000000000010010000000000011000000001100000000000000000000011000000000010000011110000001000000000000
000000000000011000000000000000000000000000110000000000000000000001000110111100011001110000000010010000000001110000000000000000110000000000000000000000001010000000000000000000001100000000000000000000000000000000110010100000000001000010000000
000000000000001101000000000000000000000000110000000000000000000001000010101101100000010000000000001000000000100001000000000000110000000000000000000000010000000000000100100000000000000000000000000000000000000001010011000111100011000010000000
000000000000000111000000000000000010000000000000000000000000000000100000001010000001110000000100001000000000100001000000000000000000000000000000000000000000000000000111000000000000000000000000000000000000000011100000000110000000100010000000
000000000000000010000000000000000101000000000000000000000000000000010001110110000001110000100000000000000000000001000000000000000000000000000000000000011000000000000000000000000000000000000000000000000000000010010000000000000000100100000000
000000000000000000000000000000000110000000000000000000000000000000001101111010000000000010010100011000000000000000000000100000000000000000000110000000000000000000000000000000000000000000000000000000000000110001011100000000000000011000000000
000000000000000000110000000000000000000000000000000000000000000011000010000110000000000010100011100100000000000000000001010000000000000000001001000000000000110000000000000000000000000000000000000000000001001000011100000000000000000000000000
000000000000000001001000000000000000000000000000000000000000000000000000000100000000000001001110011000000000000000000010001000000000000000000110000000000000110000101000000000011000000110000000000000000000110000000000000000000000000000000010
000000000000000000110000000000000000000000000000000000000000000000000000000000000000000000010001000000000000000000000011001000000000000000000000000010000000000000100100000000011000001001000000000000000000000000000000000011000000000000000101
000100000000000000000000000000000000000000000000000000000000000000010000000000000000000000010001000000000000000000000011000000000000000000000000000010001000000001000100000000001000000110000000000000000000000000000000000100100000000000000101
001010000000000000000000000000000000000000000000000000000000000011000000000000000000000000010001000000000000010111000100001000000000000000000000000010001100000000100101100000010010000000000001000000000000000000000000000011000000000000000010
000100000000000000000000000000000000111000000000000000000000000110000000000000000000000000001110000000000000110110000000001000000000000000000000000000010010000000101001001011000001000000000011000000000000000000000011000000000000000000000000
000000000000000010000000000000000000101000000000000000000000000110000001100000000000000000000000000001100000011000100000000000000000000011000000000000010100000000000001000111010001100000000101000000000000000000000011000000000000000000000000
000000000000000010000000000111000011000100000000000000000000000010000000000000000000000000000000000001100000000100000001000000000000000011000000000000010100000000000001001100010001100000100100000000000000000000000000000000000000000000000000
000000000000000010000010000100111100001100000000000000000000000000000000110000000000000000000000000000000000000011001110000000000000000000000000000010000000000000110000101011000000000011010100000000000000110000000000000000000000000000000000
000000000000000000000111000010110101001000000000000000000000000000000000101000000000000000000000000000000000000111111000000000000000000001010000000101000000000000110000000000110001000010000100000000000000110000000000000000000000000000000000
000000000000000000001001000001100001010000000000000000000000000000000000000000000000000000000000000000000000001100000000000000000000000111110000000000000000000000000000000000011001000110000100000000000000000000000000000010000000000000000000
000000000000000000001110000011010100011000000000000000000000000000000000000100000000000000000000000000000000001010000000000000000000000100000000000000000000000000000000001000001110000010001000000000000000000000000000000110100000000000000000