000000000000000000001110000100010100110000000000000000000000000000000000011000000000000000000000000000000000000010000000000000000000000110000000000000000000000000010100000000000100000011100000000000000000000000000000000110110000000000000000
000000000000000000000000000011011000011000000000000000110000000000000000010000000000000000000000000000000000000000110000000000000000000111010000000000000000000000000100000000000000000011000000000000000000000000000000000000100000000000011000
000000000000000000000100001000000001001000000000000001001000000000000000010010000000000000000000000000000000000010011000000000000000000001010000000000000000000001000110000011110000000000000000000000000000000000000000000011100000000000000100
000000000000000000001010001110000001000000000000000000001110000000000000001010000000000000000000000000000000100000000000000000000000000000000000000000000000000010010110000110101000000000000000010000000000000000000000000000000001000010000100
001100000000000000001100000010000000000000000000000001110110000000000000000100000000000000000000000000000000110110000000000000000000000000000000000000000000000001000010000000001000000000000001010000000000000000000000000000000011110010001000
011100000000000000000000001000000001110000000011000000110100000000000000000000000000000000000000000000000000100000000000000011000000000010000000000000000001100000110111000000100000000000000000110000000000000000000000010000001100000001110000
011100000000000000000000000100001110000000000011000000010100000000000000000000000001100000000000000000000000010001100000000011000000001110000000000000000001100000001110100110111011000010000000000000000000000000000000001000010100010000000000
001100000000000000000000000000000010001100000000000000011000000001100000000000000010010000010000000000000000001000100000000000000000001010000000000000000000000000000110101100011000111001000000000000000000000000001110101000011111100000000000
000000000000000000000000000001000010011010000000000100000000011011100000000000000010100000101000000000000000000111000000000000000000011100000000000000000000000001001100101000001011000011100000000000000000000000001101010000000000000000000000
000000000000000000000000000010000011011010000000000000000000010010011000000000000001000001100100000000000000000000000000000000000000110111000000000000000000000111010011100010000000000011100000000000000000000011001101100000000000000000000000
000000000000000000000000000000010110000000001100000000000000001110011100000000000000000010000010000000000000000000000000000000000001110000110000000000000000001101011011001110000000000011000000000000000000000100100011000100000000000000000000
000000000000100000000000000100000111000000001100000000000000000000000010000000000000000010111000000000000000001110000000000000000000100010010000000000001100100010011000000100000000000010000000000000000000001100100000010010000000000000000000
000000000000110000000000000001100000000000000000000000000000000000000001000000000000000000001010000000000000000000000000000000000000011000000000000000001100101110010000000000000000000000100000000000000000000110010000010010000000000000000000
000000000000010000000000000011000000000000000000000000000000011000001001000000000000000011010110000001100000011001000000000000000000100000100000000000000000100110110000100000000000101000000000000000000000000011110000010000000000000000000000
000000001100000000000000000001001101100000000000000000000000011000000001000000000000000011001000100001100001101001000000000000000011110001000000000011000000011101101000110110000000111000100000000000000000000000000000000000000000000000000000
000000110110000000000000000001001100100011100000000000000000000001100010000000000000000001010111110000000010000001000000000000000011010110000000000011000000000100011000110110000000010001000000000000000000000000000010000000000000000000000000
000000000001000000000000000000110000000000000000000000000000000001000100000000001110000001110010100000000011000010000000000000000011110000000000000000000000000000000000001000000000000000000000000000000000000000000101000000000000000000000000
000000100110000000001000000000000001000000000000000000000000000000111000000000000000000000001100000000100011000010000000000000000100011000000000000000000000000000000000000000000000000000000000000000000000000000000110000000000000000000000000
000000011100000000011100111000000000000000001000000000000000000000000000000000000000000000010100000001110011011011000000000000000100000000000000000000000000000000000000000000000000000000000000000000000000000000000000000000000000000000000000
000000000000000000110110000000000000000000010100110000000000000000000000111000000000000000000100000000110000010000100000000000000000000011100000000000000000000000000000000000000000000000000000000000000000000000000000000000000000000000000000
000000000000000001000110000000000000000000010100110000000000000000000000000001010001000000000000000000100000100010100000000000000000000110010000000000000000000011000000000110000000000000000000000000000000000000000000000000000000000000000000
000000000000000001111110111100000000000000001000000000000000000000001000000010010010100000000000100001110000000001000000000000000000001001100000000000000000000100100000011110000000000000000000000000000000000000000000000000000000000000000000
000000000110000000110100110010000000000000000000000000000000000000010001001001010100010000000000100001110000011000000000000000000000001001100000000000000000001000000000100001000000000000000000100000000000000000000000000000000000000000000000
000000000110000000000011100000000000000000100000000000000000000000100001000000000010100000000000100000001010000110000000000000000000000110000000000000110000000000000000100110000000000000000000100000000000000000000000000000000000000000000000
000000000000000000000001001100000000000001010000000000000000000000100000000000000001000000000000000001010110000100000000000000000000000000000000000000110000000010000000110000000000000000000000000000000000000000000000000000000000000000000000
000000000000000000000000110100011000000011010000000000000000000000101010000000000000000000001100000001001001100001000000000000000000000000000001110000000000000100110000110110001100000000000000000000000000000111000000000000000000001100000000
000000000000000000000011101000000000000011000000000000000000000000011000000000000000000000100000011101110101010001000000000000000000000000000010001000000000000010010000000000001100000000000000000000000000001000000000000000000000000010000000
011000000000000000000011100000000000000011000000000000000000000000000000000000000000000001010000000100100100000000000000110000000000000000000100000100000100000000100000001000000000000000000000000000000000001000010000000000000011000001000000
100100000000000000000000000000000000000001010000110000000000000000000000000000000000000011011100001000000011000110000001101000000000000000001000101100000100000001111000001010000000000000000000000000000000110100010000000000000110000001000000
111110000000000000000000000000000000000001001000110000000000000000000000000000000000000000100100000010000011000000000000001010000000001100001001000000000100000000011100011110000000000000000000000000000001001011000000000000001000011100100001
100100000000000000000000000000000000000000101000010000000000000000000000000000000000000000001110111001111010000000100011111011000000010010001010000000000000000000111011100000100000000000000000000000000001001010000000000000001011100001000000
011000000000000000000000000000000000000000100001000000000000000011000000000000000000000000001100001000000100000000100000000111000000010100000000000000000000000001010010111100010000000011100000001000000001001000000000000000000111111110000000
000000000000000000000000000000000000000000000001010000000001000010100000000000000000000000000000000100001000000000001010110100000000001000000000000000000000000011100110010100010000000000000000110000000000000000010000000000000011111000000000
000000000000000011000100000001000011000001000010110000000010100001000000000001000000000000000000000010010000000000001001110000000000000000000000001000000000000010100111010111110000000000000000111000000000000000101000000000000000000000000000
000000000000000011001010000001000000100000001110000000000010100000000000000001000000000000000010000001000000000000000110000000000000000000000000000100000000000000100000111000010000000000000001011000000000000000101000000000000000000000000000
000000000000000000000110000001000100000000001110000000000001000000000000000001000000000000000101000000000000000000111010000000000000000000000011000000000000000000100000010000010000000000000011010001100000000000010000000000000000000000000000
000000000000000000000000000000000100010100001000000000000000000000000000000000000000000000000000000000000000000000110100000000000110000000000010011000000000000000100000000000110000000000000001010101100000000000000000000000000000000000000000
000000000000000000000000000000000000010100000000000000000000000000000000000000000000000000000010000000000000000000000000000000001001000000000001110000010000000000000000000001110000000000000000101101100000000011000000000000000000000000000000
000000000000000000000000000000000100001000000000000000000000000000000000000000000000000000000001000000000000001000000000000000000110000000000000010001110000000000000000000001100000000000000000000010000000000011000000000000000000000000000000
000000110000000000000000000000000100100000000001100000000000000101000000000000000000000000000000000000000000001100000000000000000000000000000000000000000000000000001011000001000000000000000000000000000000000000000000000000000000000000000000
000000110000000000000000000000000001011100000010000000000110000110000000000000000000000000000000000000000000010110000000000000000000000000000000000000101000000000000100000011011000000000000000000000000000000000000000000000000000000000000000
000000000000000000000000000000000010001110000001000000000110000010000000000000000000000000010000000000000000001000000000000000000000000000000000000000110100000000000000000001000100000000000000000000000000000000000000000000000000000000000000
000000000000000000000000110000000010011000000000100110000000000000000000000000000000000000000000000000000000000000000000000000000000000000000000000001000111010000000111001100000000000000000000000000000000000000000000000000000000000000000000
000000000000000000000000010000000001010000000000001000000000000000000000000000000000000000000000000000000000000000000000000000000000000000000000000011000101110001001001000111100010000000000000000000000000000000000000000000000000000000000000
000000000000000000000000010100000001110001110000000000000000000000000000000000000000000000000000000000000000000000000000000000000000000000000000000001001001110001000110100001000110110000000000010000000000000000000000000000000000000000000000
000000000000000000000000001100000000000000000000000000000000000000000000000100000000000000000001000000000000000000000000000000000000000000000000000001001101000000000111100000011001001000000001101101000000000110000000000000000000000000000001
100000000000000000000001000000000000000100000000000000000000000000000000001010000000000000000010000000000000000000000000000000000000000000000000000011000000000000000011010000000000101000000001101010100000000110000000000000000000000000000011
010000000000000000000110110000000000000100000000000000000000000000000000000110000000000000000001100000000000000000000000000000000000000000000000000010000000000000000010010000000000010000000001100010110000000000000000000000000000000000000110
010000000000000000000110110000001100000100000000000000000000000000000000000000000000000000000010100000000000000000001100000000000000111000000000000001100000000000000010000000000000000000000000000110100000000000000000001100000000000000000100
000000000000000000000100000000001100000000000000000000001000000000000000000000000000000000000000000000000000000000010010000000000000000000000000000000000000000000000010001000000000000000000000000111000000000000000000001100000000000000000101
000000001000000110000100010000000000000000000000000000010000100000000000000000000000000000000101000000000000000000001100000000000000000000000000000000000000000000000100000100000000000000000000000011000000000000000000000000000000000000000000
011000001111001001000000000000000000000000000000000000010000010000000000000000000000000000000010000000000000000000000000000000000000000000000000000000000000000000000100010110000000000000000000000100000000000000000000000000000011100000000011
100000000011001000000000100000000000000000000000000000011010100000000000000000000000000000000010000000000000000000000000000000000000000000000000000010000000000000000100000100000000000000000011000000000000000000000000000000000000000000000011
000000000000000111000000001000000000000000000000000000011000000000000000000000000000000000000000000000000000100000000000000000000000000000000000000101000000000000000011000000000000000000000100000000000000000000000000000000000000000010000110
000000000000000000000110110000000000000000000000000000000100000000000000000011000000000000000000000000000001010000000000000000000000000000000000000101000000000000000000000000000000000000000001000000000000000000000000000000000000000111101110
000000000000100000000000110000000000000000000000000000000000000000000000000011000000000000000000000000000001010000000000001100000000100000000000000010000000000000000000000000000000000000011101100000000000000000000000000000000000001000100000
000000000010010000000000000000000100000000000000000000000000000000000000000000000000000010000000000000000000100000000000001100000001010000000000000000000000001000000000000000100000000000100000000000000000000000000000000000000000001100000000
000000011111100000000000000100001010000000000000000000000000000000000000000000000000000101000000000000000000000000000000000000000001010000000000000000000000001000000000000000110000000000100100011000000000000000000000000000000000000100010000
000000000000100000000000001010000110000010000000000000000000000001100000000000000000000101000000000000000000000000000000000000000000100000000000000000000000001000000000000001010000000000011101011000000000000000000000000000001100000000101000
000000010001100000011000001010000000001111000000000000000000000010010000000000001000000010000000000000000000000000000000000111000000000000110000000000000000000000000000000000000000000000001000000000000000000000000000000000011010000000101000
000000000001100000010100000100000000111110100000000000000000000001010000000000001000000000000000000000000000000000000000000111100010000000110000000000000000000000000000000000000000000000000000000000000000000000000000000000011010000000000000
000000000000000000001000000000000000111001000000000000000000000000100000000000001000000000000001000000000110000000000000000100001101000000000000000000000000000000000000000000000000000000000000000000000001000000000000000000000100000000011000
000000000000000000000000000000000001000000000000000000000000000000000000000000000000000000000101100000000100110000000000000000100001000000000000000000000000000000000000000000000000000000000000000000000010100000000000000000000000000000111000
000000000000000000000000000000000000111000000000000000000000000000000000000000000000000000000100010000000010010000000000000000100110000000000000000000000000000000000000000000000000000000000000000000010100100000000000000000000000000000000000
000000000000000000000000000000000000100010000000000000000000000000000000000000000000000000000001010000000011100000000000000000001100000000000000000000000000000011000000000000000000000000000000000001100011000000001100000000001000000000000000
000000000000000000000000000000000000000010100000000000000000000000000000000000000000000000000001110000000000000000000000000000000000000000000000000000000000000011000000000000000000000000000000000000000000000000001100000000010001000000000000
000000000000000000000000000000000000001000100000000000000000000000000000000000000000000000000001010000000000000000000000000000000000000000000000000000000000000000000000000000000000000000000000000000000000000000000000000000110001000000000000
000000000000000000000000000000000000001000100000011000000000000000000000000000000000000000000001110000000000000000000000000101000000000000000000000000000000000000000000000000000000000000000000000000000000010000110000000000100110000000000000
000000000000000000000000000000000000000101000000101000110000000000000000000000000000000000000010011000000000000000000000000100100000000000000000000000000000000000000000000000000000000000000000000000000000101000000000000000111000001000000000
000000000000000000111000000000000000000010000000100000000011100001000000000000010000000000000011001111000000000000000000000000010000000000000000000000000000000000000000000000000000000000000000000000000000101100000000000000000000011000000000
000000001100000001000100000000000000000000000000101001011100100001100000000000101100000000000010010110100000000000000100000100011100000000000000000000000000000111000100000000000000000000000000000000000100110000000000000000000001000000000000
000000001100000001000100000000000000000000000000011001000010100001000000000001000010000000000001010000100000000000001001000100111110000000000000000000000000000000001010000000000000000000000000000000000000100000000000000000111001010000000000
000000000000000110000011000000000000000000000000000000111011000110000000000000100010000000000000000011100000000000000000000000000010000000000000000000000000000000001001000000000000000000000000000000010001000000000000000000101000000000000000
000000000000001000010000100000000000000000000000000000000100111100000000000000011100000000000000000000000100000000010000100000000010000000000000000000000000000000000110000000000000000000000000000000100000000000000000000000111000000000000000
000000000000001000101000100000000000000000000000000000001000011000000000000000000000000000000000000000001011010000000000000000001000000000000000000000000000000000000000000000000000000000000000000000010000100011000000000000000000000000000000
110000000000001000010000100000010000000000000000000000000000000000000000000000000000000000000000000000010000111100000111000000110010000000000000000000111000000000000000000000000000000000000001100000001100101000100000000011100010000000000000
110000000000000001000111000000101000000000000000000000000000000000000011100000000000000000000000000000001011000010000000000000010100000000000000000001100010000000000000000000000000000000000001100000000011001011000000000011100110000100000000
000111000000011010000000000000101000000000000000000000000000000000000000000000000000000000000000000000000000000000000000000000011010000000000000000011001010000000000000000000000000000000000000000000000000010011000000000000000101100010000000
001001000001000000000000000000010000000000000000000000000000000000001000000000000000000000000000000000000000110110000000000000000100000000110000000001000001000000000000000000000000000000000000000000000000001110000000000000000001101100000000
010001000001110000100000000000000000000000000000000000000000000000001000000000000000000000000000000000000000011000000000000000000000000001001000000000110010000000000000000000000000000000000000000000000000001100000000000000000000101100000000
010000000000100011111000000000000000000000000000000000000000000000001000000000000000000000000000000000000000000000000000000000000000000000101000000000000010000000000111000000000000000000000000000000000011001000000001100000000001000000000000
010001000000000100011100000000000000000000000011000000000000001100000000000100000100000000000000000000000000000000001110000000000011100000010000000000000000000000000000000000000000000000000000000000000010000111000001100000000000000000000000
001001000000000101001100000000000000000000000100110000000000011110000011101010001010000000000000000000000000000000010010000000000011100000000000000000000000000000010000000000000000000000000000000001100001000010000000000000000000000000000000
000111000000000100000000000000000000110000000100111000000000101111000000000110001010000000000000000000000000000000011010100000000010001000000000000000000000000000010000000000000000000000000000000010010000000000000000000000000000000000000000
000100000000010100000000000000000000110000000011110110000000110000110000000000000100000000000000000000010000000001100000000000000000000000000000000000100000000000010000000000000000011000000000000001100000000000000000001000000000000000000000
001100000000101011000000000000000000000000000000011011000000000011111000000000000000000000000000000011001000000010010000000000011101101000000000000000100000000000000000000001111100101000000000000000000000000100110000000100000000000000000000
010010000000010010010011000000000000000000000000011011000000001001000100000000000001100000001000000100001100000010010000000000100100110000000000000000100000000000000000000010101101110000000000000000000000000110110000011100000000000000000000
010100000000001110101001000000000000000000000000011111000000000110001100000000000010010000010100000100101100000010010000000000010001000000000000000000000000000000000000000011100001000000000000000000000011000010010000000000000000000000000000
001000000000000100000010000000000000000000000000110001100000000100000000000000000010010000011000000010110000000001100011000000000000100000000000000000000000000000000000000100100011110000000000000000000011000001100000000000000000000000000000
000000000000000000011110000000000000000000000000000000000000000011000000000000000001100000000000000001000000000000011001000000000101000000000000000000000000000000000000000010000001101000000000000000000000000000000011000000000000000000000000
000001110000000000001000000000000000000000000000000000000000000001000000000000000000000000000000000000000000000000010010000000000010001000000000000000100000001100000010000010011010011100000000000100000000000000000010100000000000000000000000
000001001000000000000000000000000000000000000000000000000000000000000000000000000000000000000000000000000000000000001110000000000000010100000000000001010000001100000111000000100011011100000000001111000000000000000010110000000000000000000000
000000011000000000000000000000000000000011000000000000000000000000000000000000000000000000000000000000000000000000000000000111000000110110010000000011011000000000000111000000000001010100000000000001100000000000000100100000000000000000000000
000000000000000000000000000000000000000111000000000000000000000011100000000000000000000000011000000000000000110000000000000100000000100110010000000011010000000000000000000000001111100010000000000101010000000000000000100000000000000000000000
000000000000000000000000000000000000001010001000000000000000000100011000000000000000000000011100000000000000101100000000011100010000110110010000000111100000000000000000111000000011010110000000001101011000111000111100000100000000000000000000
000000000000000000000000000000000000010000110100000000000000000100001000000000000000000000000111000011000000000100000000100100001100010100000000001001000000000000010110000100000011100000000000010011110000000001001000000110000000000000000000
000000000000000000000000000000000000001000111110000000000000000010011000001000000000000000000100100100100000011100000000010100011100001000000000010011000000000000001111000100000001001000000000001000010000001100010001110111000000000000000000
000000000000000000000000000000000000000000000000000000000000000000110000001100000000000000000100100011000000000000000000001000001100000000001000001000000000000000000001010011000010001000000000001101100000010000000001110001100000000000000000
000000000000000000000000000000000000000000000110000000000000000000000001101100000000000000000100100000000000000000000000000010000000000000011000000110100000000000000110000110101111111000000000000001100000010000110000000101100000000000011000
000000011101000000000000000000000000000000000000000000000000000000000000110000000000000000000111000000000000000000000000000000000010000000000000000011000000000000000111001000011111000000000001000000000000010000100000000111000000000000010100
000110010010110000000000000000000000100000110000000000000000000000000000000000000000000000011100000000000000000000000000000000111100000000100011000001000000000011000000011011010000000000000001000000000000000000000000000010000000000000000010
001100001010111000000000000000000000100001110110000000000000000100000000000000000000000000011000000000000000000000000000011000100000000011000000000000000000000011000000001010000000000000000011000000000000000000000000000000000000000000100000
000110000100000000000000000000000000000010000110000000000000001110000000000000000000000000000000000000000000000000000000100100110000000100010000000000000000000000000000000000000000000000000000001000000000000000000000000000000000000001111101
000011000000110000000000000000000000000010001000000000000000001010000000000000000000000000000000000000000000000000000000011110110010000111100000011001000000000000000000000000000011000000001100010100110000000000000000000000000000000001001111
100001000000000000100000000000000000001011100000000000000000000000000000000000000000000011000000000100000000000000000000100001001110000011100000111101100000000000000000000000000100100000001100100000000000000000000000000000000000000000111101
100000000000000001001000000000000000000100110000010000000000000101000000000000000000000011000000001010000000000000000000110000111101000000000001100001000000000011000000000000000010100000000110010000000101000011100000000000000000000000010010
010010000000000010001100000110000000000100000000010000000000000111000000000000000000000000000000010000000000000000000001000000010000100000000011000100000000000011000000000000000001000000000011000000101010100101100000100000000000000000010010
000110000000000010000001000110000000000000100000101000000000000110000000000000000000000000000000011011000000000000000010110010110011100000000001010000000000000000000000000000000000000000000000000000000000011100010001010000000000000000001100
101101000000000010001101000000000000000000101000111000000000000000000000000000000000000000000000110000000000000001110000100000110111000000000000111000000000000100000000000000000000001110000000100010000000100101001000100000000000000000000011
000000000000000010110001000000000000000000000000110100000000000000000000000110000000000000000000011011111000000000000001000001100010000100000000000000000000000100000000000000000000001001000000001000001100000100101100000000000011100000000010
000011010000000000001001000000000000000000000000110010000000001100000000001000000000000000011000001110001000000100000000001011011111000000000000000000000000000100000000000000000000001011000000000000010110000100101000000000000000000110000000
000000100000000000000001000000000000000000000000001110000000001100011100000110110000000000100110111100010000000100000000001000000011000000000000000000000000000000000000000000000000000000000000000011011000000100010000000000000000001000000110
000011100000000000101000100000000000000000000000000000000000011000011000000001110000110000001101010000000000000000000100001011000011000000000000000000000001110001000000000000000000000000000000000011000000000111100010000000000000011001000000
000000000000000000101110110000000000000000000000000000011000011100000100000000000000101000000010000000010000001100000000000000000110000000000000000000000000110011100000000000000000000000000000001100000000000001000101000000000000100001100010
011000000110000000001110111000000000000000000000000000100100001111000000000000000000011100000100101000110100110000010000000010000000000001000000000000000000110100100000000000000001100000000000001101011000000000000101000000000000010000000001
101000000110000000000110110000000000000000000000000000011000011011000000000000000000000000000100011100010111100001000000000010000000000001000000000000000000110100000110111000000001110000000100000100001000000000000010000000000000100000000110
011101000000000000000011100000000000000000000000000000000000000000000000000000000001000000000001010001100011100001000000000010000000000001000000000110000000010100000110000000000000010000000010000010110000000000000000000000000000010010010001
000001110000000000000001000000000000000000000000000000000000011000000000000000000000000000000001001000111000100001000000000000000000000000000000000110000010000000000000000000000000000000000011000001100000000000000000000000000000000101000011
000000000000000000000000000000000000000000000000000000000000010100000000000000000000000000000101000000000000101011000000000000000000000000000000000000000000000100000000000000000000000000000110000000000000000000000000000000000000000010100010
000000000100000000000000000111000000000000000000000000000000001000000000000000000000000000000101000100010000110011000000000000000000000000000000010000000010001110000000000000000000000000000100000000000000000000000000000000000000000000110000
000000000100000000000000001100100000000000000000000000000000000000000000000000000000000000000010000101100000000000000000000000000000000000000000101000000001101110000000000000100000000000000000000000000000000000000000000000000000000000000000
000000000100000000000000001011100000000000000000000000000000000000000000000000000000000000000000001001001010000000000000000000000000000000000000101000000001111110000000000001011000000000000000000000000000000000000000000000000000000000000000
000000000000000000000000000000000000000000000000000000000000000000000000000000000000000000000000000100000000000000000000000000000000000000000000010000000000110000000000000000111010000000000000000000000000000000000000000000000000000000000000
000000000000000000000000000000000000000000000000000000000000000000000000000000000000000000000000000000000000000000111000000000000010000000000000000000000000011011000000000000100101000000000100000000000000000000000000000000000000000000000000
000000000000000000000010011000000000000000000000000000000000000000000000000000000000000000000000000000000000000001000100000000000001000000000100000000000000011010000000001000000011000000001010000000110000000000000000000000000000000000000000
000000000000000000000010111110000000000000000000000000000110000000000000000000000000000000000000000000000000000001000100000000000111110000000011000011100000001100000000010100011011000000001001000000110000000000000000000000000000000000000000
000000000000000000000001110010000000000000000000000000001011000000000000000000000000000000000000000000000000000000000000000000000100101100000101000100010000000000000000000000111011000000000110000000000000000000000000000000000000000000000000
000000000000000000000000001101000000000000000000000000000011000000000000000000000000000000000000000000000000000000100000000000000110100100001101001000001000000000000000000000111010000000000000000000000011000000000001100000000000000000000000
000000000000000000000000001101110000000000000000000000000110000000000000000000000000000000000000000000000000000000000010000000000100110100001110001000001000000000000000000000000100000000000000000000000110000000000001100000000000000000001010
000000000000000000000000001111010000000000000000001111000011000100000000000000000000000000000011000000000000000001111100000000000011000010000000001000001000000000000000000000000000001011000000000000001010000000000000000000000000000000010010
000000000000000000000000000110110000000000000000110000000001001110000000000000000000000000000100100010000000000000110000000000000000000101000000000100010000000000000000000000000000000111000000000000111100000000000000000000000000000000010010
000011110000000000000000000000000000000000000000000100100000001011000000000000000000000000000011001101000000000010000000000000000000000101000000000011100000000000000000000000000000000110000000000000000000000000000000000000000000000000001000
111000010000000000001100000000000000000000000001000010100000000110110000000000000000000000000000001101011111110011000000000000001001000010000000000000000000000000000000000000000000000000000000000000100110000000000000000000000000000000000111
111100001100000000001100110000000000000000000000101000010000000000000000000000000000000000000000001001111111110000000000111000001001000000000000000000000000000000000000011000000000010110000000000000010000000000000000000000000000000000000001
111111000000000000011000011000000000000000000000001000000000000000000000000000000000000000000000000110000000010000000001001000001000000000000000000000000000000000000000001000000000010000000000000010000110000000000000000000000000000000000001
000000000001000000011011010000000000000000000000011000000000000000110000000000000000000000000000000101010010110001000110001000000110100000000000000000000000000000000101001000000000001100000000000010000000000000000000000000000000000000000000
000000000001000001000001100000000000000000000000000000000000000000000000001110000000000000000001111011000010110000000000010000000011100000000000000000000000000000000001000000000000000000000000000010000000000000000000000000000000000000011000
000000000001000001110000000000000000000000000100000000000000000000000000011111000000000000000001111010111110000000000010100000000000000000000000000001110000000000000000000000000000000000000000000000000000000000000000110000000001000000011000
000000000000000000000000000000000000000000000100000000000000000000000000101111000000000000000001111011100100000000000000000000000000000000000000000000000000000100000110000000000000000000000000000000000000000000010001111000000001000000000000
000000000000000000000000000000000000000000000100000000000000000000000001110000000000000000000001101100000000000000000000000000000000000000000000000000000000001111000000000000000000000010000111000000000001100001101010001000000001000000000000
111000000001101100000000000000000000000000000100000000000000000000000000100000000000000000000000110000000000000000000000000000000000000000000000100000000000011111000101100000000000000101000000000000000000000010001111110000000000000000000000
001100000000101000000000000000000000000000000010000000000000000000000000010000000000000000000000000000000000000000000000000000000000000000000000100000000000000000000001000000001100001000100000000000000011010011100011000000000000000000000001
000110000000010000000000000000000000000000000010000000000000000000000000000000000000000000000100000000000000000000000000000000000000000000000000100000000000000000001010000000001100001000100000000000001111100101001100100000000000000000000001
000000000110000000000000000000000000000000000000000000000000000000000000000001110000000000001010000000000000000000000000000000000000000000000000000000000000000000101000000000000000001000100000000000011010000111000101000000000000000000000010
000100000000000000000000000000000000000000000000000000010000000000000000000000000000000000001000000000000000000000000000000000000000000000000000000000000000000010110000000000000000001001000000000000000001000001000010010000000000000000001000
010111000000000000000000000000001110001000000000000000101000000000000000000000000000000001100011010000000000110000000000000000000000000000101000000000000000000010100000000000000000000010000000000000011010100000000110011000000000000000001100
000000100000000000000000000000110100000100000000000000101000000000000000000000000000000000100000111000000000110000000000000000000000000000101000000000000000000000000000000000000000000000001000000000000001100000110100000000000000000000001000
000001110000000000000000000000100110001110000000000000010000000000000000000000000000000000000001101100000000000000000000000000010000000000000000000000000000000000000000000000000000000000010100000000000001000000011001100000000000000000000001
100001010000000000000000000000100100001001000000000010000000000000000000000000000000000000100000011000000000000100001110000000101000000000011000001000000000000000000000000000000000000000110100000000000000000000111011100000000000001100000000
000001110000000000000000000000000000001101000110000101000000000000000000000000000000000001101101100000000000000100000000000001101000000000001000100100000000000000000000000000000000000000011000000000000000000000111000000000000000001100000010
000110100000000000000000000000000000110001000101000101000000000000000000000000000000000010001000000000000000000100000000000000110000000001010000110100000000000000000000000000000001000000000000000000000000000000001100000000000000000000000001
000111000000000001100000000000000000100000000111000010000000000000000000000000000000000011100000000000000000000000000000000000000000000000000000010000000000000000000000000000110010100000000000001100000000000000000100000000000000000001011100
110000000000000010100000000000000011110110000000000010000000000000000000000000000000000000000000000000000000000000000000001000000000000001101000100000000000000000000000000000110010100000000000010000100000000000000100000010000000000011100010
000001000000000011000000000000010010001100000000000010000000110000000001100001000000000000000000000000000000000001100000011000000000000000011000111000000000000000000000000000000001000000000000000001110000000000011100001110000000000000000010
000001000000000000000000000000010000000000010000000000000000010100000010010010100000000000000000000000000000000111100000111100000000000000000000000000000000000000000000100000000000000000000000100000001000000000000000011000100000000011001100
000011000100000000000000000000011000000000011011000000011000000100000010100001100000000000000000000000000000001111011001100000000000000000000000000000000000000000000100100000000000000000000000010001011000000000000000100101000000000001000010
101000001010000000000000000000000000000000010001000000100100011100000001000000000000000000000000000000000000010001001001001100000000000000000000000000000000000000000100100000000000000000000000001110010000000000000000010001000000000000000101
110100010000000000000000000000000000000000001110000000011000000000000000000000000000000000000000000000000000000001001010000100000000000000000000000000000000000000000000000000000000000000000000000100111000000000000000000000000000000000000000
111000010001100000000000000000000000000000000000000000000000000000000000000000000000000000000001000000000000000000110011000100000000000000000000000000000000000000000010010001100000000000000000000100110000000001100000000000000000000000000001
000000010001100000000000000000000000000000000000000000000000000000000000000000000000000000000010000000000000000000000000110000000000000000000000000000000000000000011001110001110000000000000000001101100000000001100000000001110000000000010010
000000010000100000000000000000000000000001100000000000000000000000000000000000000000000000000000010000000000011000000000000000000000000000000000000000000000110000001000000010001111110000000000000001000000000000000000000000000110000000001010
000000001001000000000000000000000000000010010000000000000000000000000000000000000000000000000001010000000000011111000000110000000000000000000000000000000001100000001111011100000100011100000000010100000000000000000000000000100010000000000000
000000000001000000000000000000000000000000100000000000000000000000000000001100000011100000000000010000000000000111100000110000000000000000000001110000000000010000000001111110010001101000000000100000000000000000000000000000011100000000000000
000000000000001010100000000000000000000000000000000000000000000000000000001100000000000000000000000000000000000000010000000000110000000000000000001000000000000000000000111111101110010000000000010100000000000000000000000000000000000000000000
000000000001000010100000011100000000000000000000000000000000000000000000000000000000000000000000000000000000000110010000000000110000000000000110100100000000000000000000000000000000000000000000001000010000000000000000000000000001100000000000
000000000001000011000000101111000000000000000000000000000000000000000000000000000000000000000000000000000000000100110000000000000000000000000000000000000000000000000000000110000000000000000000000000111100000000000000000000000010010000000000
000000000000100100000001101100000000000000000000000000000000000000000000000000000000000000000000000000000000000010000000000000000000000000000000000010000000000000000000000101000000000000000000000000100010000000000000000000000110011000000000
000000000000101000000001001100000000000000000000000000000000000000000000000000000000000000000000000000000000001011000000000110000000000000000110001110000000000000000000000010000000000000000000000000111110000000000000000000000011010100000000
000000000000000000000001101110010000000000000000000000000000000000000000000000000000000000000000000000000000011001000000000110000000000000000001111000000000000000000000100000000000000000000000000001010100000000000001000000000011101110000000
011000000000000000000000010000000000000000000000000000000000000000000000000000000000000000000000000000000000001101110000000000000000000000000000100000000000000000000001011000000000000000000000000010110000100000000110100000000000010001000000
010100000000111100000000000010010000000000000000000000000000010001000000000001000000000000000000000000000000000000000000000000000000000000000000000000000000000000000011011000000000000000000000000000010000000000000000000000000000011001000000
000110000001111110000000000000010000000000000000000000000000101010100000000010100000000000000000000000000000000000000000000000000000000000000000000000000000000000000011011000000000000000000000000000001011000000000111000000000000011110000000
000111000011101011000000000101100000000000000000000000000001101010110000000010100000000000000000000000000000000000000000000000000000000000000000000000000000000000000011000000000000000000000000000000010000000000010001000000000000000100000000
011000000001100110000000000101000000000000000000000000000000101010010000000001000000000000000000000000000000000000000000011000000000000000000000000010100000000000010001000001000000000000000000000000000000000000100001000110000000000000000000
011001000000110100000000000101000100000000000011000000000000010011011000000000000000000000000000000000000000000000110000111000000000001101100000000000010000000000010001000010000000000000000000000000000000000000100000101001000000000000000000
001110000000111000000000011001001010000000000011000000000000000001010000000000000110000000000000000000000011100011011001010000000000001101100000000100000000000000010000100000100110000000000000000000000110000000000111000110000000000000000000
000000000000000000000000101100000100000000000000000000000000000000100000000000001001000000000000000000000100010000011011100000000000001100000000000100000000000000000000011001000111000000000000000000000110000000000000000000000000000000000000
000000000000000000000001000100000101100000000000000000000000000000000000000000000110000000000000000000001100111101100001110000000000000000000000000101000000000000000000000011000111000000000000100000000000000000000000000000000000000000000000
000000000000000000000000100100000110001000000000000000000000000000000000000001100000000000000000000000000110000010000100100000000000000000000000000010000000000000000000000000000100000000000001010000000000000000000001000000000000000000000000
000000000000000001010000011110001100001000000000000000000000000000000000000001100000000000000000000000000110110110000011000000000000000000000000000000000000000000000000000100000000000000000000100000000000000000000000100000000000000000000000
000000110000000000000000001010001110001000000000000000000000011000000000000000000000000000000000000000000001101101000010000000000000000000000000000000000000000000000000001010000000000000000000000000000000000000000001000000000000000000000000
011000011000000000000000000100101000000000000000000000000000011000000000000000000000011000000000000000000000001101000000000000000000000000000000000000000000000000000000001011000000000000000000000000000000000000000000000000000000000000000000
000101000000011100000000000000110001100000000000000000000000000000000000000000000000100100000000000000000000000010000000011000000000000000000000000000000000000000000000000010000000000000000000111000000000000000000000000000000000000000000001
000001011000010000100000000001000110000000000010000000000000000000000000000000000000011000000000000000000000000000000000011011000000000000000000000000000000000000000000000000100000000000010001000100000000000000000000000000000110000000000000
000101000100010001000000000000111100000000000011000000000000000000000000000000000000000000000000000000000000000000000000100000000000001000000000101000000000000000000000000110110000000000100001101100000000000000000000000000001011000000000010
000000111000001110000000000000010000000000001000000000000000000000000000000000000000000000000000000000000000000000000000111000010000001110000001010100000000000000000000000110110000000000100000000000000000000000000001100000011011000000000010
001000010000000000000000000000000000000000000000000000000000000000000000000000000010000000000000000000000000000000000000010000001000001100000000000000000000000000000000000110000000110100000000000000001100000000000001100000110010000000000001
111100000000000000001100000000000000000000000011100000000000000000000000000000000011000000000000000000000000000000000000001000000001100000000100000001000000000000000000000000000000000100000000000000001100000000000000000000011111000000000000
000100000000000000010100000000000000000000000000111000011100000000000000000000000001000000000000000000000110000000000000000000000101100000001000000000100000000000001000001001000011000001000000001110000000000000000000000000000100100000001100
011100000000000000000100000000000000000000110110001000100010000000000000000000000000000000000000000000001001000000000000000000001000000000000100000001000000000000001111001000101000010111100000010010000000000110000000000000000010100000001100
100100000011000000000000000000000000000001010110001000110110000000000000000000011000000000000000000000000110000000000000000010010000000000001000000000100000000000000000110001101010001000010000000100000000000000000000000000000011100000000000
011000000100000000000000000000000000000001000110000001000010000000000010000000000100110000000000000000000000000000000000000001110000000000000100000001000000000000000100011101000100000110010000000000000000000000000000000000000000000000000000
000000000110110000000000000000000000000000100000000001101100000000000010000000000001110000000000000000000000000000000000000000000000000000000111000000000000000000000010000010000000000111100000000000000000000000000000000000000000000000010000
000000000000110000000000000000000000000000000000000001000100000000000010000000100100010100000000000010000000000000000000000000000000000000000000000100000000000000000000000100000000000001000000000000000000000000000000000000000000000001000001
100000000001100000000000000000000000000000000000000000111000000000000000000000010001010010000100000010000000000000000000000000000000000000000000111000000000000000000001100000000000000000000000000000000000000000000000000000011000000010100000
000000000000001001000000000000000000000010000000000000000000000000000000000000001110001100001010000010000000001111100000011000000000000000000010100000000000000000000000001000000000000000000000000000000000000000000000000000011000000010110000
010000000000011001000000000000000000000010000000000000000000000000000000000000001101111000011011000000000000000111000000011000000000000000000101000011000000000000000000110000000000000000000000000000000000000000000000000000000000000000100000
010000000000011011011100000000000000000010000000000000000000000000000000000000000000100000011010000000000000000010000000000000000000000000000111000000100000010100000000100000000000000000000000000000000000000000000000000000000000000001100000
100000000001000110011100000000000000000000000000001110000000000000000000000000000000100000001010001100000000000000001100000000000000000000000001000000000000010100000000000000000000000000000000000000100000000000000000000000000000000001000010
000000000010000110101100000000000000000000000000000100001100000000000000000000000000000000000010001100000000000000010010000001100000000000000000000000011000000000000000000000000000000000000000001100011000000000000000000000000000010001001001
000000000010000001110000000000000000000000000000000100011100000000000000000000000000001001001010000000000000000000010010000010100000000000000000000000000001110000001100000001100000000001110000000000010000000000000000000000000000101100000000
000000000000000000100000000000000000000000000001000100001100000000000000000000000000001001001001000000000000000000001100000011000000100000000000000011000010001000001010000010010000000010110000000000110100011000000000000000001110100010101000
000000000000000000000000000000000000000000000011000100000000000000000000000000000000000000100010000000000000000000000000001100001000000000000000000001010000000100000100000001100000000010101000000111000000011000000000000000001010011110000000
011000000000000000000000000000000000000000000110011100000000011000000000000110001000001000001100000000000000000000000000010100010001100000000000100000000011001100000000000000000000000001000101000110001010000000000000000000001011000100000000
011000000000000000000000000000000000000000000010100000000000100100000000010000001000001011011000000000000000000000000000011000001000000000000000100000000010000000000000000000000000000000000100100000001010000000000000100000000000000000000000
000000000000010000000000000000000010000000000010110000000000110110110001000000111000000110000000000000000000000000000000000000000100000000000000100000000000000000000000000000011000000000000101000000000010000000000001010000000000110000000000
000000000000011000000000000000000010000000011011100000000000001000110001001111100000000000000000000000000000000000000000000000000000000000000001100000000000000000000000000000010100000000000000000000001100000000000010001100000000111000000000
000000000000000010000000000000000010000000010010000000000000000000000001000100100000000000000000000000000000000000000000000000000000000000000001010000000000000000000000000000001100000000000000000000001000000000000001001100000000111000000000
000000000000000001111000000110000000000000001100000000000000000000000000010000000000000000000000000000000000000000010000000000000000111000000001000000000000100000000000000000000011000000000000000000000000000000000010000100000000000000000000
000000000000000010100100000110000000000000000000000000000000000000000000010000100000000000000000000000000000000000010100000011000001000100000000000000000001010000000000000000000010100000000000000000000000000000001000000000010000000000000000
000000000000010110001111100000000000000000000000000000000000000000011000001100100000011100000000000000000000000000001110000100100010000010000000000000000000001000000000000000000001100000000000000000000000000000011000000001101000000000000000
001110000000110000000010010000000000000000000000000000000000000000100000000011000000010010000000000000000000000000000011100011000100010001000000000000000001000000000000000001110000000000000000000000000000000000111010000001110011000000000000
000000000000000000000010011000000000000000000000000000000000000000100001000000000000011010000000000000000000000001000001100000000100101001000000000000000000100100000000000001010000000000000000000000000010000000000101000001000001000000110000
000000000000000000000110110000000000000000000000000000000000000011010001000000010000000100000000000000000000000010100101000000000100010001000000000000000001000100000000000001001000000000000000000000000010000000000101100100000110000000110000
000000000000000000000000110000000000000000000000000000001100000100101000000001110000000000000000000000000000000100011101011000000010000010000000000000000010000100000000000000111000000000000000000000000100000000000000111001000000000000100000
000000000000000000000100100000000000000000000000000000010100000100101101000000000000000000000000000000000000000000111111011000000001000100000000000000000010001000000000000000010000000000000000000000000000000000000000000000110000001000000000
000000000000000000000101000000000000000000000000000000001000000100000101000001100000000000000011100000000000000100100100010000000000111000000000000000000001110000000000000000000000010000000000000000000000000000000001001000000000001000101000
000000000000000000000010000000000000000000000000000000000000000001110010100000000000000000000100100000000000000101000110000000000000000000000000000000000000000000000000000000000000101000000000000000000000100100000010001000000000001010010010
000000000000000010000000000000000000000000000000000000000000000001100010110000000000000000001000000000000000000000000010000000000000000000000000111000000000000000000000000000000000100100000000000000000000111000000110010000000000000011010010
000000000000000010000000000000000000000000000000000000000000000000000010010000011000000000001010000000000000000000000000000000000000000000000000100011000000000000000000000000000000011000000000001100000000110000000001000000000000000010110100
000000000000000010000000000000010000000000000000000000000000000000000110110000111000011000001000000000000001110001100000000000000000000000000001000001100000001100000000000000000000000000000000001100010000000000000001000000000001000000000000
000000000000000000000000000000010000000000000000000000000000000000100010000000100100110100000011100000000000100001100000000000000000000000000001101100100000001100000000000000000000000000000000000000101000000000100000101011000010100000000000
000000000000000000000000000000010000000000000000000000000000000001100100000100100111000000000001100000000000100000000000000000000000000000000000000000000100000000000000000000001100000000000000000000011000000001010000001010000011100000000000
000000000000011100000000000000000000000000110000000000000000000011000110000001001001011000000001110000000001110000000000000000110000000000000000000000011100000000000011000000001100000000000000000000000000000000011010110000000001100000000000
000000000000010001000000000000000000000000110000000000000000000001100110100001110000001000000000011000000000000000000000000000110000000000000000000000000000000000000101000000000000000000000000000000000000000010010011000101000011100111000000
000000000000001001000000000000000010000000000000000000000000000000100000000000000001001000000000000000000000000011100000000000000000000000000000000000011000000000000111000000000000000000000000000000000000000010010000000100000000100110000000
000000000000000111000000000000000101000000000000000000000000000000011011000011000001010000001000011000000000000000000000000000000000000000000000000000000000000000000010000000000000000000000000000000000000000010010000000000000000101100000000
000000000000000000000000000000000110000000000000000000000000000000001100000001000000100000110011111000000000000000000000100000000000000000000110000000000000000000000000000000000000000000000000000000000000110000000100000000000000011000000000
000000000000000000110000000000000000000000000000000000000000000000000111110010000000000010110001100100000000000000000001110000000000000000001001000000000000110000000000000000000000000000000000000000000001001000110100000000000000000000000000
000000000000000001001000000000000000000000000000000000000000000000000000000110000000000001111100011000000000000000000010111000000000000000000110000000000000110000010000000000011000000110000000000000000000110000001000000000000000000000000010
000000000000000000110000000000000000000000000000000000000000000000000000000000000000000000110101100000000000000000000100000000000000000000000000000000000000000001111100000000000100001001000000000000000000000000000000000011000000000000000101
000100000000000000000000000000000000000000000000000000000000000000000000000000000000000000111011100000000000000010000101000000000000000000000000000111001100000001101100000000001100000110000000000000000000000000000000000100100000000000000101
001010000000000000000000000000000000010000000000000000000000000111000000000000000000000000010101000000000000110101000010000000000000000000000000000000011100000001111101100000000000000000000011000000000000000000000000000011000000000000000010
000100000000000000000000000000000000101000000000000000000000000000000000000000000000000000001110000000000000100000000000000000000000000000000000000000010010000000010001000001000011100000000001100000000000000000000011000000000000000000000000
000000000000000000000000000010000000101100000000000000000000000001000000000000000000000000000100000001100000110010000000000000000000000011000000000000110110000000000011100001000010000000000101000000000000000000000011000000000000000000000000
000000000000000111000000000111111111010100000000000000000000000110000001010000000000000000000000000001100000001111000110000000000000000011000000000000000000000000000001111000000001100001100100000000000000000000000000000000000000000000000000
000000000000000000000111000100000101001100000000000000000000000000000000110000000000000000000000000000000000000000001110000000000000000011100000000010000000000000110000011011010001100011100110000000000000110000000000000000000000000000000000
000000000000000000000101000010000100111100000000000000000000000000000000100000000000000000000000000000000000001000111000000000000000000001010000000010000000000000110000000001111000000000000110000000000000110000000000000000000000000000000000
000000000000000000001001000000000000010000000000000000000000000000000000000000000000000000000000000000000000001000110000000000000000000101010000000000000000000000000000000000100001000111001100000000000000000000000000000111000000000000000000
000000000000000000001010000010000110011000000000000000000000000000000000001000000000000000000000000000000000010010000000000000000000001100010000000000000000000000000000000000011110000000001000000000000000000000000000000110000000000000000000