000000000000000000001010001110111111010000000000000000000000000000000000011000000000000000000000000000000000000001000000000000000000000100000000000000000000000000000000000000001000000110001100000000000000000000000000001011001000000000000000
000000000000000000011011001101011101001000000000000001110000000000000000000000000000000000000000000000000000000011111000000000000000000000100000000000000000000000000000000011010000000000000000000000000000000000000000001000010000000000000000
000000000000000000011011000001111001001000000000000000000000000000000000111110000000000000000000000000000000000000011000000000000000000000000000000000000000000011000000000100010000000000000000000000000000000000000000000010010000000000000000
000000000000000000011010011010000001001000000000000000010000000000000000001110000000000000000000000000000000100000000000000000000000000000000000000000000000000010110000000000000000000000000000000000000000000000000000000010110000000000001110
000000000000000000001100011011000001110000000000000010100000000000000000000000000000000000000000000000000011011111000000000000000000000010000000000000000000000010001000000100011010000000000000101000000000000000000000000000011000000000001100
000110000000000000000000000100000000000000000011000001000000000000000000000000000000000000000000000000000000100010100000000011000000000101000000000000000001100000101000011100010000110000000000011000000000000000000010000000011100000000111000
000110000000000000000000000000000000000000000011000000000000000000000000000000000001100000000000000000000000010010110000000011000000000000000000000000000001100000000001101000011001110000000000010000000000000000001000010000010000000000110000
000000000000000000000000000000000000000000000000000000000000011001000000000000000010010000110000000000000000011101100000000000000000000100000000000000000000000000001000000101100001010100000000000000000000000000010000001000011000000000100000
000000000000000000000000000000000110000000000000000000000000010001000000000000000010100001111000000000000000001111100000000000000000000000000000000000000000000110001000000101111000101110000000000000000000000011110000010000001100000000000000
000000000000000000000000000000000000000000000000000000000000010001000000000000000001000011001100000000000000000101000000000000000010101100000000000000000000001000010000101011111000100001000000000000000000001111100000000000000100000000000000
000000000000000000000000000000110000000000001100000000000000010010000000000000000000000110000100000000000000001001000000000000000010000000110000000000000100010100100000101011000000000110000000000000000000010001000000001100000000000000000000
000000000000110000000000000001000001000000001100000000000000010010000000000000000000000111010000000000000000010000000000000000000010000100000000000000001000010000000000100011000000000000000000000000000000010000000010101100000000000000000000
000000000011001000000000000010000001000000000000000000000000000000000001100000000000000100000000100000000000110000000000000000000001100000000000000000001000010000000000100100000000000000000000000000000000011010000001101100000000000000000000
000000001100010000000000000010000100000000000000000000000000000100000001110000000000000010010000010001100000101011000000000000000000100010000000000000000100010001000000100010000000000000000000000000000000000100011000010000000000000000000000
000000001100000000000000000010110000000001000000000000000000011000000100100000000000000011010000010001100001101001000000000000000000000001000000000011000000000010001101011110000001101100000000000000000000000000000000000000000000000000000000
000000000001100000000000000010000010100001000000000000000000000001101011000000000100000000011011001001110011011100000000000000001110000001000000000011000000000010000100000010000001101100000000000000000000000000000010000000000000000000000000
000000000011100000011100000000111111000001000000000000000000000001011100000000000100000000011100010001101011011000000000000000001000011010000000000000000000000001011000100100000000010000000000000000000000000000000101000000000000000000000000
000000000011000000010010000000110110000000000000000000000000000001100100000000000100000000011000000001101001001000000000000000000100010010000000000000000000000000000000011100000000000000000000000000000000000000000110000000000000000000000000
000000011000000001000110011000000000000000001000000000000000000000111000010000000000000000001001000001100001011000000000000000000000001101100000000000000000000000000000000000000000000000000000000000000000000000000000000000000000000000000000
000000011000000001010000010000000000000000010100110000000000000000010000010000000001000000000100000000000010010001000000000000000000000000010000000000000000000000000000000000000000000000000000000000000000000000000000000000000000000000000000
000000000000000000010000001000000000000000010100110000000000000000000000010001110001100000000000000000000001110000100000000000000000000001010000000000000000000000000000000000000000000000000000000000000000000000000000000000000000000000000000
000000000000000011100000001110000000000000001000000000000000000000000000000010001101010000000000000000000000000000100000000000000000010000010000000000000000000101000000100011000000000000000000000000000000000000000000000000000000000000000000
000000000110000001000000000110000000000000000000000000000000000000110000000001001000111000000001110000000000001001000000000000000000001000010000000000000000000010000001010011000000000000000000000000000000000000000000000000000000000000000000
000000000110000000000010000111000000000001100000000000000000000001011000000000110001010000000000000001011010000000000000000000000000000000100000100000110000000010000010000000000000000000000000000000000000000000000000000000000000000000000000
000000000000000000000101000110000000000010100000000000000000000011011000000000000001100000000000000100000111000000000000000000000000000111000001110000110000000010100001000000000000000000000000000000000000000111000000000000000000000000000000
000000000000000000001000101100000000000001000000000000000000000001110100000000000001000000011000001111000001000000000000000000000000000000000010110000000000000000011001100000001100000000000000000000000000000001000000000000000000000110000000
000000000000000000000000011000000000000000000000000000000000000000110100000000000000000001111000001101010100000000000000110000000000000000000011000000000000000011001000001100001100000000000000000000000000000110000000000000000010000101000000
000000000000000000000110001000000000000000000000000000000000000000001000000000000000000001000000000000100101100000000001111000000000000000001001001100000000000000101010000001000000000000000000000000000000010000000000000000000110000000000000
100100000000000000000001110000000000000000000000010000000000000000000000000000000000000011111000000000100100000000000011011010000000000000010001001100001110000000001000001000000000000000000000000000000000000000000000000000001000001000000000
111100000000000000000000000000000000000011000000010000000000000000000000000000000000000001000100000000000001100000000110100000000000001100010010000000000000000000000000000000100000000000000000000000000010001000000000000000000101100100000000
100100000000000000000000000000000000000010010000010000000000000000000000000000000000000001110100111001101001000000000100111111000000010010000000000000000000000000000110001000000000000001000000000000000010000011000000000000000001001100000000
000000000000000000000000000000000000000001110001100000000000000011000000000000000000000000001000010111001010000000000000000110000000010100000000000000000000000000010000011000010000000001000000000000000010000110000000000000000000010000000000
000000000000000000000000000000000000000000000110010000000001000010100000000000000000000000000000001111000000000000000000011000000000001000000000000000000000000000011000000101011000000001000000100000000000111100010000000000000000000000000000
000000000000000011000100000000000011000000000100010000000010100001000000000000000000000000000000000100000000000000000001001000000000000000000000000000000000000000011101101000000000000000000001100000000000000000101000000000000001110000000000
000000000000000011001010000011100011000000000001100000000010100000000000000011100000000000000010000000000000000000000001011000000000000000000000000000000000000000000000010100001110000000000011000011100000000000101000000000000000000000000000
000000000000000000000110000000000000000000001110000000000001000000000000000000000000000000000010000000000000000000000101100000000000000000000011001000000000000000100011000010100100000000000000000111100000000000010000000000000000000000000000
000000000000000000000000000000000000000000001000000000000000000000000000000000000000000000000010000000000000000000000010000000000110000000000010000100000000000000100000010000001000000000000011111100010000000000000000000000000000000000000000
000000000000000000000000000000000000111000000000000000000000000000000000000000000000000000000000000000000000000000000000000000001001000000000001101000110000000000000000000000000000000000000001110101100000000011000000000000000000000000000000
000000000000000000000000000000000000110000000000000000000000000000000000000000000000000000000000000000000000001100000000000000000110000000000000010001010000000000000000000001110000000000000000011100100000000011000000000000000000000000000000
000000110000000000000000000000000000110100000001000000000000000100000000000000000000000000000000000000000000010010000000000000000000000000000000000000110000000000000100000010111000000000000000000111000000000000000000000000000000000000000000
000000110000000000000000000000000110001110000010100000000110001000000000000000000000000000000000000000000000010010000000000000000000000000000000000000001100000000001010000000001000000000000000000000000000000000000000000000000000000000000000
000000000000000000000000000000001110001000000001000000000110001110000000000000000000000000000000000000000000001100000000000000000000000000000000000000000110000000011001101111000100000000000000000000000000000000000000000000000000000000000000
000000000000000000000000110000000000000000000000000000000000000000000000000000000000000000000000000000000000000000000000000000000000000000000000000000000001010000011000010010000011000000000000000000000000000000000000000000000000000000000000
000000000000000000000000010000000010100000100000000000000000000000000000000000000000000000000000000000000000000000000000000000000000000000000000000000001110010000001010101101100011110000000000111000000000000000000000000000000000000000000000
100000000000000000000000100000000001100000100000000000000000000000000000000000000000000000000000000000000000000000000000000000000000000000000000000000000001010000000000101011000001110000000001001110000000000000000000000000000000000000000011
010000000000000000000011000110000001000000100000000000000000000000000000000100000000000000000000000000000000000000000000000000000000000000000000000000001010000000000001001000101010001000000001101011100000000110000000000000000000000000000010
000000000000000000000100100000000000000000000000000000000000000000000000001010000000000000000000000000000000000000000000000000000000000000000000000001010010000000000001000000000011101000000010001111110000000110000000000000000000000000000100
110000000000000000000110000000000000001110000000000000000000000000000000000110000000000000000001110000000000000000000000000000000000010000000000000010100000000000000000110000000011110000000001111000000000000000000000000000000000000000000000
110000000000000000001010010000001100000000000000000000000000000000000000000000000000000000000010110000000000000000001100000000000000010000000000000001000000000000001100000000000000000000000001110000110000000000000000001100000000000000001000
100000000000000000001100010000001100000000000000000000010000000000000000000000000000000000000011000000000000000000010010000000000000010000000000000000000000000000000000000000000000000000000000000001100000000000000000001100000000000000001000
110000000100000111000000000000000000000000000000000000110000000000000000000000000000000000000100000000000000000000001100000000000000000000000000000000000000000000000000000010000000000000000000000001000000000000000000000000000001000000000110
010000000110001001000000000000000000000000000000000001101001110000000000000000000000000000000111000000000000000000000000000000000000000000000000000000000000000000000000000001000000000000000000000000000000000000000000000000000001000000000000
110000000010001000100000100000000000000000000000000000101000000000000000000000000000000000000111000000000000000000000000000000000000000000000000000010000000000000000000000110000000000000000000000000000000000000000000000000000001000010000000
000000000000001001000001100000000000000000000000000000011000000000000000000000000000000000000000000000000000100000000000000000000000000000000000000101000000000000000000000100000000000000000000000000000000000000000000000000000000000111000000
000000000000000101000010010000000000000000000000000000000000000000000000000011000000000000000000000000000001010000000000000000000000000000000000000101000000000000000000000000000000000000011100000000000000000000000000000000000000001000111100
000000000001100000000001100000000000000000000000000000000000000000000000000011000000000000000000000000000001010000000000001100000000100000000000000010000000000000000000000000000000000000011100000000000000000000000000000000000000011010001000
000000000110001000000000100000000100000000000000000000000000000000000000000000000000000010000000000000000000100000000000000010000001010000000000000000000000000000000000000000111000000000101000000000000000000000000000000000000000010010001000
000000001000000000000000000100001010000000000000000000000000000000000000000000000000000101000000000000000000000000000000001100000001010000000000000000000000011100000000000000001000000001000000010000000000000000000000000000001100001000000000
000000000110000000000000001010000110000000000000000000000000000001100000000000000000000101000000000000000000000000000000000010000000100000000000000000000000000000000000000000010000000000000000010000000000000000000000000000011100000000111000
000000000000111000011000001010000000000000000000000000000000000010010000000000000000000010000000000000000000000000000000001101100100000000110000000000000000000000000000000000000000000000110100010000000000000000000000000000010010000000111000
000000000000000000010100000100000000000011100000000000000000000001010000000000011100000000000001000000000011000000000000001101111110000000110000000000000000000000000000000000000000000000001100000000000000000000000000000000011010000000010000
000000000000000000001000000000000011100000000000000000000000000000100000000000000000000000000001100000000110010000000000000001111101000000000000000000000000000000000000000000000000000000000000000000000001000000000000000000001100000000001100
000000000000000000000000000000000010000000000000000000000000000000000000000000000000000000000000111000001000010000000000000000000001100000000000000000000000000000000000000000000000000000000000000000000010100000000000000000000000000000001100
000000000000000000000000000000000000011000000000000000000000000000000000000000000000000000000000011000001111010000000000000000000011000000000000000000000000000000000000000000000000000000000000000000000100100000000000000000000000000000010000
000000000000000000000000000000000001000000000000000000000000000000000000000000000000000000000000001000000100110000000000000000000010000000000000000000000000000011000000000000000000000000000000000000000011000000000000000000010000000000000000
000000000000000000000000000000000000100000110000000000000000000000000000000000000000000000000000011000000011100000000000000000000000000000000000000000000000000011000000000000000000000000000000000000000000000000010000000000110000000000000000
000000000000000000000000000000000000000111010000000000000000000000000000000000000000000000001101111000000001000000000000000000000000000000000000000000000000000000000000000000000000000000000000000000000000000000001000000001100100000000000000
000000000000000000010000000000000000001101010000111000000000000000000000000000000000000000000111000000000000000000000000000000100000000000000000000000000000000000000000000000000000000000000000000000000000111000001000000001000011000000000000
000000000000000000010000000000000000001011100001001000000000100000000000000000000000000000000100100000000000000000000000000000010000000000000000000000000000000000000000000000000000000000000000000000000000111000000000000000100111011000000000
000000000000000000000000000000000000000111000010000000001100010001000000000000000000000000000111100001000000000000000000000001001000000000000000000000000000000010000000000000000000000000000000000000000001001100000000000000000101100100000000
000000001100000001010100000000000000000010000001001000001000010110110000000001100110000000000110101001010000000000000000000001001000000000000000000000000000000010000100000000000000000000000000000000000000001000000000000000101000101000000000
000000001100000001111100000000000000000000000000111000101101110101000000000011100110000000000000011110011000000000000000000000000111000000000000000000000000000010001010000000000000000000000000000000000001111000000000000000000000010000000000
000000000000000110111011000000000000000000000000000000100010101111000000000001100000000000000000000011011000000000000000000000110011000000000000000000000000000000001001000000000000000000000000000000010000100000000000000001101100000000000000
000000000000010011000110100000000000000000000000000000100010110110000000000000111100000000000000000011001001000000000000000000000001000000000000000000000000000000000110000000000000000000000000000000110000000000000000000001010100000000000000
000000000000011101100100111000000000000000000000000000001010000000000000000000011000000000000000000000000001100000000111000000000110000000000000000000011000000000000000000000000000000000000000000000101000000000000000000000001110000000000000
000000000000010100101100000000010000000000000000000000000000000000000001000000001000000000000000000000011001000000000111000001000000000000000000000001000000000000000000000000000000000000000001100000010000000000000000000001110010000000000000
010001000000001000011100000000101000000000000000000000000000000000000001000000000000000000000000000000000000000000000000000000110110000000000000000110000110000000000000000000000000000000000001100000000000100001100000000001001000011000000000
000010100000011000000000000000101000000000000000000000000000000000000001000000000000000000000000000000000000000000000000000000010010000000000000000100000011000000000000000000000000000000000000000000000001001000000000000001001111011000000000
000001100001100000000000000000010000000000000000000000000000000000000000000000000000000000000000000000000000000000000000000000000100000000110000000100110011100000000000000000000000000000000000000000000000000100000000000000000011100000000000
000000000011001111000000000000000000000000000000000000000000000000011100000000000000000000000000000000000000011000000100000000000000000001001000000010110000000000000010000000000000000000000000000000000000000100000000000000000000111100000000
110000000011000011000000000000000000000000000011000000000000000000000000000000000000000000000000000000000000011000001010000000000001100000101000000000000000000000000010000000000000000000000000000000000010001100000001100000000000001000000001
000000000000100001000000000000000000000000000001100000000000000001000001000100000100000000000000000000000000000000011011000000000110010000010000000000000000000000000010000000000000000000000000000000000011001101100001100000000000000000000000
000011100000010000000000000000000000000000000101000000000000000010100001001010001010000000000000000000000000000000001001000000000110001000000000000000000000000000000000000000000000000000000000000001100000000101000000000000000000000000000000
000011100000000000000000000000000000110000000101000110000000010000010001000110001010000000000000000000000000000000101110000000001100110000000000000000000000000000111000000000010100000000000000000010010000000100100000000000000000000000000000
000001000000010000000000000000000000110000000100100111000001101001011000000000000100000000000000000000000000000000000110000000011000000000000000000000000000000000000000000001000110011000000000000001100000000100010000000000000000000000000000
001110000000100011110000000000000000000000000010100000000000101000001100000000000000000000000000000000011100000010000000000000110000000000000000000001110000000000000000000000000001001000000000000000000000000100010000001000000000000000000000
010010000000100000000011000000000000000000000000010001100000000010000010000000000001100000001000000110010100001110000000000000001000011000000000000000000000000000000000000100111101110000000000000000000000001111001000000110000000000000000000
010100000000000010000100100000000000000000000000000000000000011011001100000000000010010000010100001110011100000010000110000000000000100000000000000000000000000000000000001010100000100000000000000000000011000110110000001100000000000000000000
001000100000011000000001100000000000000000000000000000000000001001000000000000000010010000011000000010010000000000000011000000000000100000000000000000000000000000000000001001110010000000000000000000000011000011110011000000000000000000000000
000001010000000111000011000000000000000000000000000000000000000100100000000000000001100000000000000000000000000000100010100000000001101000000000000000100000000000000000000011000100000000000000000100000000000001000011100000000000000000000000
000011011000000000010110000000000000000000000000000000000000000100100000000000000000000000000000000000000000000000000001100000000010001100000000000001110000001100000111000011010000000000000000001110000000000000000000100000000000000000000000
000000001000000000001000000000000000000000000000000000000000000100100000000000000000000000000000000000000000000000011001000110000010000001100000000001011000001100000001000000110101101001000000010011000000000000001000010000000000000000000000
000000011000000000000000000000000000000011100000000000000000000011000000000000000000000000000000000000000000011000001110001010000011011111010000000000010100000000000001000000001111101001000000111011111000000000010001100000000000000000000000
000000000000000000000000000000000000001110010000000000000000000010000000000000000000000000000000000000000000100100000100001000000011000000001000000000001000000000000011100000000001000001000000111010000000000000100000100000000000000000000000
000000000000000000000000000000000000010000001000000000000000000110001100000000000000000000011100000000000000100010000000001100000001011111010000000000000000000000000011101000000000111111000000111011101000000000000001000110000000000000000000
000000000000000000000000000000000000000010001010000000000000000111010100000000000000000000011100000011000000010010000000110100001101000001100000000000000000000000000000000110000000110110000000111001110000011100110000111101000000000000000000
000000000000000000000000000000000000011011111110000000000000000011101100000000000000000000011000001100100000010010000000110000000000111100000000111000000000000000000110000110000000000110000000110000000000010000111100010001000000000000000000
000000000000000000000000000000000000000000100000000000000000000001101100001100000000000000011000110011000000001100000000001000000001001000010000010001000000000000001010000101000000000000000000011000000000101000110011010001000000000000000000
000000011111000000000000000000000000000000000000000000000000000000010000100000000000000000011000000000000000000000000000000000001001000000100000001110000000000000000000000011100000100100000000000000100000101001001000110101000000000000011000
001100110110100000000000000000000000000000001000000000000000000000000001001000000000000000011100000000000000000000000000000000111010000000110000001001000000000000001100000010100000111000000001000000000000111000110000001001000000000000000000
010010011110000000000000000000000000000000001110000000000000000100000000111000000000000000011100000000000000000000000000000000001100000010000000000010000000000011000010000101000000010000000011100000000000000000000000000101000000000001011110
010010001010111000000000000000000000000011000010000000000000011011000000000000000000000000000000000000000000000000000000000010011000000100000000000000000000000011000000000101000000000000000100000000000000000000000000000111000000000010011001
010000000111001000000000000000000000000000011110000000000000011000000000000000000000000000000000000000000000000000000001100011010000001000100000000011000000000000000000000000000000000000001001011000000000000000000000000000000000000010000110
110000100010000000000000000000000000000110001000000000000000001000100000000000000000000000000000000000000000000000000001110011000000001000100000001101100000000000000000000000000011000000010010100100000000000000000000000000000000000011100011
010100000000000001111000000000000000000010110000000000000000011001100000000000000000000011000000001100000000000000000001010000000010100011000011001111010000000000000000000000000100100000000000100000000000000011100000000000000000000000000001
000101000000000011110100000000000000000000010000010000000000010001000000000000000000000011000000010010000000000000000000100000100100000000000101000000100000000010000000000000000010100000000000100000000110000000000000000000000000000000000110
001110000000000010000110000110000000000000011001101100000000001001100000000000000000000000000000010100000000000000000011000001100000000000000100100000000000000100000000000000000001000100000100100000000000001101010000100000000000000000001010
000011000000000000100101000110000000000000011000000000000000000111000000000000000000000000000000111000000000000000100001010000001000010000000101111000000000000111000000000000000000001110000001100000000100100100101011010000000000000000001000
000101100000000000000011100000000000000000000010000000000000000000000000000000000000000000000000011001011000000000100000111010000001100000000011000100000000000111000000000000000000010011000000000000000001100000000110100000000001000000000111
100000010000000000110111010000000000000000000000000010000000000000000000000000000000000000001011001010001100000000100000010000000100000000000000111000000000000110000000000000000000010001000000000000111000010000000011000000000001110000000100
000111010000000000110100000000000000000000000001000011000000000000000000000000000000000000011010001000100000000000000000001000000100000000000000010000000000000010000000000000000000001101000000000001100010000000100110000000000000001110000000
000010010000000000010110110000000000000000000000111011000000000000011000001100000000000000001011011000010000001000000000001000001010000000000000000000000000000011000000000000000000000011000000000001011100001000010110000000000001101011000000
100001010000000000000001110000000000000000000000001110000000000000000000000101000000110000000000111000010000011000000000001101100111000000000000000000000001110110110000000000000000000000000000000000001100000101010010000000000001100110100000
010001100000000000000101000100000000000000000000000000011000000000000000000001100000100000000000000111111000100100000000000110000000000000000000000000000000000110110000000000000000000000000000000101111000000111101101000000000001100101100000
010001000110000000000000100100000000000000000000000000100100000000000000000000000000110110000001110101011001100000000000000110000000000000000000000000000000010001000011110000000000000000000000001000011000000001000101000000000001001000000000
001000000110000000000111000100000000000000000000000000011000000100000000000000000000010100000010000001010000000100000000000000000000000011100000000000000000000010000101010000000000010000000011000000101100000000000010000000000000110000000100
101101000000000000000100001000000000000000000000000000000000000110000000000000000000001000000100100101011001000000110000000000000000000000000000000110000000000010000101100000000000010000000100100100111000000000000000000000000000000011100100
101001110000000000000100010000000000000000000000000000000000000110000000000000000000000000000000000011011001111100110000000000000000000000000000000110000000000000000010000000000000000000000100100011110000000000000000000000000000000100101110
010000000000000000000011100111000000000000000000000000000000010100000000000000000000000000000000000101000010000001100000000000000000000000000000000000000000010010000000000000000000000000001101100000100000000000000000000000000000000011011001
000000000000000000000000011010100000000000000000000000000000001000000000000000000000000000000010110100000001110001000000000000000000000000000000010000000000010010000000000000010000000000000110000000000000000000000000000000000000000001100000
000000001110000000000000011000100000000000000000000000000000000000000000000000000000000000000001011000100000111011000000000000000000000000000000101000000000000001000000000000100100000000000000000000000000000000000000000000000000000000100000
000000000000000000000000001110110000000000000000000000000000000000000000000000000000000000000000001100100000000000010000000000000000000000000000101000000000000011000000000001000100000000000000000000000000000000000000000000000000000000000000
000000000000000000000000000110100000000000000000000000000000000000000000000000000000000000000000000000000000000000010000000000000000000000000000010000000000000011100000000001000001000000000000000000000000000000000000000000000000000000000000
000000000000000000000000000001000000000000000000000000000000000000000000000000000000000000000000000000000000000000101000000000000000000000000000000001000000000001100000000000001100100000000100000000000000000000000000000000000000000000000000
000000000000000000000001000000000000000000000000000000000000000000000000000000000000000000000000000000000000000000000000000000000000001000000111000011100000001011000000000000001001100000001010000000110000000000000000000000000000000000000000
000000000000000000000010100000000000000000000000000000000111000000000000000000000000000000000000000000000000000000000000000000001100001100001000110111110000011010000000000000010001100000001001000000110000000000000000000000000000000000000000
000000000000000000000001100001000000000000000000000000000000000000000000000000000000000000000000000000000000000000000000000000011010111100010000010000001000001000000000000000010010000000000110000000000000000000000000000000000000000000000000
000000000000000000000000000001000000000000000000000000000000000000000000000000000000000000000000000000000000000000000000000000011011000000001001010001001100000000000000000000100001000000000000000000000111000000000001100000000000000000000100
000000000000000000000000000000010000000000000000000000000010001110000000000000000000000000000000000000000000000000001100000000000000000000001110100010101110000000000000000000000010000000000000000000001100000000000001100000000000000000001110
000000000000000000000000000000010000000000000000111001000101110001000000000000000000000000000011111110000010000000001100000000000011100011100110011001001100000000000000000000011000000000000000000000010000000000000000000000000000000000001000
000000100000000000000000000000010000000000000000111001100011110000000000000000000000000000000100000001100100100000000000000000000011100001100000001000001000000000000000000000000000000100000000000000000010000000000000000000000000000000000110
000011010000000000000000000000000000000000000000011001000000011000100000000000000000000000000011000000101000010100000000010000000000000001000000000111110000000000000000000000000000001010000000000000010010000000000000000000000000000000000110
000011011000000000000011011000000000000000000000000011100000000111000000000000000000000000000001000000100100000001000000011000011000000010000000000011100000000000000000001000000000000010000000000000001000000000000000000000000000000000000110
010000100000000000001111111000000000000000000000001111100000000000000000000000000000000000000000100000100011000000000000010100010110000000000000000001000000000000000000010100000000000010000000000000000000000000000000000000000000000000000000
100000000000000000100011000100000000000000000000000110000000000000000000000000000000000000000000100001000000000000000000001110010011000000000000000000000000000000000000010100000000010100000000000000000000000000000000000000000000000000000001
000010000000000000100100111000000000000000000000001100000000000000000000000000000000000000000001101010010000100100000100110100001001100000000000000000000000000000000010001000000000001000000000000111000000000000000000000000000000000000000000
100010000011100001001000111000000000000000000000001000000000000000000000000000000000000000000010000000110101110000000111111000000110100000000000000000100000000000000010000000000000000000000000000000000000000000000000000000000000000000011000
001000000000000010010000100000000000000000000100000000000000000000000000000000000000000000000011100001000000110000000110110000000011000000000000000000100000000000000101000000000000000000000000000000000000000000100000001000000000000000011000
000000000000000001010000000000000000000000000110000000000000000000000001000110000000000000000010010000100111000000000000000000000000000000000000000000100000000000000001000000000000000010000010000000000000000001010000011100000011100000000000
100000000000000000000000000000000000000000000011000000000000000000000001001000000000000000000001000000111110000000000000000000000000000000000000000000000000010110000011000000000000000111000010000000000000000010001000100000000000000000000000
001100000001101100000000000000000000000000000001000000000000000000000001000110000000000000000000000001000000000000000000000000000000000000000000000000000000010001001111100000000000001111100010000000000000000010101100101000000000000000000000
000010000001000100000000000000000000000000000010000000000000000000000000000000000000000000000000100100000000000000000000000000000000000000000001110000000000000000010110000000001100000000110000000000000000010001000100000000000000000000000010
000000000000111000000000000000000000000000000000000000000000000000000000000000100000000000000100000000000000000000000000000000000000000000000000000000000000001000000010000000001100000000111000000000010100100001000001110000000000000000000011
000000000000010000000000000000000000000000000000000000000000000000000000000000100000000000011010000000000000000000000000000000000000000000000000000000000000000000000100000000000000000000010000000000010011100000011101110000000000000000001110
000000000000000000000000000000001110000000000000000000010000000000000000000000100000000000110000110000000000000000000000000000000000000000000000000000000000000001001100000000000000000000100000000000000000101100000000000000000000000000011000
000111000000000000000000000000101110000000000000000000101000000000000000000000000000000000010100000000000000110000000000000000000000000000000000000000000000000000010000000000000000000000110000000000000000100010001110000000000000000000110100
000111110000000000000000000001000000000100000000000000101000000000000000000000000000000000011000011110000000110000000000000000000000000000000000000000000000000000000000000000000000000000111000000000000110010001110100000000000000000000001000
000001001000000000000000000001111010001101100000000000010000000000000000000000000000000000010000000010000000000000000100000001110000000000011100000000000000000000000000000000000000000000110100000000000001110000000110000000000000000000000000
000000000100000000000000000000110011001100000000000010000000000000000000000000000000000000111000000010000000000000000100000001101000000000000100000000000000000000000000000000000000000001000100000000000000000000000000000000000000001100000000
000101001000000000000000000000000000000000110110001101100000000000000000000000000000000010000000000100000000001110000100000010001000000000001100110000000000000000000000000000000000000000111000000000000000000000000100100000000000000000000000
101011100000000000000000000000000000000100101001001101100000000000000000000000000000000110111100000000000000000000000000000001110000000000101000100000000000000000000000000000000001000000111000000000000000000000001101000000000000001010000001
001000000000000001100000000000000000000011000101001000100000000000000000000000000000000100011000000000000000000000000000000001110000000001001000000000000000000000000000000000110010100000000000000000100000000000000000000010000000000011000000
000110100000000010100000000000000001100001000010000111000000010000000000000000000000000011000000000000000000000000000000111000000000000001001000001100000000000000000000000000110010100000000000000001110000000000000100000001000000000000000000
000000100000000011000000000000010000101111000100000010000000011000000001100001000000000000000000000000000000000000000001001000000000000000101001101000000000000000000000000000000001000000000000000110011000000000001000100001000000000001000000
000010000000000000000000000000101000011101011100000000000000100110000010010010100000000000000000000000000000000000010001100100000000000000010000110000000000000000000000000000000000000000000000001100001100000000001100100000000000000010000000
010010001110000000000000000000101000001001101101000000011000110110000010100001100000000000000000000000000000011000100110101010000000000000000000000000000000000000000001110000000000000000000000010000001100000000000000011011000000000011000000
100001010000000000000000000000010000000000011001000000100100110010000001000000000000000000000000000000000000011010100000011010000000000000000000000000000000000000000000000000000000000000000000011000101000000000000000000001000000000000000000
000101101000100000000000000000000000000000011001000000011000001100000000000000000000000000000000000000000000000010000001100010000000000000000000000000000000000000000001100000000010000000000000011100101000000000000000000000000000000000000010
001000000100010000000000000000000000000000001010000000000000000000000000000000000000000000000000000000000000000001111100111000000000000000000000000000000000000000000011010000000010000000000000010001011000000001100000000000100000000000000100
001000001100010000000000000000000000000000000100000000000000000000000000000000000000000000000000000000000000000000011001000000000000000000000000000000000001100000011011010100010010100000000000010001001000000001100000000000110100000000001000
100000000000010000000000000000000000000000000000000000000000000000000000000000000000000000000000110000000000000000000001001000000000000000000000000000000001010000010001000001000000110000000000001101100000000000000000000000000110000000000100
000000000001010000000000000000000000000000000000000000000000000000000000000000000001000000000000111000000000000000100001001000000000000000000001010000000001000000010010000100100000100000000000000100000000000000000000000000110010000000000000
000000000000000000000000000000000000000000000000000000000000000000000000001100000001000000000000110000000000000001001000110000000000000000000001001000000000000000001000000011000000100000000000101000000000000000000000000000110110000000000000
000000000000000000000000000000000000000000000000000000000000000000000000001100000001000000000000000000000000000010001000000000110000000000000000010000000000000000000000000000001010011000000000100100010000000000000000000000010001100000000000
000000000000000000000000110000000000000000000000000000000000000000000000000000000000000000000000000000000000000111101100000000110000000000000000000000000000000000000000000000101010100000000000011001101100000000000000000000000000011000000000
000000000000011000000001010000000000000000000000000000000000000000000000000000000000000000000000000000000000001100011000000000000000000000000000000000000000000000000000001000000000000000000000000000001100000000000000000000001000000000000000
000000000000000100000010100000000000000000000000000000000000000000000000000000000000000000000000000000000000010000000000000000000000000000000001000000000000000000000000001001000000000000000000000000000011000000000000000000000101110000000000
000000000000000100000010100000000000000000000000000000000000000000000000000000000000000000000000000000000000011111100000000110000000000000000001000000000000000000000000100010000000000000000000000000000001000000000000000000000000000001000000
001000000000011000000010011000000000000000000000000000000000000000000000000000000000000000000000000000000000100000100000000110000000000000000000110000000000000000000001001000000000000000000000000000001000000000000011000000000000000101000000
010110000000000000000001010100000000000000000000000000000000000000000000000000000000000000000000000000000000010000110000000000000000000000000000000000000000000000000010000000000000000000000000000011101110000000000011000000000000000100100000
010110000000000000000000010101000000000000000000000000000000110001100000000001000000000000000000000000000000010000100000000000000000000000000000000000000000000000000001000100000000000000000000000000111100000000000000100000000000000100100000
000100100101000010100000001001000000000000000000000000000001101010010000000010100000000000000000000000000000000100000000000000000000000000000000000000000000000000000000101000000000000000000000000000000000000000000001000000000000000000000000
000000100101000000100000001100000000000000000000000000000011011001111000000010100000000000000000000000000000000000000000000000000000000000000000000000000000000000000001110000000000000000000000000000000000000000000001000000000000000101000000
000100000010000100100000001100000000000000000000000000000001101000101000000001000000000000000000000000000001000001000000000000000000000001000000000000000000000000000001110000000000000000000000000000000000000000000000011110000000000000000000
000000000000000110000000000001111100000000000011000000000000111100011100000000000000000000000000000000000100100010001100000000000000000001100000000000000000000000111001000000000000000000000000000000000000000000000010111001000000000000000000
001000000000010110000000001001011110000000000011000000000000011000001000000000000110000000000000000000001000100011011100000000000000010000100000000000000000000000000000010000011100000000000000000000000110000000000100011110000000000000000000
000110000000010000000000000001110001000000000000000000000000000000110000000000001001000000000000000000000000110000000000000000000000001111000000001010000000000000000000111000100010000000000000000000000110000000000011000000000000000000000000
000000000000000000000011101001001101100000000000000000000000000000100000000000000110000000000000000000001010000001110000000000000000001100000000001010000000000000000000001100000010000000000000100000000000000000000000000000000000000000000000
000000000000000000000000100000000111011000000000000000000000000000000000000001100000000000000000000000000100100101011010100000000000000000000000000100000000000000000000001101011000000000000001010000000000000000000000000000000000000000000000
000000010000000000000000010001000100101000000000000000000000000000000000000001100000000000000000000000000010111111101001100000000000000000000000000000000000000000000000000101100000000000000000100000000000000000000000000000000000000000000000
000000101000000000000000011111000111101000000000000000000000011000000000000000000000000000000000000000000010000011100001100000000000000000000000000000000000000000000000000010000000000000000000100000000000000000000000000000000000000000000000
000000101100011000000000000000000111000000000000000000000000011000000000000000000000011000000000000000000011100000100000001000000000000000000000000000000000000000000000000000000000000000000000101000000000000000000000000000000000000000000000
001100111000101000000000000000000000000000000000000000000000000000000000000000000000100100000000000000000000100010000000011100000000000000000000000000000000000000000000000000000000000000000001000100000000000000000000000000000010000000000000
000101101001101110000000000000100000000000000000000000000000000000000000000000000000011000000000000000000000000100000001111110000000000000000000010000000000000000000000000100000000000000000001000100000000000000000000000000011011000000000000
000001000000110001000000000001010000000000000001100000000000000000000000000000000000000000000000000000000000000000000000010000000000000000000000101000000000000000000000011000000000000000000001101100000000000000000000000000000010000000000001
001000001100011101000000000000111000000000000001000000000000000000000000000000000000000000000000000000000000000000000001010000000000001000000000101000000000000000000000011000100000000000000000000000000000000000000001100001101100000000000011
001001011000000110000100000000010000000000000000010000001000000000000000000000000011000000000000000000000000000000000000100000000000011100000000010000000000000000000000001111100000001110000000000100001100000000000001100001000000000000000010
001011010000000100000110000000000000000000000110001000010100000000000000000000000100100000000000000000000000000000000000000000000111011100000000000000000000000000000000001101100000011111000000001010001100000000000000000001110000000000000100
100001000000000000001010000000000000000000011100000110110110000000000000000000000011000000000000000000000110000000000000000000000001000000001100000001100000000000011100000101100000010001100000001011000000000000000000000000000110110000001100
101001000000000000000000000000000000000000110101000001010100000000000000000000000000000000000000000000001001000000000000000000010000000000010010000010010000000000011000001110000111111001010000000100000000000000000000000000000000001000001101
100010000000000000000000000000000000000001000001011111100010000000000000000000000011000000000000000000000110000000000000000000100000000000000000000001100000000000011001000101001000010011011000000000000000000000000000000000000100010000000000
011100000000110000000000000000000000000000111110000010111110000000000000000000000111000000000000000000000000000000000000000011001000000000000000000000000000000000000001000011100000011100001000000000000000000000000000000000000011100000000000
000000001110001000000000000000000000000000001110000001000100000000000111000000000100100000000000000000000000000000000000000001110000000000000000010000000000000000000001000111100000000010000000000000000000000000000000000000000000000000100000
000000000011001000000000000000000000000000000000000000101000000000000000000000000011011000000100000000000000000111000000000000100000000000000000001000000000000000000000011110000000000001010000000000000000000000000000000000000000000000100000
000000000011001000000000000000000000000000000000000001101100000000000000000000000011011100001110000111000000000000000000000000000000000000000000000000000000000000000000000000000000000000000000000000000000000000000000000000011000000000000000
000000000000000000000000000000000000000000000000000000101000000000000000000000000001000010001010000000000000001000100000011000000000000000000000010000000000000000000000100000000000000000000000000000000000000000000000000000011000000001010000
100000000001110000001100000000000000000111000000000100010000000000000000000000000000001110000000000000000000001000100000011000000000000000000010110000000000000000000001010000000000000000000000000000000000000000000000000000000000000000010000
010000000001100000000010000000000000000000000000001010000000000000000000000000000000000000000000000000000000000000000000000000000000000000000000000000000000000000000000110000000000000000000000000000010000000000000000000000000000000100010001
010000000000000000010010000000000000000000000000001010000000000000000000000000000000000000000000011100000000000111001100000000000000000000000010100000000000000000000000000000000000000000000000000000101000000000000000000000000000011110110010
100000000000000001100010000000000000000000000000001011011100000000000000000000000000000000000000001100000000000000010010000001100000000000000001000000000000000000000000000000000000000001110000000000101000000000000000000000000010101000110001
000000000000000010001000000000000000000000000001110001110100000000000000000000000000000000101000010000000000000000010010000010100000000000000000000001000000011000001100000001100000000000000000000000011000000000000000000000001110101000000000
000000000000000010001000000000000000000000000011110001111100000000000000000000000000000001111111000000000000000000001100000011000000000000000000000010100000000000001010000010010000000010101000000000000000011000000000000000010000001000000000
000000000000000001110000000000000000000000000101111110000000001000000000000000000000000011110111000000000000000000000000001100000000000000000000000010100000010100000100000001100000000010010100000010000000011000000000000000011010011010000000
011000000000000000000000000000000000000000001100000100000000011000000000000000001000000110000111000000000000000000000000010100011000000000000000100001000011001100000000000000000000000000000111000000000001000000000000000000000010000010000000
011000000000000000000000000000000000000000000111011100000000101000000000000110110100001101011100000000000000000000000000011000011000000000000000110000000011000000000000000000000000000000000000100000010000000000000001000000000000100100000000
000000000000011000000000000000000000000000001010010000000001100000110000010110000100000111111000000000000000000000000000000000000000000000000011011000000000000000000000000000011000000000000111000000001000000000000001000000000000001000000000
000000000000011000000000000000000111000000011010110000000000111000110001100111110000000011000000000000000000000000000000000000000000010000000011100000000000000000000000000000010100000000000010000000010011000000000000001100000001000000000000
000000000000001111010000000000000000000000010011100000000000011000000001100000000000000000000000000000000000000000000000000000000000111000000000000000000000000000000000000000001100000000000000000000001100000000000010001110000001010000000000
000000000000000011001100000110000000000000001110000000000000000000000000100000000000001000000000000000000000000000001100000000000001010100000011000000000001010000000000000000000011000000000000000000000000000000011010000000000000110000000000
000000000000000011010001000000000000000000000000000000000000000000000000011000000000010100000000000000000000000000010010000011000001000100000000000000000001001000000000000000000010100000000000000000000000000000000010000000110000000000000000
000100000000110001000010000010000000000000000000000000000000000000000000011000000000100010000000000000000000000000001100000100100110000011000000000000000000000000000000000001110001100000000000000000000000000000100110000001001010000000000000
000100000000110000000000000000000000000000000000000000000000000000000000000100000000100010000000000000000000000000000000000011011000010000100000000000000000000000000000000010001000000000000000000000000000000000111111100010111001000000000000
000100000000000000000010001000000000000000000000000000000000000001100000000001100000100010000000000000000000000011000000010000011100101001110000000000000001001100000000000100000000000000000000000000000000000000000011100010001001000000000000
000000000000000000000011110000000000000000000000000000000000000001100000000001101000010100000000000000000000000110000001001000001000010000100000000000000001111010000000000000000000000000000000000000000000000000000001110010000010000001010000
000000000000000000000001100000000000000000000000000000001100000101100010000001001000001000000001000000000000000110000001011000000110000011000000000000000000001010000000000010100000000000000000000000000000000000000001101000000000000000111000
000000000000000000000000000000000000000000000000000000010100000000110011000000101000000000000011100000000000000110110010001000000001000100000000000000000000000100000000000001101100000000000000000000000000000000000000001100000000000000001000
000000000000000000000000000000000000000000000000000000001000000000000001100000000000000000000100110000000000000110000000010000000001010100000000000000000001111000000000000000010000010000000000000000000000000000000000000000000000000000000100
000000000000000000000000000000000000000000000000000000000000000001000001000000000000000000000111000000000000000001000100010000000000111000000000110000000000110000000000000000000000101000000000000000000000111000000100000000000000000111111110
000000000000000000000000000000000000000000000000000000000000000000000000010000000000000000010010000000000000100000000110000000000000010000000001011011100000100000000000000000000000100100000000000000000000101000000010100000000000000110000010
000000000000000111000000000000000000000000000000000000000000000000000000101000011110000000010110000000000001010000000000000000000000000000000011011011100000000000000000000000000000011000000000001100000000111000000000100000000000000011111100
000000000000000000000000000000000000000000000000000000000000000000000001110000011101111000000100000000000000000001100000000000000000000000000010010010010000001100000000000000000000000000000000001100010000000000000000101010000001000000010000
000000000000000000000000000000111000000000000000000000000000000001111001010000001101011100000001100000000000000001100000000000000000000000000001100001000000001100000000000000000000000000000000000000101000000000000011001010000010010000000000
000000000000011000000000000000000000000000000000000000000000000110000001000000000000011000000000100000000000000000000000000000000000000000000000000001010110000000000000000000001100000000000000000000011000000000000000000010000000000000000000
000000000000110000000000000000000000000000110000000000000000000110000001100000011000001100000000111000000000000000000000000000110000000000000000000000010010000000000011000000001100000000000000000000000000000000000001000000000000000000000000
000000000000000001000000000000000000000000110000000000000000000110100001100001011010000110000000100100000001010001000000000000110000000000000000000000001110000000001100100000000000000000000000000000000000000011000001000110000000001011000000
000000000000000001000000000000000010000000000000000000000000000001100001000010110000001100000000011000000000100001000000000000000000000000000000000000000000000000001101100000000000000000000000000000000000000111000001000110000001000001000000
000000000000000000000000000000000101000000000000000000000000000000101100000111000001100000100100010100000000000001000000110000000000000000000000000000000000000000001101100000000000000000000000000000000000000010110000000000000001000010000000
000000000000000100000000000000000110000000000000000000000000000000010000000100100000000000100010001100000000000000000000000000000000000000000110000000000000000000000010000000000000000000000000000000000000110000010000000000000000000010000000
000000000000000010111000000000000000000000000000000000000000000000001000001101100000000000000010000100000000000000000010001000000000000000001001000000000000110000000000000000000000000000000000000000000001001000101000000000000000011100000000
000000000000000001001000000000000000000000000000000000000000000000000001100000000000000000000100000000000000000000000000001000000000000000000110000000000000110000000000000000001000000110000000000000000000110000000000000000000000000000000010
000000000000000000110000000000000000000000000000000000000000000000000000000000000000000000000000000000000000000000000100000000000000000000000000000000010000000000000000000000001000001001000000000000000000000000000000000011000000000000000101
000100000000000000000000000000000000000000000000000000000000000000000000000000000000000000000000000000000000000000000001010000000000000000000000000010000000000000000100000000001000000110000001100000000000000000000000000100100000000000000101
001010000000000000000000000000001000111100000000000000000000000011000000000000000000000000000000000000000000110111000000000000000000000000000000000000000011000000001011000000000000000000000011100000000000000000000000000011000000000000000010
000100000000000000000000000000001111100010000000000000000000000100100000000000000000000000000000000000000001000111000000000000000000000000000000000001000001000000001001000010000110000000000010010000000000000000000011000000000000000000000000
000000000000000010000000001110001110110000000000000000000000000011000000000000000000000000001110000001100001110000000000000000000000000000000000000000110001000000001110000111101111000000000111100000000000000000000011000000000000000000000000
000000000000000010000111001001000001101001000000000000000000000000000000010000000000000000000000000001100000100000001000000000000000000000000000000000010010000000000000001011110000000000011110000000000000000000000000000000000000000000000000
000000000000000010001000110110000101001001000000000000000000000000000000001000000000000000000000000000000000111000001000000000000000000000000000000000001000000000110000000000000000111111010010000000000000110000000000000000000000000000000000
000000000000000000001101100000001110000000000000000000000000000000000000100000000000000000000000000000000000010101001000000000000000000000101000000000000000000000110000000000100000000000100100000000000000110000000000000111000000000000000000
000000000000000000010000100000011100001110000000000000000000000000000000101000000000000000000000000000000000001101100000000000000000001111001000000000000000000000000000000000100010001000101000000000000000000000000000000111100000000000000000
000000000000000000011011000000110000001000000000000000000000000000000000011000000000000000000000000000000000001101010000000000000000001000000000000000000000000000000000000000101111001000101100000000000000000000000000001000010000000000000000