000100110010001000110011001010000100011000001011100010101100010000000001100000000110110111011000000001101011001110000110000110001101100011011000000111001011000101110000000000010111001101010001110000000011001110000000000000010010110000000001
000000110100001000011000101110001000100100010000010000000000101100000010101000000000110001100011111000001110010001000100000011000000000001111000001000101100000110000001000000001111010101100001110000000001010000000000010011011110000000000011
000001000010011000001000000001000000011000000010000001000100100000000001101000000000110011100011101010100000111000100000000100100001110000001000000000110000000000001100100010010011110000000001000011000000000000000000010111001111000000110010
000000000000001111001000000000000000000000000010000011110000000000000000010110000000101000011001100000000101001001000110000001110000000000100000001100100000000000001100010011010000101000000000000111000000000000010000000000111111101001100000
100000000000001100010000000010110100000000000000000110100100000000011001010010111101001000000110100011000011100000100000000110111000000010000000001000000000000000000000010100001000011000000000000000001110000000100000000000110000110010000000
011000110000000100101000000111010010000011100000000010000000011011011001100011000000001100000110110010000000110000100111010000110111100001100000000100100000000000111000001100010100000000001100000000010001001100011010000110000010100010000000
000111011000001001000000101000000000000001100001000110001000010000001000000010000000000100000010010010000111110110010001100011000010010000000001100000011000001000000100000000010101100001001011000000011011000010110010001001000110000000000110
011101101100000010010001110110000000001111110000110101000101000000010000000100010100010101100000101000110000111100000000000011000100100001100000100001011000011001010100000000001001010010000011000001100000000000110110000011101001000000001001
110111001000011010101000010100001100001000001000111011001000000000100001100100000000010100000001011000010010000100000000000000000000100010010000100000100000011010010100001010000010110100001100000010010000000100000000000000101010000000000110
100001000010110010000001101000000000000000100100001010000111000010100011101100010000001110000010001010000010000011000000000001000000001000110000000100000000011100001001110011000001000000000101100010100000010100000000000000110100000000000010
011000110000100001001000011001100111000000000000010111000010101000000010000000000111000000000111010000111000000001000000000000000110000000101110000000000011111001111100001010000011111000100001000000110000100100000000000000110000000000000000
001111000101000000110110000001101000000111110100000110100001101001000000101100100111000000000010101111100001101001000000000110100000001110000110000001000011100001110000000111001001000100000100000000010000101100000000000001100000000000000000
001001000001000000000110110000110001100000101000011000100001101010000000000011110110000000000001100010000001000010000000100000000000000000010000000110101000000001100001100011111001110100001100000001100100101100000111000000000000000000001110
010000000110000000010011000010000100101101000000000111011000000000000000000110101010000010000000101100000001101100010001000000111000111000010110001010100000000000000000000110100000000000000010001011011010100000000100100001010000000100000001
000000001000000000000010000000000000110011000000110000011000000000000001110001100011000000100000001100000000010000010000100100000100010000001101111001000011110010000000001100110000000000001100010010011010101000000000000001100000000111000100
000100001101100000010011001000011100001111000000000110000000000000001000001000100010000001110110101000000000000000111000010000101000000000000111111100010100000000000110100101110010000011111000100010001001111000000000000010000011000000110000
100000001011010000000100000010011100010110110000110100000000000111001010110000011100000100111010111000000000000000000000000010000100000000001000110100000000001000001110100100010110110001000000000000000110000101001101000101000010000000111111
001111110100000000000000111000001100000010010000010010000000000101100110000000000000011000000111100010000000000000001110000010001000000111010010000100000000000000010000000000001110000010100001001000000110001101101101001111100010000000000011
001001110001110000000000000000000101000010010010111111000110000001001000000001011000111100001010001110000000000000001110000000000000001110100000101100000010111000010010001000101100000110100000100000000000000111011010011010100000000000000000
000101001110000000000011011000000000000000000110010000011001000001000000000000111101000000001100000110100000000000000100000001100000001010100000011010011000000100110000001001000100011100100000000000001100001100000000001100010000000000000000
001001000000000000000011011111000000000010101001001001011001000011101110000000100110110000111100000000111000000000011000000001100000010100101101000110100000000000000110000000000011100000000000000000001100000011000000000000100000000010000000
000000000000000000000010001111110111001110100000000001000111000010001110000000011011000011010100000000100000001000010000000010100000010011000011100001001001101100001000000000001011001101010000000100000000001110000000001000100000000101000000
100000000000000000000010011000011111001000010100010010000001100010001100000000000111010011010100000000110010001000000000001111000001000100111110100011001101110001000000000011110000010000100000001011011000011110010000001001000000001001000010
000000000000000000000010000000000001101110110100000000000011100101000000111110000000011001010111110100011110001000000000010110000001111100110100010010101011000001001000000000000000000000101100011011010001110000100000000100110000000100000010
001000011000000000000001000000011101000010111011001110000001001101100000100110000000000111011111110011010100000000000110100100000000000000000000001101000111000000111000000110100001000000001001010101100000001100000000000000000000100010000010
000100101000000000000000000000000001100100100001000001000111001101000000110111100101001010110001100001000000000010000000011100000000000000000000011010100011000000100000000100111110000000000000000001110000001100000000100000000000011000000110
101000110000000000000000000000001101000100000001001110000111100110000000001001000000111001000000000000000000000101000010000000000000000000000000010010001101100000000000000010000000010100000111000011001000010000000001110000000000100100011101
010100000000001010000000000000010100000000000001110001000100010000000000000100001000100011001100000000010000000100100001111000000000000111000000100001111110000001100000000011000001100010000010000100000001001000000001100000000000000010110100
000110000000000010000000000000000101100000001101100000000000010000000000000010000110010111001110100000000001100000101001111000000000001000101111100100111010000001110001100011000110100010000101011011101001111100000001100111011011000001011111
010111000011000010000000000000010101110000101000100110000011100000000100000100100001000010010100011100000000000010001000001000000000010000101010001100000000000000100001100101000010100000001111111100100000100000000011100100010000000001000110
010011000000000011000101100000010111110000011001101000000000000000000110001000000000000100011100000110000010000011000011110000110000000100001010000010000000001111101101101000100010101100010101111000001010001100000100000101001000000110000110
101011100100000011001000100000000010010000100000010000000000001100000001000000000001000011011100000110000110000001011110110001100000000000010000001111000000010000011100001000000000000000010101000000001000000000000101000000001010000010011110
011110000000001101001100010000100101110011111001000011000000001100011011100010000000101000001000000000010100100000111100000000001000000011010011000101100000010000001000001000100000100000000011100000000000000000000100000000000000110000011010
110000000110110000001100000001101110010000000011100000000000001100010010000111000000010000110000000001100100100000000000000010000100011011100001011001100000110000000000000101000000001110000010000000000000100000000010000000000010010001010010
001000000000011001000011010110111101000000100111000111000011111000010100101001000000000000000000000100100100000100000000000100000000011110000111111001001000001110000000000010000000000110000100000000000000100111000000000000000011011110100100
001000010101001111000000010011000100110011011100000011110001011100011100001110000001000111000000001110000010000110000010000111100000100110000111111100000000010010000000000000000000100100001000000000000000001100000000000000000000000111110000
000000000101001100100000010001000110001110001100000001010001000100111001001100000001000001001110100000110000000001110000011010000000000110001100001000110000010000000000000000000000100011100001000000011100010000000000000000000001100101001000
100000011011100000000001000000001000001110010000000001010001011101100001000000000000000011001101101100011000000011100000011000110001100100000000010000000111100010000000011000000000001000010000000000000000101000000000000000110011000100000010
000000110000010000001100000000011111100000110000000000110100000001000110000001110000000000101000100000010010000001110100001000110001110111100000001011000110100100000000010000110001100000010100000000000100010000000000000000010111010001110000
000100110110001000000110000001100001000000000100000000011111110000000100000000000000101010000000011100001100100000010101110000000000000011100010000110000000000000000000110001110010010101000100000000000010011000000000000001000000100000010000
100000110010000000000110000001001100000000000000000000010000000000010000000001110101010110000000000000001100000100011010111100000000000011100100010100000010000100011001101000100011000001000100001100000101000000000000000100000010000001001111
110000010110001011000101000000000010000000001000100000001000010001001100000001000001000000000000001110000111000000011101000110110000000011100100011111001101010010111000000000100010000001100010010010000010000000000000000010101000100000001101
100000000110001000000001010010001001000000000111110001000000000000101100000100101010100011101100010010010110000100011001100000110000000001100100000101101001000101011010000001000001000001000000010000011011100000000000010011011100010000010000
000000000010010010000100010100001010000000100000011010000000110000001101110101000001100011101110000001101111010100000001001000000000001100000011010001001000110000000000101010000111010000000000000010001001110000000000001000110000110100101100
000000000110100000001000000010000110000000111110110010000000110001000110011001000111000010101001000001101101101101100010001011000000000101000011101001100000000000100000000000001100000000000000010000000000100000000000010000100111111000010000
000000000000000001110000000010011000000001110000000100000000111000100010011001000100000011000101000010000011001000101110000111010101000001011010111101000000001011000000000000000001100000000000000110000000100000000110001001000101000100010110
000110000000000000100000000001000001100001000010100011100000000001000001111100110110001011000010000010111111001001101000000011010100000011010000101001000000000000000000000000000000010000000000111110000111110000101011110001000101100110000000
011011001100010010001010000011100011110001000000000110010000000000000000001100100110110001001001000011010000000000111110001111011010000011010000101010000000000000000000000000000010000110000000000011000000110010101001100000000001000001111110
100000000101100010000000001101000000001000000011111011010000000000000000000000010000010011001001000000000111000000010100010010000100000111010000000100000000000000000000000000000010000100000010000011110000100010101000000000000001100011000100
001111000101110000000010001110000001111100000001010011010000000000000000000000000000111101111001000000000111000010110000100010000010000011001000000000000000000001000000000000000001001011000000001000110000100000000010010110000001100100100010
100001100001100010000011001000100010010100000000100000010000000000000000000000001011100111000000000000000011001000000000101011110011100000000101100000000000010011100000000000000000000001000000001010000100100000011000000101000000000100000010
100000000101010100000000001100111010100010000000000000011000000000000000001000000111000000000000000000000111001001100000100110101000010000000000100000000000010000100000000010000000011000000101001100000001010000011000000100100000000010110111
000000000011000100010010001101001000111000011000011001001000000100010111111010000000000000000000000000111110000000000001110000001000001000000000000000000000010010000001010110000000011001100000000100010010011100000000110100000000100000011000
100010000000000000001010010100001000000000001000111001000000011001011110000010000000000000000000000001000000000000000000001000000000010010000000000000000000000100000000000110000000010101110000000000100000010000100100110100001000101101010001
010100100110000100111000100000001000011000010001100000000000000101010011101101010000000000000000001101111000000001000000010100001010010101000000001110000000000000000001011010000010000110110000000000000000100000011101001100100100011001011110
011111000011101100110001100000000010101100000011110000000000000000000001010110010000000000100011101100000010000001001100001100011100010001000000111000000100000000100000000001000111000111110000000000000100000011010011001110010100000010000001
011111001000010110000000100000100000101000000010000000000001000000000000101101110000000010010000101000000001000110000001000100000100001100100001000000001110000001111000000100100111000010110000011000111000000011100001001111001110000111111111
100110000010000000100000011000000000000000001100000000000001000000000001011000000000000000010000011000000010110011000101000100000110011000000000100000010000011110000111000000100001011100001011001000000000100000000000000111011100001011111111
000110000010000000000000011000110100000001111000000000000000000001000000000000000000000010000000100000000010010011001101100000001110111000000000011100100111100101111111000110000110101010000110111100000000000000110000111000001100001010000000
000110000001000000100010001110000011000001011000000000000000000001000000111001110001000000001110100000000001011011001110000000100010010000000000000101000001000000110100000010110110110111000110000101000000100001001000110110010000000100000000
000000000010000001000010000110000101000001100000000000000000000000010000000001110001000000001100000010000000010011010010000000010011101000000011001101101000001100000011000000000001010100000000110001000000000000000100110110100011100110000000
111000110000000010000000110000001100100001100000000011000100000000010000001111000000000000001000011000100000100110100001000001111101000101001001011101100101100000001000100000000000000000000000111001001000000000100100000010010000110000000000
110000011100100000000000000100000010110000100000000001011100011111001000011100001000000000001100010000100000100000000000010000011010001001110001001100000001110000001111000000000000000000000001110000000101000000100000000000000000110100100000
000000001111001100000110000000000001011101000000000010000101101100001000100000000100000000001100010110010001101100000001001111111000000100000010011100000001000000011010000000000000000000000010100000000001000000101100000110111010100001110000
100000000000110000000100010000000001001101101010001110000000100110011101101001100100000000011100011101100001000100010010010111011000010011001100011100000000111000011000000000110000000000000100001000000010000000110111000000000011000111001000
100000111000110000000000000000000000000000000100011101100000100000110110001001100000000000000000011110100000000001001101000100011010111001001000001000000000011000100000010001110000000001100100000100001110000000100000100000110000000001011111
110001011100000011000000001100000000000000000011101001000000100000010101000110110011000000101100011011000001100011011110000000100011000100000000101010111100000011100110001110110010100001100110000100010110000000011011001000011011000001010111
000000000100000011000000101111001000000000000001101110000011110000100010011110100011000000000010000111111000101010011100000011000100000100000001001110100100000011000111001000100000000000000011010100110100000000011001010100000011000001010000
000111100001000000000011011011101000110000000001101110000001001000011011000110101001000000001011010000011010010000000000000011101100001100110000100000000000000101000011000011000000000100010000001100011000010100000000000000110000000001000001
000010000100100000000001001100110000000011000000000000101001001100100010000010001011000000001111001000000011100000000100100010100000010111101100000010000011001100000000000010000000000000000100000110000000100100000011000001111111000000100011
110000011001000001000101000000100000000000000001110110000101001001110111000110011000000000001100001000010001100000110110110000000100000011000000100010101001001100010000000000000000000000000001101001000000000010010110011110011111000000000010
000001101110000100011001000001110000000000000010100010100001011110001100000000001110000000000001001000001110000110100010010011110000010001100000110000000010101100010100000000000000001000000011111011000000010010101000110011000000110011010000
011011101100001000000010000001000100010000000010000000100000101110001100000000000000000000001000010000001100000000000100001100110000001100110110110000000111010000001011000000011000001110000110000011000000000010000000000001001101000011011100
001111011100000000000000000000010010111100001011100011100001001000000000000000001101100000100000000001000100000000001101000000000000010100000000001000011001000000001011000000100100000111100100011011000000000000001000100010001111000000001110
001010011000011010110111000000010010000110011011111000110100111101101100000000000101100011000000000001000101000000000111111100100000011100011000100101100010000010000010001110111000000011110100001111000000000000000010010100001000000000001110
000000011000001010000000100000000010000001000000000000000101001011100000000000001100000110000100010010000100110000000100011101100000110111111000000000000010000100000100000000000000000001101000000001000000001010000001000000110010010000001100
000000000000001110111110100000010101001001100100000000000111000000111000100100001000000010001011111110000000110000001100100100011000110100110000010111111000000100010110000000000000000000011100011100000011000001111011100000010000010000010100
000000000000000011110000000000011100110000100000000000000111110111000110100100000000000000010001001011100100010000001110111100110000000011101100010001000000000100100101000110000000000000010000100000000011000001101101000001111000000000110100
000000000000000001010000000011101000000000011001000000000001000001100100110000111000000000000010001001100110100010000001000001110000000100011100011100000000000010100011001000000010000000000000100001000011000000110001100001011100000000100000
000100001100000010000000000011000000000001011100000000000000100100000000001000100110000011000011011111100110000000100001010001100000001100100000011100000000000011001011001000001100100000000000011110000000000000100001101011011100000000000000
000111001010000000000000100001100110000110111101001000000000011100000000001100001000000000000001010010110001110000000000100111000000001000011110100000000001000000001011000101101100001000000000000000000000011001000001101010000000000000001110
000111001101000010000011100000101110010110000000101000000000011000000000011100111000100000000000100101000000010000000000000000010110110000110110000100000001100000000000111010011100001000000010000000000000010100011001010010101010000000000010
100000000001100001100011100000101000000000000000101000000000000000000000010000011000100000001100110001000000000001010000011000011000110000000000000000000000111000100000000010000100001000000000000000000000000100011100110000100000001000001110
100100000010100000000010000000000000001000000000000000000000000000000110110011111110110000010110100000000000000011000000011000100100001100101101100100000000001110110000000001110000010000001101000000000010000101000100000000000000000010011010
001111110010000000001100000000001000000000001100000000000110000000000000110101000001000000010111100000001010000000000000011000000000111110000001000000100000010010011010100000000000010011100001000000000010011010000000001000010010000110011001
100100000001100000000000000000000000000100010110000011101101000000001100001101000000000000000000000000111000000001100000001000000000001001000101000001010000001100001011011000000100100100010001000010100010001000000000000101100001101010000011
000000010001011110000000000000001101000011010100001111101001000000110011010101110000000000000000000110111000000001100000010000110000000000010111011001001000000000000010011000011010100110010010001100110001010000000000000010000000000000000010
000010010000001110000000000000010001100001100100000000100010000001100011011111101000000000000000001010000000000010100000000101001000000001011001100000000000000000000110001100011010000110001010000111011001000000000000000000000000011100001011
110000000000000000000000000101101000010000001000001101101100000001110010000011011000111000000000000100000001100010100110001000110000000010010001101100000100000010000000011011001000011110001100000111110000000000000000000000000000000011010100
010000000000000000110000000101111011001101011100000001100100000001100110000111010111110100000000001010111001110000011010001100000000000101110000100000010010001100000000011111000100101100001110000000100000000000000000000000101101001000010000
000000001000000000110110000100000110000011000011100001000000000000000101000000001110101110000000000111000001100000011000000010000001110100100000110000001100000000011110100110001010010000001000001100000001110100000000000000101101111000100000
000000001001100011000110000011010100000001010001000010011000100000000101000000001000000010000110001110000000000100000101100001000001100010000001001000000000000001011000011100111010100000000000000000000001110011000000000011000101011000000000
100001110001110111111000001101000101000001110000000010001001010000001101100011100000000011100100000000001000001110001001100010001011010010000001110000000000000000100011101000100000000000000000000000011100010100000000000001011000010100000011
000110100000100010001000000011011000100010010000000100011000001000001101101101100010000010001000000000001000010011010011101100001111110001000000000000100000100000000001110000100000010000000000000000011100000100000000000101010100000000110010
000101000000110001100000001000110110000010010011000010001110001000000001100100000110000000000110000010000110010101001011001000000011010001100001010011000000000000000000000000010101010000000000110110001100001000000000000100010111011100111110
011000100000101001000100000000000010000010000100100000001111011000000110000111000000000000000110000001000010001101101000000000000101011100000000000100000000000000000000000000000000000100100001000001000000011100011000010110110000000000100001
001010110000101001010111100110000011000000000011000001110001001000000100001101000001100000000000000001000100110101001000011000000011001001000100000010000000000000000000000000000000001011000001110110001110001000100100001010111000000000010111
101010110000000000010001100000000010001000011000000001000110010100000000000000101011110000100000000000000111011010000000100000000000000001000000000011000001100011100000000000000000001001001010000110000000010100011000000100000000000000000011
010010000000011000000001100010000010000000011000000000000100010100000000000100001010001000000000010001000110000000000101000000000000011001111000001011000011100010100000011100101000000000011000110100000000010110000000001110000000000000011000
100110000000111000000000000111111010010000011000011011000001101110000000000011101010110000110110001000001110001000000100010000100000000001000000011100100000000010100000000000101010001000111001110110000000010001000000001010000000010000001011
010000000001000001100000100101000000000000000000100101000001100000000000000011111010010010011110000001101000111000000011000101000100000001000000000111000000010100000000000000101100010001100100000100011101000111111000000111000000111110110010
100000000100000111100001000100000000000101000001011000100001000000000110000001010000010011101000001001000000001000000010000110000010000000000110001010000000000000000001000000000000000000000100001100010101101010000111110111000001000001000011
000000011010111101000100000000100010000000000000000001011100000101000111011111000011010100100000000000110000000000000001011001000010000000101100001000000100000010000110100000000000010000001100001000111100000001000011100000000000111100000000
000000000010110101101000000001110001000000011111000001110101101101000011000010100111010001100001110000110001100000000000100000110000000000000000001100000000100100001011110000000011111000000000011000111111001000001000001101000000001000000000
000110000000001100111000000001001111000000100101100001100000010100000000101010000110000001100000000001100001011100000000000010010000000000000100010011001011000100000000110000001010010110000000000000000110100100000000000101000000000000001100
000010000010000110000000000010000111011100001101100000000011011100000000001001001100000001011000000110010000010110101111000000010000000000000100010011001111000010001011100000001010100011000000000000000000101000000000001000000000000101001011
000010001010010010011000000000001001100000101110111000000101001000100000000010000100010000101000001000001000001100001011110000011100000011000010000001000011100000001011000100011000001101000000000000000000000000000000111000110000000000001010
000110000110110100010001000000000001010000010000001011000000001000100000001100001001010000000010000111110000000001001100000001101010000011100000000000011000000000101000001100011010111000000000110000000000000010110000111101110001100000101111
010010100001000000000111100000000010010000100000111111111100000000000000000000000010000101000101100110110000000111110110010100001010000100100000111111101101000100100110011010001000101000000110011000001000000010110000000000000010110000110000
001000100001000000000001110000000000001000000000111100111110001110001110000000001000010100000010000000000000011100001001000100001001101111000001111110110010001010000000001010001101100000000110001100100010000001010000000000000000011000011000
001000111000001100000000110000000001010000110000110100000001000100000111000000001111000100000100000000000000011100001101100100000000001110000100001101010000000001011011000110001101100000000000001111101100100111000001010000000000010001000100
000000000000101111000010100110110000000000111000110000100001000000100001101100000000011110101000000000100000000000110010000100000000000000000000000000100111001100000011101101110001000110000000001111011000100100000000110000000000110110000000
100000000000101001010100011000110000000000111000110101111100110111011000111100000000000000010000110100001100001100101111101111000100000000000100010000100000000100000000010100000001000000000000010100000010000000010001001000000000011001000001
100000000000011110010000111011000000000000010101011100001001111010000100000010000000000000000000111110001100111100100000110111010010000000000011111000100010100010100011000000000001000000000000000010000000000110110000110000001100110110000001
000001000000001011100100000010000000000000010011000000000001001010000100110110101000000000000000010000001000110001010000000011000100000100000000000011101101111011000110000000000101000000000000010000011100000000011001101000000000011010000000
011010000000000010000000011111000000000000000010000000000000101100000100111100100010000100000000000000000000000000110000000000000100000010110000000010110001001000100010000111010011000000100000000010000000010011011110001100000000011100000000
110011100000010010000000000001111000000000011001100000000000110000000100111000000101001000100000001100010000000000110000000000001000011110001000000010100001000001100001100000111110000000100000000000010001100000011011111100000000011000000111
000001001000011100000000000001110000000011100101000000000000000100011000000000001101001000011010001110000000000001100001010000010001000001011000001100000001101100010001000000011010011110000000000000010100010000001001000000000000011000010000
000000010010110000001100000000100000000011100010010000000000000100000000000000000000000100001100000100000000110000000010001000000001000000001001000100000001100000000110000110100010011100000000000001010000010000101000000000000000011010000001
000000100111010000000000000001000000000000010000010000000000001100001000100000000000010100000110000111000010001000000110010000000000000100110010000001000001100110100000000110000010010100000000110001000000010000001000000011000000000000000000
000000110111110000000001000000000000000111011000010000001000001100000000000110000000101000000000000000000010000100001000000000001011011011100100000001100000100110000000101111100010001000000000011100000000100000100000000101000000000100011110
000010001000010001111111100000011000010000011000010000010100000000000010010110010000010000001001111010000000000010110110000000110001101000010111100000000000000000000010111111101011111100000000011010000110010000000000001110011000110000110000
000101000001110110100000001000011000100001011010010000010100001000000001111010010000101100010111101010001100000000110101000011000000000000000000000001000000000000000001010100000000001100000000000011100100111100000000000100001101100000001110
000111110001100110111011000100000011010000110000010000000000001000000001110010000000110010011010000100011010001100000100001100010000000000000000011011000000000000000000100110000000000101000000001100100000000110000000000001010110100000000010
110010010010100000000011000100000010001100000001100000000000001110000000001010000000000001010110000100011010000100011100000100010000000000000000100110101000000000000010110000000001011001011000000000000000010110110010001000100110000000001101
100001111101000000000000100000000010100000000000100000000011000110000000001000000001111110001110000110011010011100000100000100000100011100001000110100001110000001110100000000000010101000000001100000000000000100100010001001000110001110000000
000000001101000000000000101011000001110110000001110110000100100000000000001000111111100000001100000110000011000001010000000000110100011111110001000100010010000010010000000000110001111111010001100000100010000000000010001011000110100000000000
000000010000010001011000101011000000010111100001110000110000000000000000001000000000100000000001110000000001110000000111000000010110000011100111000010011001000101000000000001001010111100001011100011000001100100100100010001000010101111000000
000001100101001111010110101010000001010001010000000110110000000000000000010000001110001111000000100000000100010010001011100000000010100001110000000100001100011101011000000001000101110100000100000000000000000101101110010001000011100111000000
000010011000111111010111000010000101100000011000001010100001000111000001100000011100001111100010100000110011110010000000100000000011000000000000000111011000111111011000000010101111000100011011100000000000000001100000010010000100011110100000
000010010000001010001100100010001011000000011000000111001111010111011101000010001100000001100001101001001110110010010000000110000010000100000100000111000110111100101010001011000100000000011010011000000000010001111010000000000000111000000000
011001100001101100000110100000111100000011000000011001001111100001000100110010001100000000000000000011000011100001000001001101000000000000000011110000010000000010111101001010000000001100001101010100000000010000000010000000000000000001000000
011100000110101101000000000011100000000000000000000010000001100111011010000000000101010100000000000011100001010000011111100000101000000000000000100010100010000011110001100000000000000111010100110111111101001000000000001101000001000110000000
100100000110111010001000000000010000000001100000100010000000000101000100001010110000111100101000000000100001000000000000100100000000000100111110001001100001000000000001100000000110000111001100011000100001100000000000110101100000100000000000
100101110000101100000101010001111000000000110001000010010000001110000110001111001110111000000100000000000000000000011110010101111011000100110111000000000100100000000001000001011111000000000100011001001101000000111000000111110000100100101011
101001100010001000001001000001111000010000110110111010001000001110000000000111111100000000101111000000010000000001000011101111000000001000001101000001000000100011001000010011010000100000000100000000000100000000000110000001110000001101100100
001100001010100000010101000011000111100000000001101001110000010100100100011000000000110000100011101001010110000010000001101101010111110000000000000001011110110111000111100010010010100000000000100001100011100000010000000000100000000000001100
000100101001000110000101100000110000000010000000001000100000111000010001000000000000010001011110001110110000000010001101111010001000000000000010000000100100101111000000010010100011100110000111110100000011101111111100000001100011111000000000
000000001100001100010111100000111100000011100000010100000000000011010001000000000101001011011100001001101100000000110000010100011011110000000010000000011011110001100000000001000000000010001000010100000000011011000111010110100001000010001000
011100110100000100110000000000000111000100000011001010000000000010111010000000000100000001011010000110000100000001000110010110000000010000000000000000000000000000000100000000000000111010000101101100000000001100000000001110100000010000111100
010000000110000000010100000000000000001100000010000010000000000110011000000000000011000011000011000111100010000010000110111100000111100000000000000000010001000000011100000000000001000001000101001000001000100000000000000001010001000001011100
000000000111000000100010000000101100010100000010101100000011000010110100110000000011110000100110001100000000000000000110001010000000000000000000000000000000100000001000000000000010000110000000001000000101110011110000000001100001110010001001
000000001101000001111110110000101111000100100001101100010000000011010001010011100011011001101110001100011011000000000011000110001000000101100000000000000100100001010000000000000110100110000000001000000010110011110000000000000000000010001110
000000011000100010111110000000101011100011000000001001010000000000101111000010000000010101110100000000011000100000000001001100000000110100010001000000000000100001000110000000000100010010000000000111010000101010010000000000000000000010011010
011110100010100011100000000000010001100011011100001000001000000000000001101000010011010000001010000010001000000000000000001100001000000000001010000000001000100000000100100000000000011100000010000110010001011001101100000000000000010000001101
110100110010100000000000000000110000001100001111000001000000000100000000000100000000000000001010000000001100100000101000111100000111111000001001011100001100110000001100010001100000001001000110000000100000010010000110000011000000111000011000
000110001001010110000000000000000000000000100100001000000100001100000000011110010000000000000000110000001001110010001000100000000010000011011000100010110101100000001100010011000000001110000010110011010000000001000000100100100000000000110010
110110101000101111110000000000000000000000011001010000100000011010000000000000000000010000000100100001110001110110000000100000000101111000000110000010110000000000001100000000100000001100000000010011111101110010000000000100010000101100000000
010010101001100001100001110000000110000000000001110000000010000100000000000000000000101000000101000111100000011110110000100000001100001000000100000101000010010000000111010000000000001100000100000001000000111100000000000100001000011011100100
110010111000111111100110010000000101000111000000001000010001000000000000000001011101101001100110000010100010010100110000101000001110001101000001110001101101101000001100001000000100000100001100101000000000001000000000100010000100010000101000
111011011110110010000000111000000011001111100001000100010000000000001110000000011001101011110001111011000001010010000001001100001100000101000001000011000100000000000000110000001010000010001100001000000000000000000000000001101100000000000000
001001100010001000000001000000000000001011100000000011000001000110010000000000010100000000011101001011110001011010110010000000000100000111000000000010000000000000000000010000000010000011000101010100100000001000001000000000001011000000101000
001010001000011000000111000000000000111100000000100000010000101100010000100000011000000111101101000100001000000010011100101100011100000000000001100000000000110000000000000000001000000010000101010100110000010001111000100000000111000000100100
000000001000100000000010000000100000111100011000010000010110100000001000100000000000000010010001100110000011010001111111011010010000000000100011100000000000000110000000011011000110100100000011010100110000001100010000100000000000000000101000
000110010000000000001101010000010000111101111000000101010100100000001100000000011100000000000111000010000000111001110000001010110000000001100011100000011011101001000001100011111000100110000000001000000000000000001000000000011100000000000000
000100000000000110000001010000110000110111101000011100100000000000000000000000011100100000011010101011101000000000100110001000110000001001000110000000100101111001000010101000101001000000000000000000000000000000101011000000000100000000010000
000100000010000110000000010000100100000010010000101100000000011100000000010000000011010000111010100000011000101000000001000100110000110001100000000000100011000010000011100010000001000000111000000000000000000001101000000011111100000010110000
010100000010001110001111000000000000010001110000101100111100100010000110010011100000000001010000000000010100111000000100100110000110100010100000000001000000110100000000001000011000000000111010001000000001000000001000000001110001110110001000
010000000100000000000000001100000000011000100000100100000111111100000001010111100000001001010000110000001001011110000000000011101111000011000000000000100000111000000000001001001110000000011111000100000001000000000001110000100110111000001000
000010100000000000000000000010011001101000000000000000100000000000000111010000010001001001001010110100001000011110000010110010101101000010000000000000010000001111100000010010000110000100000000000000000010111100011101110000000000000110001000
100000010001000100000000000001001110000000000000100011000000000000000110110000000000000111000000000100001000001111000000011101001001000111110000000000011000000101100000111100000110001101100011101010000110010110001000000000000001000100000000
001000011001000010100000000011100000000000000000111011000011000001100111100000000001001011000000000101001000000001011100001111010001000100001000000000001100001010111110000000000000000101000011011100010001110001000000000000000000000000000001
110000001011000111110000000001110010000000000001100000000011000001000010000000000001000000000011010001100100001111010110011001010000001100101100000001100000001010001011000000000000000001011100001000101000111110000000000000000001000010000001
100000000000000100111111000000110011000000100001110000000000000000000100000000000001100000000010110000000100000000000110011000000010000010000000001010000000001010010010000000000000000011000000001111110010000100011000000000001001000110000000
000000000001110010100000000001100001000011010000100011010000000000100010000100110001000011100110100000001000000000101100001001011100010010100000001111110001000011101110000000000000000110000000000000100100010000101001100000000000001011000000
011000000000101001111000000100101000110000010001111100010000001100010100000110000011011000100100000000000000000110100000000000100100010010000100001111100010100011011001101010000000011100000000011111000100000000010001100001100001000000000000
111100000000110000100000000001111010110001011000100000011000011000011000001100010010000010110100100000010011100010101000000001001000000010000000000010000010100010101100001010001000011000000000010010101000001000000000000001100110010100000000
100100001100110110000111010001000000110000100000011000011000001010000000001011000010001110100100001111100010001000010000001100100100000011010000001010000111000001010000000011001000000000000000011100100001111100000000000000110000000000000000
000000000001110111001001011011101100011000000001000000000000010010000000011000000001100000010111000001000010101001000000000000000100001000010000001010000000000000010000000011011000000000000000000010000010001110000000100000000000000000000000
111110000001101010000000001001010010000110000010010111000001110000001110101010000001001100011000000100000000000000000000000000001110000111000010000000000000000000000010100111000101010000000100000010010110000010000001011000011110000000000000
110001000000100110010100010010001010000001000000010000100000001100010011100110000011011111011000000100000000000000100000000000010000100110001010000000000000100000000000000001011001011100010010010011011000000000000001011000000111000000000111
000000000001000110111000010000001011001101000010010001110000000100000000101110000011011100000000000000000000011000000100000000000000111000001001111010110011100000000011110001000000000100011010110000010000010011000000110000000011000000001001
000100001111001110101000000101000011000000111010010011011010010000000010011000011011000000000000000000010000011010001111000001000010011000001110000000000100000011100010000010000001000000001000000101010000010011000001100011000000000010000100
000000011010000000011000000111000110000000101101010011001010000100010011001000100000000011100000010000001000011010011111000011100000111111001000000000000101100000000000110000010000000000000000100011010000010000000001000011100000001101000000
000010011110000000000100000110110001100010011000111011110000011000010000011000111000000000111000000001001010011101100001100100011000000001000100000010101001000001100000011110110001000101000111101101100000000000000111000011100000000001100000
110011000000000000000000000010011001000010011100000001001000010000000000010000100000001000010100000011001000010011011001110011100000000000100100110110100000111000000000000001000001100001000000110011000000000011011000000110000000000000001101
000000000000110000000000001101000000100110011010010011110010000000010000100011000000010000010010000100010001100110001001010000100000000010000001110111000000000101100000000110000001000001000000001110000000011110011010011111000110000001111110
001000000000110000011001000000101011100111000001111011000010000000010110000011000000000000010011100010100000000111000001000000010000101010110000000010000000100000000010100000001101100000000000000101000001101000001010100100101110001101101100
010000000000010010001000000011100000100010111110101010000000110000000000000101000100010000000100100010000100000001100001010000010011000010110000000010000100110000000100100000000001110010000000000111101100101011000100111000111100000000011101
000000110000010000001001001010100000100001100001001010000001010000000111000010101111111011100010000000111000000101011001010000001010000110110000011110001010001000100010100000000010000001100110000101101010101010001100000000011000000000011010
001011010000000001000110001100000000000000000000101100000111011000001101110001001000011100000110000100000000000101101000000000000000001000100000000000000001000000100000000000000000000000000110001100000000000000011000000000010010000000001110
011110000000001101000000000110111000000000000011101100110000011000001111111100000011000010110000000100000000000000111111100001110000001111100010000000001001001001000000000001000000110000000001011000011000000000100000000000010110000000001001
000001100000000011100000001000010000000000000011111100001000000000001110011100000010000010110000110100001000001101000001000001000100000111100010000001000000001110000000000011000001000000000010101000001000000010100000100000000110000000000001
000010110100000000110000001000011100000000000000000000111100000000000000000000001000000001100000000000001100000001101001000010000100011000110010000001000100110100001000001001000010000000000011001000000100000100100000001010011000000110000000
010001010110110000110000000000001100000000001000000001000001000000000000000000010100000000010011000000000100001001001001000110000110011000000000011101101000000000111010010001001000000000000000101011000000000011011000001010000000000001001000
000000110111011101100000000001011001000000011000000001101001000011110001100000100010000001000101100000000000000000000110000110100010000100000000000000000000000011011010010000101000000000000000010010100000010001110000010000110000110000000000
101000011001000100100000000010000111000000101001100000100001000110101110001100010100100001000101000010011000000000000000001000101010000100000010000101000000000011000001000000111000110000000000010000000010000000000111101000111101111000000001
100000111001010100100000001010000010001101100001100000000001001001101110001100000100100000110100000011100011000110000000000010010000000000000111001101101010110001000000000000011000111100000000001010000010011000000001001011000110001100010110
000000000110000110100000000000000001111001101001110000100001000001000101111100000000000000001010000000101110101110000000110000000000000101000100100000001000000011010001000100010000000010000000001010001001000100010101000000001100010010010000
011100100010011101111000010011000000110001001000110000010101001111001001111110000011100000000011110110000001111000000001100110000000100000110111000000001101000000000001000110101000001010000000101010000001001110100011000000000001100000100000
001100100100100100011000110110000000011110000000000000000011101101000110100001000001000001110001101000001000000000000000000100000001111101111100000000001100110000010000011000110000011000000000101000001000000111101010000000000000000000000000
111000010001000100010100011000000011111110010000000000011010000101100010110000000000000000000000001000000010000000000001101100000111000011000001000000110010010000000001100010001000011011110000010100001000000101101011000000110000000000000001
110000010000101100000000010000000011011100000000001100101000001001000010111001000000000010000100000011000111000000000110101000000000100000011000000000100010010000000010000110001000011111001010010100001111010110011111011010000001111110000000
100000100000110101100000000000000000000001100000001100101100001110010001101000000000000001000100010000100011000000000110000000000100000001000010000000100010000000100010100110000000101010001000010110000000000010000000000100000001001011100011
100000010010001101000000100000000001100010000101000000111111000000000011100000010000100000010111000011110000000000000111000000000000000110000100000000100000000001011001101011011001010000100000001001000000000100000010100000010010011100011011
000000000000000000000111000000000100100000000011100000010100111010111001100000000010110000001100011010110000000000000000110000000000000000000100000000100001000011011000011101001100000000000011100100100000000010110111100001010010000010011001
000010100000000100000000000000001001101000000000010010000101111000001111100011110100100000001100000000000000000000000000110000000001100000000000000001000001000011000000001101101000000110000000001000010100000011000000100000010000100100000011
000000100000000110000001100000000101000110000011010001010110000100000001011100111000000000001100100000000000000000110000111110100000000101100000000000100110000000000000000100100100000100100000100001001000011000000000000000111110100110101011
001000100000000010000001101000000101001101000011011011011000000000000001110000110100100000110100000101000111000000010000100011010000001001000000000000010100000000000100000011100001100111000010101100000100010111000000000000000101000000000001
011010000000000000000100000000001101100010000000100000011000000000000001010000110001000001011000000000010011100001110000110100000100000010000000000111111000000000111010000011100000000000000011011000000100110001101000000000000011000110100000
011100000000100000001111100110101101100000100000000000000000000100000000011000000100000001000000010000111011001000110000110000011000000000000000001111100000000000000010011000010000001001010001110101011000011000000011000000010001000010000000
110000000000011111011000000001001010000000010110000000000000010100011000010111111101100110110000110001100000001000110000010000000000000000000000000000000000000000110010011000111000001110001000000011010100010000000000000000100000000111000010
000000000000100011110001101011101000001000010001000000000000001010100001001100100111010010000100100000000001001000000000001000110100000001001000000011001000000000000011100100001001011101010000000100000000000001110000000000110010000000000001
010000110000000001000010001111100110000100010000100000001101000010000001000001100100100111011010100000000001001000110000000111100100000001010010100000011000000000010010100001000110001001000000111000000000000000000000000000001000000000100000
011100011011000000000110010000000100101000001101000000000000100110100010010001100011100011000001111100000001110000110000000000011100000001000000000011100000001000001000000010000101000000000001000000000000000000000000110010000000110110110000
100000111001100000001000001000000000000100000000000000000000001111011100100101011001000110010000100010000000010011011000100000010000010000001001001011000100010100000000101000100000000000001110000000000000000010000001111001100000100100110000
001100111001010000000000101100000100010100101000000111000100011000010110000101011000000010000000100001000010001001011111010000000000101110001000001011000100001110001000100011000000111000000111101111111011110000000000000011111100101011100001
010000011001110000100000001000001110110101001000000010110001111100010000010100001100000100000011001010010100001000001000000001100001000011110000010000000101111010000110100011010000110000000000001000001100010110110011100100111100000000000010
100000010001001000101101000000001011111000101000000011110000000000101000010100100000000100011000001100010000000000001000110001100000101110000000000000000001110001000110010000110000100110010000011101000000000010100001000001100000000000000110
000110011000011000000001100000000000000000000000001100001000001100101010001000110000001001101011100000100100000000001000000000000001001000000000000000000000110000000110010000010100001000110001001001010000100011000010001001111110000001100010
000100111000000000000000100000000000110000000000001000100000011100100100000111010000001001011010111000101101000110001011000010010011100000001111000000000001110000000111000000011001001001111111000000010000100000000000000000000000000001000001
000000000000000000000000000000000011011000000000000000000000010010100000001110000001100000111000011001101011001110000100000001100000011000001000000000000001110000000111000000011010001110000101000100000010010000000000110000100010000000000000
011100000100001001100001000000000011010111000000101111010010001011010000001110000000010000100010000000000100101110000000000000000100010011100110110000000001110000000110000001101100000000000100001010110000010000001000000000000010000000000000
010100100000000101010001000000000000100100000000000100110000101001000000000010000100010000000110101100000110011000000000000000000100000000000011101000001100100000000011000010101100000000000101000011111000001100110100000001100110000000000000
011000011000000010010001100000000000000000010001010000001100001111100000000010001100010000001000111110000000001010001100000000000110100000010000111001111011000110000000100001010100000000010100011011000000000011010100000000000000000000000000
000000101100001011100000110000000000000100100010100000001010001011100000000000010000000001110100001101000001101110001100000000000111000001000000001100001010001101001011000000000111000000110111010000000000000001010110000000000000000000001010
111111100000001001100000010000001000010011000001000000101000001011100000000100010100010001100000100011000000001001000000000000000011010110000010000100110000001000011100000000000100000000010000100000011000000000100000010000001110000000001011
110111010000001101000010101000011000100000000101110001000000000000000000001100011000000001010001000000000000111111000000000000000010001000000101000100000000000000010001000000000010100000000000110000110100000000000000000000000110000000001000
110000110000000110000100100000100111100100011100000010000000001110000000010010000100000000110110000000000001110001001100001100000000000000001000000000001011000011101110000110000000100000000000111101111100001010000000101000110000000001000000
000111101100000010000100010001111110100100100000110000001000010000000000010000000000001000001000001000010001000110001100001000111000000000000101010000001010000000001110001010000000110001101001000000011000001010001110010000100000011100100000
000101000010000000000100000001110000001000100101100000000010110010000000000000000000001000010000011101001000100100001100000101010000010110011010110001010100000000010000001010011011011100000000000001010000001001000110010000000000011001100000
000110000001000000100010000110001101111100001101110000001010110100000000100000011000110000000000100101010000010100000000000000110000010111100000010001000100011000011000011001100010011100000000001111100000000010000011000000000000010001000000
000010000110000001111110000010000111000000000110000010000000100010000010001000000000100000000001001000000000001000000000000000011101010101000000001000001000011001001000011001110110000000000000010000000000110000000010100000011100011110000110
110010000100001000001101000111000000010100000101011000101110001100000110000000100000000000000000000000001100111000011000000000001010010110000001110100001000010000001000001001110000101000000001011110000000100111010010100000100010010100000110
000000000100000000010001000010000000011100001101011000000111101000000010100011000000000000000000101000110000010000011110100000001011000001010100010100100000010000001000001100000000101000000111010000000000011101110001000000100000000000000000
100110001000001001011001100111010110011010101000111000000000000000000000000011000000110000001100011000100000010000000100111000000000000000001011101001000000010000011100000111010000110000000110000110000000011000000000000000000000000000010000
011101000000000100001011000110000100000111000000000001100000000000010000000110010000101000001111000001110101100000110010100110000000000000000000100100000011010111100000000100001100011000000010100000110000110000000000000000100011010000010101
010001000000000000001111000000000100010101100000000000010000000000111100001110000101100000001011100011101100000110000001100000100000000000000000000000011101000001000000000000010100011011000010010000110000001000000000000000100000101000000011
000100101000000000111000000010001000111100000000011100011000000001100100001000111000001111111001100011001000000110101001100110000000000000000000011110001011000000000000111000010000011011100000010000000001010000000000000001000011001000011110
000100010100000010000100000011011100101110010000011001011000100000001010010000010000110000001101100001001000010100001000011110000000000000001110000001001000000000000001011011010000010000000100110000000001100000000000000011010010000000011100
000011000010000010001100000011001100000010011000010111010001100000011100010001000000000000000001100010100000100010000010000100000000000000000100001101110000000000000011000000010000010010001000100101000011000000010000000011011000000000000000
000010110001000000000000110001111100000001100000000000011110011000000011000001000000101000101110110000110000001110100001010010000111000010000100000011111001000000000001010100000000000000001000000101000100100000101100000010001000000001010001
000000000010000011100010010001101100000011000000001100100000001100100001000001000000011001011001010000010000011000001101000110011000000100001000011000101001000000000000010100000000100100001101101000000100111000101011000001011000000010011111
100001000000000001100101000000111110000000000000111111001101000001000000000001000000011010000001100100001000000000000010000000011011000000001110000000011000000000000000001001000001000000001001101100100010001001001100000001000100000100011111
110000110000000011000001000000110000000001000000100100000111000101110001110001000000010100010000011110011000000000011101000010000000000001110100011011000100110110000000010000010000101001000110101100101001011101101000000000000001100101000010
010001110000000000000001110000111000000000000001000000000000110101000000001000100000111010110000010101101000000000111101100000100000000000101000000000000100000100000000100000001000011000010111000011000000100000000000101000000101101100100100
010000111000000000000100001000111110000000000010010100000000110111010100011000011100110111000000000101000110000001101000010001111000000000101100000000000100000001000100000000010000001000010001000000010000010001001000101000000110100010110110
100000110000000000111101010010010110000100000101101000000001100000101000100000001001110100001000000111000111000010110000000010001000000110001000100010110000001001111000000000110000010000000000000001000000100000000100010101100110000010100010
000110110000000001000001010110000010000010000010000011100000100011000001000000001000000010001000000000000000010110000000000000011010111100010000000100000000000101010010000000100000110110000000000001100001000000010100001100100011011000000000
001000110001100000000110000000000100001110000111000010110000000000000001100000100111110011110000000000100100001000100110000000000100000001000000000000011100000001000010000010011000110100011000000001101000000000011000001000000011111000000000