000000000000000000000000001010000001111000000000000000100000000000000000011000000000000000000000000000000000000100001000000000000000000000000000000000000000000000000000000001101010000100011100000000000000000000000000011000111000000000000000
000000000000000000000000001000000001011000000000000000100000000000000000100000000000000000000000000000000000000011001000000000000000000000000000000000000000000000000000000010111000000000000000000000000000000000000000000011111000000000000000
000000000000000000100000110001000101111100000000000000010000000000000000010010000000000000000000000000000000000001001000000000000000000000000000000000000000000011100000000010100000000000000000000000000000000000000000000101011000000000000100
000000000000000000000011111010010011001000000000000000000000000000000000000010000000000000000000000000000001111110000000000000000000000000000000000000000000000110110000000000011000000000000000000000000000000000000000000001100000000000001010
000000000000000000011100010011000001110000000000000001100000000000000000000100000000000000000000000000000001011111000000000000000000000010000000000000000000000000101000000100011000000000000000001000000000000000000000000000000100000000000010
000110000000000000000000001110000000100000000011000001000000000000000000000000000000000000000000000000000001100000110000000011000000000010000000000000000001100000010000110100100100010000000000101000000000000000000000000000100100000000100100
000110000000000000000000000000000000000000000011000000000000000000000000000000000001100000000000000000000000110010010000000011000000000010000000000000000001100000010000100010011001000000000000011000000000000000000000000000100100000001001000
000000000000000000000000000000000000000000000000000000000000011000000000000000000010010001001000000000000000010000000000000000000000000000000000000000000000000000000000001101000001000110000000000000000000000001011000011000010100000000110000
000000000000000000000000000000000000000000000000000000000000110011100000000000000010100010000100000000000000010000000000000000000000001100000000000000000000000100011000001100001001101110000000000000000000000000010000000000010100000000000000
000000000000000000000000000000000000000000000000000000000000111011000000000000000001000100000100000000000000000000000000000000000001000000000000000000000000001010010000001000001000011001000000000000000000001100010000001000001100000000000000
000000000000000000000000000000100000000000001100000000000000111011000000000000000000000000100100000000000000001010000000000000000110001100000000000000000000010000000001100000010000000010000000000000000000010101100000011100000000000000000000
000000000001110000000000000001100000000000001100000000000000000000000000000000000000001001000000000000000000111000000000000000000010000000000000000000001100110000000001100001000000000000000000000000000000110000000000100010000000000000000000
000000000111001000000000000011000010000000000000000000000000000000000001010000000000000101100000000000000000101000000000000000000001100000000000000000001100111000000001110101000000000000000000000000000000011100000001100100000000000000000000
000000001000000000000000000110000000000000000000000000000000001000000010010000000000000111100000110001100000001111000000000000000001100000000000000000000000000000000001100010000000000000000000000000000000001100000000111000000000000000000000
000000001110100000000000000110000000000000000000000000000000001000000100010000000000000011010000111010000010000001000000000000000100000011000000000011000000000011001110111011000001101100000000000000000000000000000000000000000000000000000000
000000000100100000001000000000000010000011100000000000000000000001100011000000000000000000000010111010000100000100000000000000001100000011000000000011000000000011010110110010000001000100000000000000000000000000000010000000000000000000000000
000000000000000000011100000001100000000000000000000000000000000010000000000000001110000000100010000010001000000000000000000000001010011111000000000000000000000000001000010110000000111000000000000000000000000000000101000000000000000000000000
000000000110100000110010000000100001000000000000000000000000000001000100000000000000000000000000000010000101000100000000000000000000010010000000000000000000000000000000011100000000000000000000000000000000000000000110000000000000000000000000
000000011100000000001110011000000000000000001000000000000000000001001000000000000000000000011100000001110011011000000000000000000000001111100000000000000000000000000000001000000000000000000000000000000000000000000000000000000000000000000000
000000011000000000001000010000000000000000010100110000000000000000111000111000100001100000000000000000000010000000000000000000000000000011010000000000000000000000000000000000000000000000000000000000000000000000000000000000000000000000000000
000000000000000010010000011000000000000000010100110000000000000000000000000001111001000000000000000000000001110001100000000000000000000000011000000000000000000000000000000000000000000000000000000000000000000000000000000000000000000000000000
000000000000000011100000001010000000000000001000000000000000000000000000000010001111001000000000100000000000110001100000000000000000000000011000000000000000000010000000100011000000000000000000000000000000000000000000000000000000000000000000
000000000110000011100000000000000000000000000000000000000000000000111000000001101111001000000000100000000000000000000000000000000000000000110000000000000000000111000001100011000000000000000000000000000000000000000000000000000000000000000000
000000000110000000000010001001000000000001100000000000000000000011000000000000110001001000000000100000001011000000000000000000000000000111100001110000110000000110000011100000000000000000000000000000000000000010000000000000000000000000000000
000000000000000000000111000001000000000010100000000000000000000010000100000000000011000000000000001101101101000000000000000000000000000011000000000000110000000001010011100000000000000000000000000000000000000011000000000000000000000000000000
000000000000000000000000100010000000000001000000000000000000000010000100000000000001100000001000000001101101000000000000000000000000000010000010010000000000000010111001100000001100000000000000000000000000000001000000000000000000000110000000
000000000000000000000100000000000000000000000000000000000000000001000100000000000000000001001000001001001001100000000001001000000000000000000110011000000000000001101001000000001100000000000000000000000000000010000000000000000110000100000000
000000000000000000000011001000000000000000000000000000000000000000011000000000000000000000000000000001110100000000000010000100000000000000000001101100000100000001001000001100000000000000000000000000000000000000000000000000000110000000000000
100100000000000000000011110000000000000000000000000000000000000000000000000000000000000010011000000000000000000000000100001100000000000000011011001100000100000000010100000000000000000000000000000000000000000000000000000000001001000000000000
100110000000000000000000100000000000000011000000111000000000000000000000000000000000000000000100010001110011100000000100000001000000001100000000000000000100000000000100000000000000000000000000000000000000000000000000000000000011110100000001
100100000000000000000000000000000000000010010000010000000000000000000000000000000000000001110100111101110111100000000111111001000000010010000000000000000000000000000000011000000000000000000000000000000111000011000000000000000011011100000000
000000000000000000000000000000000000000001111011110000000000000011000000000000000000000000111000100000010100000000000000100001000000010100000000000000000000000000010100011100111000000011100000000000000001010001000000000000000000001000000000
000000000000000000000000000000000000000000101111010000000001000010100000000000000000000000000000000001000000000000000000011000000000001000000000000000000000000000100100100100111000000000000001100000000000011110010000000000000000010000000000
000000000000000011000100000001000011000000000101010000000010100001000000000001000000000000000000001100000000000000000000000100000000000000000000000000000000000000010100111110010000000000000010100001000000011000101000000000000000100000000000
000000000000000011001010000001000011000000001001100000000010100000000000000001000000000000000000000000000000000000000001011000000000000000000000000000000000000000011100011100001110000000000011100100100000000000101000000000000000100000000000
000000000000000000000110000001000000000000001111000000000001000000000000000001000000000000000111000000000000000000000001110000000000000000000011000000000000000000000000101000010010000000000000010000010000000000010000000000000000000000000000
000000000000000000000000000000000000010000001000000000000000000000000000000000000000000000000000000000000000000000000011000000000110000000000010111100000000000000000000000000000000000000000010000000010000000000000000000000000000000000000000
000000000000000000000000000000000000101000000000000000000000000000000000000000000000000000000000000000000000000000000000000000001001000000000001111000110000000000000000000000110000000000000010000001110000000011000000000000000000000000000000
000000000000000000000000000000000001000000000000000000000000000000000000000000000000000000000000000000000000001100000000000000000110000000000000110001001000000000000000000001001000000000000000010000100000000011000000000000000000000000000000
000000110000000000000000000000000001100110000001000000000000000000000000000000000000000000000000000000000000010010000000000000000000000000000000000000110000000000000100000000001000000000000000000111000000000000000000000000000000000000000000
000000110000000000000000000000001011000010000010100000000110001010000000000000000000000000000000000000000000010010000000000000000000000000000000000000011110000000011011000000101100000000000000000010000000000000000000000000000000000000000000
000000000000000000000000000000001010001000000001000000000110001100000000000000000000000000000000000000000000001100000000000000000000000000000000000000001110000000000001111111000110000000000000000000000000000000000000000000000000000000000000
000000000000000000000000110000000011000000000000000000000000000100000000000000000000000000000000000000000000000000000000000000000000000000000000000000001001100000000000000000100100000000000000010000000000000000000000000000000000000000000000
000000000000000000000000010000000000100000000000000000000000000000000000000000000000000000000000000000000000000000000000000000000000000000000000000000000111011000011101101000100000010000000000111000000000000000000000000000000000000000000001
100000000000000000000001100000000010100001110000000000000000000000000000000000000000000000000000000000000000000000000000000000000000000000000000000000001001100000000000101010010100001000000001000010000000000000000000000000000000000000000011
100000000000000000000011100000000001100000000000000000000000000000000000000100000000000000000000000000000000000000000000000000000000000000000000000000000111000000000001110101000110001000000011100000010000000110000000000000000000000000000110
110000000000000000000100000000000000000100000000000000000000000000000000001010000000000000000000100000000000000000000000000000000000000000000000000001110100000000000001010000000000001000000010000000010000000110000000000000000000000000000000
110000000000000000001011000000000000000100000000000000000000000000000000000110000000000000000001010000000000000000000000000000000000000000000000000010100000000000000000100000000010010000000010000010000000000000000000000000000000000000000000
000000000000000000001010000000001100000100000000000000000000000000000000000000000000000000000010010000000000000000001100000000000000111000000000000001000000000000000000000000000001100000000001001001110000000000000000001100000000000000000001
000000000000000010001100000000001100000000000000000000110000000000000000000000000000000000000111100000000000000000010010000000000000000000000000000000000000000000000000000000000000000000000000100001010000000000000000001100000000000000001000
110000000110000111000000000000000000000000000000000001001000100000000000000000000000000000000100000000000000000000001100000000000000000000000000000000000000000000000000000000000000000000000000000001100000000000000000000000000000000000000101
001000000110001001100000000000000000000000000000000001001000100000000000000000000000000000001001000000000000000000000000000000000000000000000000000000000000000000000000000101000000000000000000000000000000000000000000000000000011100000000001
110000000110011101100001100000000000000000000000000001101100100000000000000000000000000000000101000000000000000000000000000000000000000000000000000010000000000000000000000110000000000000000000000000000000000000000000000000000000000111000000
000000000000001111100001110000000000000000000000000000011000000000000000000000000000000000000010000000000000100000000000000000000000000000000000000101000000000000000000000110000000000000001000000000000000000000000000000000000000000111111000
000000000000000010000010010000000000000000000000000000000000000000000000000011000000000000000000000000000001010000000000000000000000000000000000000101000000000000000000000000000000000000010100000000000000000000000000000000000000011000111100
000000000011000000000001110000000000000000000000000000000000000000000000000011000000000000000000000000000001010000000000000100000000100000000000000010000000000000000000000000010000000000100000000000000000000000000000000000000000011001000000
000000000111000000000001100000000100000000000000000000000000000000000000000000000000000010000000000000000000100000000000000010000001010000000000000000000000001000000000000000011000000000101100000000000000000000000000000000000000010000000000
000000001000000000000000000100001010000000000000000000000000000000000000000000000000000101000000000000000000000000000000000110000001010000000000000000000000001000000000000000101000000000000000000000000000000000000000000000010100000000001000
000000000100010000000000001010000110000000000000000000000000000001100000000000000000000101000000000000000000000000000000000011000000100000000000000000000000001000000000000000000000000000100000111000000000000000000000000000010010000000101000
000000000000010000011000001010000000000001000000000000000000000010010000000000001000000010000000000000000000000000000000001000000110000000110000000000000000000000000000000000000000000000010100000000000000000000000000000000100010000000000000
000000000000010000010100000100000001000001000000000000000000000001010000000000001000000000000001100000000111000000000000001100000000000000110000000000000000000000000000000000000000000000011100000000000000000000000000000000010010000000100100
000000000000000000001000000000000011000001000000000000000000000000100000000000001000000000000001000000000111100000000000000011000001100000000000000000000000000000000000000000000000000000000000000000000001000000000000000000011100000000010100
000000000000000000000000000000000010110000000000000000000000000000000000000000000000000000000001001000001001011000000000000000111100100000000000000000000000000000000000000000000000000000000000000000000010100000000000000000000000000000010100
000000000000000000000000000000000000000000000000000000000000000000000000000000000000000000000000100100001011011000000000000000000010100000000000000000000000000000000000000000000000000000000000000000000100100000000000000000000000000000001000
000000000000000000000000000000000000110000000000000000000000000000000000000000000000000000000000000100001000010000000000000000000011000000000000000000000000000011000000000000000000000000000000000000000011000000000000000000110000000000000000
000000000000000000000000000000000000000011110000000000000000000000000000000000000000000000000000000100000010010000000000000000000000000000000000000000000000000011000000000000000000000000000000000000000000000000000000000001011000000000000000
000000000000000000000000000000000000001101011000010000000000000000000000000000000000000000001101001000000011100000000000000000000000000000000000000000000000000000000000000000000000000000000000000000000000010000011000000001010010000000000000
000000000000000000000000000000000000001000010000111000000000000000000000000000000000000000000000000000000000000000000000000000000000000000000000000000000000000000000000000000000000000000000000000000000000101000000000000001000001100000000000
000000000000000000000000000000000000001000000001101000000000000000000000000000000000000000001000100000000000000000000000000000110000000000000000000000000000000000000000000000000000000000000000000000000001000000000000000000000100011000000000
000000000000000000101000000000000000000000100011000000001100111011100000000000000000000000001000100000100000000000000000000000111000000000000000000000000000000000000000000000000000000000000000000000000000100100000000000000011100000100000000
000000001100000001010100000000000000000111000001101000000010010100100000000010100110000000000100101001011000000000000000000000001010000000000000000000000000000111000100000000000000000000000000000000000001000000000000000000000001101000000000
000000001100000000000000000000000000000000000000111000001111000000000000000010010110000000000000011000000000000000000000000000111101000000000000000000000000000000001010000000000000000000000000000000000001101000000000000001101100010000000000
000000000000000100000001000000000000000000000000010001100010000001000000000010000010000000000000001000000100000000000000000000000100100000000000000000000000000000001001000000000000000000000000000000110001100000000000000001111100000000000000
000000000000010000000000100000000000000000000000000000010010110001000000000001000100000000000000000011111001100000000010000000000101000000000000000000000000000000000110000000000000000000000000000000101000000000000000000001010000000000000000
000000000000110100110001110000000000000000000000000000000101000000000000000000100000000000000000000000011011100000000101000000000010000000000000000000000000000000000000000000000000000000000000000000101000000000000000000001000010000000000000
000000000000010111100010010000010000000000000000000000000000000000000000000000011000000000000000000000000001100000000101000000101000000000000000000010001100000000000000000000000000000000000001100000010000000000000000000001110010000000000000
000001000000000100010100000000101000000000000000000000000000000000000011100000000000000000000000000000000000000000000010000000111110000000000000000110000111000000000000000000000000000000000001100000000000000000000000000011001001111000000000
000010100000111000001000000000101000000000000000000000000000000000000000000000000000000000000000000000000000000000000000000000110010000000000000001100000000100000000000000000000000000000000000000000000000000000000000000000001000001000000000
000001100011100010000000000000010000000000000000000000000000000000001000000000000000000000000000000000000000000000000000000000000000000000110000000111110010100000000000000000000000000000000000000000000000001100000000000000000000000100000000
100000000000000101000000000000000000000000000000000000000000000000001000000000000000000000000000000000000000011000000100000000000000000001001000000001110001000000000000000000000000000000000000000000000000000110000000000000000000101100000000
100000000010100000100000000000000000000000000011100000000000000000001000000000000000000000000000000000000000011000011011000000000011100000101000000000000000000000000111000000000000000000000000000000000011000000000001100000000000001100000000
100001000001100011000000000000000000000000000000100000000000000001000000000100000100000000000000000000000000000000011011000000000100110000010000000000000000000000000000000000000000000000000000000000000011000001100001100000000000000000000000
000010100000000000000000000000000000000000000001000000000000000001100011101010001010000000000000000000000000000000000001000000000001101000000000000000000000000000010000000000000000000000000000000001100000000101000000000000000000000000000000
000000000000000000000000000000000000110000001101100101000000110001011000000110001010000000000000000000000000000000011001000000010010010000000000000000000000000000010000000000001110000000000000000010010000001100100000000000000000000000000000
000000100000000001100000000000000000110000000100100101000001101000110100000000000100000000000000000000001000000000001010000000100100000000000000000000100000000000010000000000001110011000000000000001100000001110110000000000000000000000000000
001111000000110001100000000000000000000000000001110000100001100100011100000000000000000000000000000000010100000010000000000000100000000000000000000000100000000000000000000000110001001000000000000000000000000000111000000100000000000000000000
010010000000000010100011000000000000000000000000000000000000001011000010000000000001100000001000001010100010000011000000000000010000010000000000000000100000000000000000000101111011010000000000000000000000001001001000000010000000000000000000
010100000000010000000000100000000000000000000000000000000000011011000100000000000010010000010100001001110100000010000111000000000000100000000000000000000000000000000000001010000110110000000000000000000011001000001000001110000000000000000000
001000100000001001000000100000000000000000000000000000000000011001100000000000000010010000011000000010010000000000000000000000000000100000000000000000000000000000000000000000010000000000000000000000000011000100010010100000000000000000000000
000011011000001110000100100000000000000000000000000000000000001111100000000000000001100000000000000000000000000000000010100000000001101100000000000001110000000000000010000100011000000000000000001110000000000011000010100000000000000000000000
000011011000000010001111000000000000000000000000000000000000001111110000000000000000000000000000000000000000000000010010100000000010011100000000000001001000001100000011000010010010000000000000001001000000000000000000110000000000000000000000
000000100100000000001100000000000000000001000000000000000000000100100000000000000000000000000000000000000000000000011001100110000110010001100000000001000000001100000001100001110100100000000000100000010000000000000001010000000000000000000000
000000011000000000000000000000000000000011100000000000000000000111000000000000000000000000000000000000000000011000010010001010000100101111010000000000110100000000000000000000011100000011100000000000110000000000010001110000000000000000000000
000000000000000000000000000000000000001110110000000000000000000000000000000000000000000000001000000000000000101100001110011000000000000000011000000000001000000000000000010000000100000001100001000000001000000000000000100000000000000000000000
000000000000000000000000000000000000001010011100000000000000000000001100000000000000000000010100000000000000110110000000000100000101001111010000000000000000000000000010110100000001000001000001000010000000001000110001000110000000000000000000
000000000000000000000000000000000000011110100010000000000000000000010010000000000000000000100000000111000000110111000000100100000011000001100000010000000000000000000100001010000000100000000001000110010000011000100000110101000000000000000000
000000000000000000000000000000000000000110101010000000000000000100000010000000000000000000100000011100100000010010000000100000000011111100100000111000000000000000000110001001000000001110000000000000100000100101000111000001100000000000000000
000000001110000000000000000000000000000000101100000000000000000010000100000000000000000000100100011111000000001100000000010000000001001100000000100010000000000000000010000100100000000110000000111000000000101001000011010001100000000000000000
000000110001000000000000000000000000000000000000000000000000000000111000011100000000000000100000000000000000000000000000000000001111000000100000011111000000000000001000000100100000101000000000000000000001101101001001110001100000000000000000
001100100000000000000000000000000000000000001000000000000000000000000001001000000000000000100000000000000000000000000000000000000010000001110000001001000000000000000100000100100000101000000011100000000000101000110000011101100000000000100000
110011100000100000000000000000000000000000001010000000000000001110000000111000000000000000010100000000000000000000000000000000100000000000000000000000000000000011000100000101100000111000000011100000000000010000000000001101100000000000110110
011000010000111000000000000000000000000000010001000000000000010010000000010000000000000000001000000000000000000000000000000011110100000100000000000011000000000011000000000000000000000000000100010000000000000000000000000101000000000011110001
011000000000101000000000000000000000000101011010000000000000000001000000000000000000000000000000000000000000000000000001010100011000001100000000000111100000000000000000000000000000000000001111111000000000000000000000000010000000000110111100
010000000111000000110000000000000000000111100000000000000000000101100000000000000000000000000000000000000000000000000010010011100000010100100000001000000000000000000000000000000011000000000000101000000000000001000000000000000000000011000100
010010000000000010001000000000000000000111111000000000000000011001100000000000000000000011000000001100000000000000000001010001000000000001000011001000010000000000000000000000000100100000000000110000000000000001000000000000000000000001000100
000000000000000010000110000000000000000000000000111000000000010010000000000000000000000011000000010010000000000000000010100001100000000000000101100111100000000000000000000000000010100000000001110000000000000100000000000000000000000000000111
001000000000000010010100000110000000000000100000111000000000001100100000000000000000000000000000000100000000000000000011000001110000000000001100000000000000000101000000000000000001001110000000110000000110001110110001100000000000000000001010
001000100000000000000100100110000000000000011101000000000000000111100000000000000000000000000000100100000000000000000011011001000000100000000100011000000000001001000000000000000000001001000001100000000001111110111010010000000000000000001001
000001100000000000111000000000000000000000000000000000000000000010000000000000000000000000000001000000011100000001110000001000000000100000000010000100000000001000000000000000000000010001000000000000011001110000000000100000000001000000001111
000100010000000000110100000000000000000000000000000011000000000000000000000000000000000000011011001001101100000000000000100100000010000000000001111000000000000000000000000000000000010101100000000001110001100000000000000000000001111100000101
000111011000000000000000010000000000000000000000110000000000000000000000000000000000000000011000101000011000000000000000011000001110000000000000111000000000000000000000000000000000001101100000000001000000000000001000000000000000001011000000
000100011000000000110110010000000000000000000000111000000000000000000000001110000000000000011011000100110000011000000000011000001001000000000000000000000000100000100000000000000000000111000000000001010010000000010001000000000001101000000000
000011010000000000001100011000000000000000000000001011000000000000000000001101100000110000000001100011000000011100000000001001000111000000000000000000000000101000010000000000000000000000000000000011000000001101010001000000000010001000100000
110011000000000000000011011000000000000000000000000100011000000000000000000011100001001000000001000101000001101000000000000000000010000000000000000000000000010100010001100000000000000000000000000000100000000100011101000000000010011101100000
011001100110000000000100101110000000000000000000000000100100000000000000000000000000110110000001101100000001100000000000000110000000000001000000000000000000000101100011010000000000000000000000000001000000000001101101000000000001001000000000
001110000110000000000111001100000000000000000000000000011000000110000000000000000000110110000010011001000001100000000000000000000000000001000000000000000000000011000100010000000000000000000011000000100100000000000010000000000000110001000000
001111000000000000001100001000000000000000000000000000000000001000000000000000000000001000000000000001000001010100110000000000000000000001000000000110000000000000000101100000000000000000000100100010000100000000000000000000000000000011110001
101111100000000000000101111110000000000000000000000000000000000000000000000000000000000000000000000101011111111000000000000000000000000000000000000110000000000000000011000000000000000000000100110010001000000000000000000000000000000100000010
110000100000000000000011100111000000000000000000000000000000000110000000000000000000000000000000001101100010000011010000000000000000000000000000000000000000000000000000000000000000000000001001100000110000000000000000000000000000000010001011
000000000100000000000001000010100000000000000000000000000000001000000000000000000000000000000001110110000001001000000000000000000000000000000000010000000000000011000000000000000000000000001111000000000000000000000000000000000000000010000000
000000000100000000000000000010100000000000000000000000000000000000000000000000000000000000000001000000000001001011100000000000000000000000000000101000000000000001000000000000101000000000000000000000000000000000000000000000000000000001100000
000000000100000000000000010010110000000000000000000000000000000000000000000000000000000000000000011100000000010000100000000000000000000000000000101000000000000000000000000001100010000000000000000000000000000000000000000000000000000000000000
000000000000000000000000001000110000000000000000000000000000000000000000000000000000000000000000000000000000000000111000000000000000000000000000010000000000000000000000000000001110000000000000000000000000000000000000000000000000000000000000
000000000000000000000000000011000000000000000000000000000000000000000000000000000000000000000000000000000000000000010000000000000000000000000010000011100000000100000000000000001110100000000100000000000000000000000000000000000000000000000000
000000000000000000000001000000000000000000000000000000000010000000000000000000000000000000000000000000000000000000000000000000000000001100000111100100010000011010100000000000011110010000001010000000110000000000000000000000000000000000000000
000000000000000000000010100000000000000000000000000000000010000000000000000000000000000000000000000000000000000000000000000000011100000000001111111100010000011011000000000000011010100000001001000000110000000000000000000000000000000000000000
000000000000000000000001100000000000000000000000000000000010000000000000000000000000000000000000000000000000000000000000000000000010110100011000010000001100011100000000000000110010100000000110000000000010000000000000000000000000000000000000
000000000000000000000000000000100000000000000000000000000000000100000000000000000000000000000000000000000000000000000000000000011011111000011011010001000010000000000000000000000011000000000000000000001110000000000001100000000000000000001110
000000000000000000000000000000100000000000000000010000000011111110000000000000000000000000000001111100000000000000001100000000000100100001011000101010100010000000000000000000010000000000000000000000001100000000000001100000000000000000001010
000000000000000000000000000000111000000000000000101001100100000110000000000000000000000000000011111111000000000000001100000000000010100010111011011101000010000000000000000000000000000000000000000000001100000000000000000000000000000000001000
000001100000000000000000000000000000000000000000000111100010000000000000000000000000000000000100011111110100000000000000000000000010100000000000011000001100000000000000000000000000000100000000000000000000000000000000000000000000000000001010
000010011000000000000000000000000000000000000000101100000001011111000000000000000000000000000011000000101100000000000000011000000001000011100000000100010000000000000000000000000000000010000000000000000100000000000000000000000000000000001001
000010011000000000000000001000000000000000000000010000000000001111000000000000000000000000000011100001100110000000000000110000011100000000000000000100010000000000000000001000000000000011000000000000000000000000000000000000000000000000000110
100001110000000000000000000100000000000000000000001000100000000010000000000000000000000000000001100001100010000000000000010010110111000000000000000011100000000000000000010100000000000110000000000000000000000000000000000000000000000000000011
100000000000000000011000000100000000000000000000000000000000000000000000000000000000000000000000100001100001000000000000100010010000100000000000000000000000000000000000010100000000001100000000000010000000000000000000000000000000000000000000
100000000001000001110110000100000000000000000000001010000000000000000000000000000000000000000001110001011001110000000100000010001000100000000000000000000000000000000000001000000000001000000000000010000000000000000000000000000000000000000001
000100000001000001111001001000000000000000000000001100000000000000000000000000000000000000000010010001111001001000001000000000000100100000000000000000000000000000000111000000000000000000000000000010000000000000000000000000000000000000011000
000000000001000011011000100000000000000000000110000000000000000000000000000000000000000000000110100001011100010000000100001000000111000000000000000001110000000000000001000000000000000000000000000000000000000000100000011100000001000000011000
000000000000000000100000000000000000000000000101000000000000000000000000000100000000000000000010000001100001100000000000000000000000000000000000000000000000000000000001100000000000000111000000000000000000000001110000011100000001000000000000
000000000000000000000000000000000000000000000101000000000000000000000011101000000000000000000000000001111001000000000000000000000000000000000000000000000000001010000000000000000000001000100111000000000000000010101100100100000001000000000000
000100000001101100000000000000000000000000000001000000000000000000000000000100000000000000000000000000111100000000000000000000000000000000000000100000000000001010001000100000000000001000010000000000000000000010011100010000000000000000000000
000100000001000100000000000000000000000000000000000000000000000000000000000000000000000000000000000000000000000000000000000000000000000000000000100000000000000000000000000000001100000110001000000000000000000011101111000000000000000000000011
000000000000111000000000000000000000000000000000000000000000000000000000000000000000000000001100000000000000000000000000000000000000000000000000100000000000000000001010000000001100000000001000000000001010110000100101010000000000000000000001
000000000000111000000000000000000100000000000000000000000000000000000000000001110000000000111100000000000000000000000000000000000000000000000000000000000000000000001110000000000000000000001000000000001010100000001011010000000000000000011011
000010000000000000000000000000011010000000000000000000010000000000000000000000000000000000100100000000000000000000000000000000000000000000000000000000000000000000001100000000000000000000100000000000000000100100010001100000000000000000100010
000100000000000000000000000000011010000000000000000000101000000000000000000000000000000000000000100100000000110000000000000000000000000000000000000000000000000000001000000000000000000001001000000000000001101111111110000000000000000000100100
000100010000000000000000000001000010001110000000000000101000000000000000000000000000000000110000001110000000110000000000000000100000000000001000000000000000000000000000000000000000000001000000000000000010010001110000000000000000000000011000
000001011000000000000000000001001111000000000000000000010000000000000000000000000000000000000000001011000000000000000000000001010000000000001100000000000000000000000000000000000000000001000100000000000011110000101110000000000000000000000000
000010001100000000000000000001001111001111010000000111100000000000000000000000000000000000111000000110000000000100001110000010001000000000010010000000000000000000000000000000000000000001000100000000000000100000000110000000000000000000000000
000101100000000000000000000000000000001100111110001000100000000000000000000000000000000110000100000000000000000100000000000010001000000000011100110000000000000000000000000000000000000001000100000000000000000000001110000000000000001000000000
011011100000000000000000000000000000000010101001010000010000000000000000000000000000000111100100000000000000000100000000000010001000000000001000110000000000000000000000000000000001000000101000000000000000000000001110000000000000000111000000
011000100000000001100000000000000000000011100101001000100000000000000000000000000000000100000100000000000000000000000000010001010000000001101100000000000000000000000000000000110010100000010000000001110000000000001110000000000000000111000000
000101000000000010100000000000000001110000100110000111000000011000000000000000000000000010000000000000000000000000000000111000100000000001101100011100000000000000000000000000110010100000000000000011001000000000000000000011000000000011000000
000110000000000011000000000000010001100001000110000111000000111100000001100001000000000000000000000000000000000000000001001100000000000000101001101100000000000000000000000000000001000000000000001111000100000000001000000000000000000000000000
000001000100000000000000000000101000000000010000000000000000100010000010010010100000000000000000000000000000000000000000101100000000000000010001110000000000000000000000100000000000000000000000001110000000000000001100100011000000000010000000
000011001100000000000000000000101000011111000000000000011001000001000010100001100000000000000000000000000000011101110010101010000000000000000000000000000000000000000000100000000000000000000000010100000000000000000000010011000000000011000000
000001010000000000000000000000010000000000000001100000100100100010000001000000000000000000000000000000000000011000000010001011000000000000000000000000000000000000000000010000000000000000000000100100001000000000000000000011000000000000000000
000011111000000000000000000000000000000000000011000000011000011100000000000000000000000000000000000000000000000110001001000000000000000000000000000000000000000000000011100000000000000000000000100101101100000000000000000000000000000000000000
001100010100110000000000000000000000000000011010000000000000000000000000000000000000000000000000000000000000000001100110010000000000000000000000000000000000000000000100011000000110000000000000110011001100000001100000000000110000000000000100
010000001100111000000000000000000000000000000100000000000000000000000000000000000000000000000000000000000000000000000111001000000000000000000000000000000001100000011100001000000000110000000000010001001000000001100000000000111110000000001100
000000000000011000000000000000000000000000000000000000000000000000000000000000000000000000000000101000000000000000010011100000000000000000000000000000000011000000110101101010100000110000000000001101100000000000000000000000000110000000000000
000000000000100000000000000000000000000000000000000000000000000000000000000000000000000000000001001000000000000000000001001000000000000000000000100000000000100000011000000000100001100000000000010110000000000000000000000000110001000000000000
000000000000000000000000000000000000000000000000000000000000000000000000001100000011100000000000101000000000000001010000110000000000000000000000011000000000000000000000000011000001100000000000011100000000000000000000000000000110000000000000
000000000000000000000000000000000000000000000000000000000000000000000000001100000000000000000000000000000000000100101000000000110000000000000000000000000000000000000000000001010000110000000000100100111000000000000000000000111011110000000000
000000000000000000000000110000000000000000000000000000000000000000000000000000000000000000000000000000000000001001100100000000110000000000000000000000000000000000000000000000010001010000000000011000100100000000000000000000000000110000000000
000000000000001000000001010000000000000000000000000000000000000000000000000000000000000000000000000000000000001101111100000000000000000000000000000000000000000000000000000000000000000000000000000000011000000000000000000000000000001000000000
000000000000000100000010110000000000000000000000000000000000000000000000000000000000000000000000000000000000010001110000000000000000000000000000000000000000000000000000010100000000000000000000000000000111000000000000000000000000100000000000
000000000000000100000110100000000000000000000000000000000000000000000000000000000000000000000000000000000000111111100000000110000000000000000001000000000000000000000000010100000000000000000000000000000011000000000000000000000000100010000000
001100000000001000000010011000000000000000000000000000000000000000000000000000000000000000000000000000000000100110000000000110000000000000000000100000000000000000000001000000000000000000000000000001011010000000000011000000000000000001100000
010010000000000000000000010110000000000000000000000000000000000000000000000000000000000000000000000000000000110001110000000000000000000000000000000000000000000000000011000000000000000000000000000001100010000000000010100000000000001101100000
000001000000000000000000110100000000000000000000000000000001110001100000000001000000000000000000000000000000001000110000000000000000000000000000000000000000000000000001000000000000000000000000000000100010000000000010100000000000000000000000
001111000000000001000000010000000000000000000000000000000010001110001000000010100000000000000000000000000000000000000000000000000000000000000000000000000000000000000000001000000000000000000000000000011000000000000001100000000000000010000000
000000000101000000110000010010000000000000000000000000000010001001001000000010100000000000000000000000000000000000000000000000000000000000000000000000000000000000000000001000000000000000000000000000000000000000000000101100000000000000000000
000000000010000111000000001110111000000000000000000000000010000001000000000001000000000000000000000000000000000000000000000000000000000001100000000000000000000000010010010000000000000000000000000000000000000000000001000110000000000000000000
000000000000000001000000001111000010000000000011000000000001000100000100000000000000000000000000000000000001100010110100000000000000000001100000000000000000000000010001010000001000000000000000000000000000000000000000100001000000000000000000
000100000000000110000000000010000010000000000011000000000000100100100100000000000110000000000000000000000001100011010100000000000000001100100000000000000000000000010000011000011100000000000000000000000110000000000100000110000000000000000000
000100000000001000000001010011000001100000000000000000000000000000110000000000001001000000000000000000000101110010000000000000000000010011000000000000000000000000000000100100011010000000000000000000000110000000000010001100000000000000000000
000000000000000000000001110001011100010000000000000000000000000000110000000000000110000000000000000000000101110011011000000000000000001000000000001010000000000000000000000010110100000000000000100000000000000000000000000000000000000000000000
000000000000000000000000100000000000001000000000000000000000000000000000000001100000000000000000000000000110100100001100100000000000000000000000000100000000000000000000000001010000000000000001010000000000000000000000000000000000000000000000
000000010000000000000000110101001000001100000000000000000000000000000000000001100000000000000000000000000110111000001110010000000000000000000000000000000000000000000000001101110000000000000001110000000000000000000000000000000000000000000000
000000101100000000000000011111001000100000000000000000000000011000000000000000000000000000000000000000000110001000000001110000000000000000000000000000000000000000000000000011000000000000000001100000000000000000000000000000000000000000000000
000001100100011000000000001110000100100000000000000000000000011000000000000000000000011000000000000000000010100010100000101100000000000000000000000000000000000000000000000000000000000000000001110000000000000000000000000000000000000000000000
001110000001100000000000000000000010000000000000000000000000000000000000000000000000100100000000000000000000100000000000000010000000000000000000000000000000000000000000000000000000000000000001101100000000000000000000000000000111000000000000
001101001001001110000000000000100000000000000000000000000000000000000000000000000000011000000000000000000000000000000000000010000000000000000000010000000000000000000000001000000000000000000011000110000000000000000000000000000011000000000000
000011111101000001000000000001001000000000000001100000000000000000000000000000000000000000000000000000000000000000000001000100000000000000000000101000000000000000000000010100000000000000000001101100000000000000000000000000100011000000000011
000000111100110101000000000000001000000000000001000000000000000000000000000000000000000000000000000000000000000000000000010000000000011100000000101000000000000000000000000010100000000100000000001100000000000000000001100001100100000000000011
011011010100000000000110000000111000000000000010000000001000000000000000000000000011000000000000000000000000000000000000100000000010100000000000010000000000000000000000000000010000010001000000000100001100000000000001100010001000000000000111
010111011000000110001010000000000000000000000110001100110110000000000000000000000100100000000000000000000000000000000000000000000011010100000000000000000000000000001000000000010000010000100000001011001100000000000000000001100000000000001110
100101000000000000000010000000000000000000110000000111010110000000000000000000000011000000000000000000000110000000000000000000000001101000001100000001100000000000010100000000100011000000000000001011000000000000000000000000100000010000000001
100011000000000000000000000000000000000000110100100000010100000000000000000000000000000000000000000000001001000000000000000000000000000000001100000010010000000000100000001000100111001000011000000110000000000000000000000000000110101000001111
100010000000000000000000000000000000000001000001101100000010000000000000000000000101000000000000000000000110000000000000000001110000000000000000000001100000000000011000001000100111000011011000000000000000000000000000000000000011110000000001
011100000100010000000000000000000000000000110001001000011010000000000010000000000100100000000000000000000000000000000000000010000000000000000000000000000000000000000011100000010000011101011000000000000000000000000000000000000011100000000000
001000000110101000000000000000000000000000000010000001000010000000000010000000000100110000000000000000000000000010000000000010010000000000000000000000000000000000000000100000100000001110000000000000000000000000000000000000000001000000000000
000000000000011100000000000000000000000000000100000000101000000000000010000000000100000100001110000010000000000010000000000001110000000000000000000000000000000000000000001000000000000000000000000000000000000000000000000000000000000000000000
000000000011000000000000000000000000000000000000000001101100000000000000000000000000010100001010000010000000000111000000000000000000000000000000000000000000000000000000011100000000000000000000000000000000000000000000000000011000000000100000
000000000010010000000000000000000000000010000000000001101100000000000000000000000011110010001010000010000000000000000000011000000000000000000000110000000000000000000000100000000000000000000000000000000000000000000000000000011000000000100000
100000000001010000000100000000000000000010000000000100010000000000000000000000000000000110000000000000000000000000000000011000000000000000000000110000000000000000000001010000000000000000000000000000000000000000000000000000000000000000011000
010000000001010000001010000000000000000010000000001010000000000000000000000000000000000100000000001000000000000111000000000000000000000000000000110000000000000000000000110000000000000000000000000000010000000000000000000000000000000110011001
010000000000000000100111000000000000000000000000011010001000000000000000000000000000000000000000010100000000000010001100000000000000000000000001000000000000000000000000000000000000000000100000000000101000000000000000000000000000010011001010
100000000000000001110100000000000000000000000000101010010100000000000000000000000000000000000000000100000000000010110010000001100000000000000001000000000000000000000000000000000000000000100000000000101100000000000000000000000010100001110001
000000000000000010010100000000000000000000000010001000000010000000000000000000000000000001101010001000000000000000010010000010100000000000000000000001000000000000001100000001100000000000000000000000011000000000000000000000001110001100000000
000000000000000010101000000000000000000000000000000100000100000000000000000000000000000010000001100000000000000000001100000011000000000000000000000010100000010000001010000010010000000001011000000000000000011000000000000000010011001000000000
000000000000000001110000000000000000000000001100000111111000011000000000000000000000000100000000100000000000000000000000001100000000000000000000000010100000000100000100000001100000000001010100000000000000111000000000000000011100011000000000
011000000000000000100000000000000000000000001000000000000000001100000000000000011000001000000001000000000000000000000000010100011000000000000000110001000011101100000000000000000000000000001111000000000000000000000000000000000101011010000000
011000000000000000000000000000000000000000000001110100000001101000000000001111010100001000000000000000000000000000000000011000011000000000000000001000000011000000000000000000000000000000000000100000000000000000000000000000000000000100000000
000000000000011000000000000000000010000000011000000000000001001000110000100000000000001000000100000000000000000000000000000000000000000000000010001000000000000000000000000000011000000000000111000000011000000000000000000000000000000000000000
000000000000000010000000000000000010000000011010010000000001001000110001011101100000000100010000000000000000000000000000000000000000111000000010110000000000000000000000000000010100000000000111000000010010000000000000001010000000100000000000
000000000000011001101000000000000010000000010000110000000000101000000000010011100000000000000000000000000000000000000000000000000000000000000000100000000000000000000000000000001100000000000000000000001110000000000100001010000001010000000000
000000000000000000011000000000000000000000001110000000000000000000000001100000000000001000000000000000000000000000001100000000000001010100000000000000000000100000000000000000000011000000000000000000000000000000000011000100000000110000000000
000000000000000000001110000110000000000000000100000000000000000000000000101000000000011100000000000000000000000000010010000011000001101100000000000000000000100000000000000000100010100000000000000000000000000000011011000000110000000000000000
000000000000110011100000000000000000000000000000000000000000000000000000010100000000110110000000000000000000000000001100000100111110000011000000000000000000000000000000000001110001100000000000000000000000000000100000000001001100000000000000
001110000000110000000000000000000000000000000000000000000000000000000000001000000001110111000000000000000000000000000000000011000010010010010000000000000000000000000000000011110000000000000000000000000000000000111000100010101011000000000000
000000000000000000000010110000000000000000000000000000000000000001100000000011110000110110000000000000000000000111000000000000100100101001010000000000000001001100000000000000000000000000000000000000000000000000011000000110001111000000000000
000000000000000000000010010000000000000000000000000000000000000000010000000010000000011100000000000000000000000000000000001000010010010010010000000000000001100010000000000000000000000000000000000000000000000000000000000100000000000000011000
000000000000000000000010010000000000000000000000000000001100000010000011000001001100001000000011100000000000001000000011111100000110000011000000000000000000101010000000000000110000000000000000000000000000000000000001001000000000000000101000
000000000000000000000000000000000000000000000000000000010100000001110010100000010000000000000010010000000000001000000000101000000001101100000000000000000000100100000000000001101000000000000000000000000000000000000000011100000000000000001100
000000000000000000000000000000000000000000000000000000001000000000100000100000000000000000000100010000000000000100100000011000000001010100000000000000000001001000000000000000111000010000000000000000000000010000000000000000000000000011100010
000000000000000000000000000000000000000000000000000000000000000000000001000000000000000000001101100000000000000010000110000000000000000000000000111001000000001000000000000000000000101000000000000000000000101000000000000000000000000101111010
000000000000000010000000000000000000000000000000000000000000000000000000110000001100000000000000000000000000100000000110000000000000111000000011000010100000110000000000000000000000100100000000000000000001000100000001000000000000000000000010
000000000000000010000000000000000000000000000000000000000000000000000001001000010011110000000110000000000000100000000000000000000000000000000011000000010000000000000000000000000000011000000000001100000000101000000000100000000000000111111100
000000000000000010000000000000010000000000000000000000000000000000110001001000000001000100001101000000000000000001100000000000000000000000000010011110000000001100000000000000000000000000000000001100010000010000000000100000000000000001010000
000000000000000000000000000000010000000000000000000000000000000011110011010000010101000100000001100000000000000001100000000000000000000000000001100011001000001100000000000000000000000000000000000000101000000000000001010011000000000000000000
000000000000111000000000000000010000000000000000000000000000000100110011000000010100100000000000000000000000000000000000000000000000000000000000000000001110000000000000000000001100000000000000000000011000000000000011000100000000000000000000
000000000000111000000000000000000000000000110000000000000000001000000010000000111100010010000001101000000000000000000000000000110000000000000000000000110001000000000111000000001100000000000000000000000000000000000000000110000000000000000000
000000000000000000000000000000000000000000110000000000000000000100100010000001000100000010000000100100000000100000000000000000110000000000000000000000001110000000001000100000000000000000000000000000000000000101000011100110000000000011000000
000000000000000000000000000000000010000000000000000000000000000010100011100100011001001110000000110100000000100011100000000000000000000000000000000000000100000000010000010000000000000000000000000000000000000100000000000110000000000101000000
000000000000000000000000000000000101000000000000000000000000000001101000000100010000000000000000010100000000000000000000000000000000000000000000000000000000000000001000100000000000000000000000000000000000000110110000000000000000000011000000
000000000000000000010000000000000110000000000000000000000000000000010100000000100000000000000110000110000000000000000000010000000000000000000110000000000000000000000111000000000000000000000000000000000000110001001000000000000000001010000000
000000000000000011111000000000000000000000000000000000000000000000000000001111100000000000000110001100000000000000000000000000000000000000001001000000000000110000000000000000000000000000000000000000000001001000010000000000000000001100000000
000000000000000001001000000000000000000000000000000000000000000000000000000000000000000000000000000000000000000000000000000000000000000000000110000000000000110000000000000000000000000110000000000000000000110000000000000000000000001000000010
000000000000000000110000000000000000000000000000000000000000000000000000000000000000000000000000000000000000000000000000000000000000000000000000000000000000000000000000000000011100001001000000000000000000000000000000000011000000000000000101
000100000000000000000000000000000000011000000000000000000000000000000000000000000000000000000000000000000000000010000000000000000000000000000000000000000000000000000110000000000000000110000010100000000000000000000000000100100000000000000101
001010000000000000000000000000001010111100000000000000000000000011000000000000000000000000000000000000000000101101000000000000000000000000000000000000000011000000001011000000000100000000000010010000000000000000000000000011000000000000000010
000100000000000000000000000100010000000100000000000000000000000100100000000000000000000000000100000000000001000101000000000000000000000000000000000000100001100000011001000110001001000000000000010000000000000000000011000000000000000000000000
000000000000000000000010001110001000000000000000000000000000000011000000000000000000000000000100000001100001010010000000000000000000000000000000000000110011000000001110000000001001000000000000100000000000000000000011000000000000000000000000
000000000000000111000111100001001000001000000000000000000000000000000000000000000000000000000100000001100000001000000000000000000000000000000000000000111000000000011100000000011111111110110000000000000000000000000000000000000000000000000000
000000000000000000001000011110001101110000000000000000000000000000000000010000000000000000000000000000000000101000011100000000000000000000000000000000000000000000110000000000010000011111010010000000000000110000000000000010000000000000000000
000000000000000000011101000000010000001010000000000000000000000000000000000000000000000000000000000000000000100101110000000000000000000111010000000000000000000000110000000000000000000010101100000000000000110000000000000100100000000000000000
000000000000000000010000100000100010001100000000000000000000000000000000101000000000000000000000000000000000010001010000000000000000001111010000000000000000000000000000000001100011000001101000000000000000000000000000001000100000000000000000
000000000000000000011011000101000000011000000000000000000000000000000000100100000000000000000000000000000000001101000000000000000000001000000000000000000000000000000000000000001011001001000000000000000000000000000000001000010000000000000000