000000000000000000000100100100110000000000000000000000000000000000000010101010000000000000000000000000000000011010110000000000000000001110000000000000000000000100100000000011000000000000000110000000000000000000000000000000011100000000000000
000000000000000000001011000100000000000000000000000011100000000000000001000100000000000000000000000000000000100010010000000000000000000100000000000000000000000000000000000010101000000000011000000000000000000000000000000001001000000000000000
000000000000000000011011000001110000001100000000000010010000000000000000000000000000000000000000000000000000011010001000000000000000000000000000000000000000001010010000000001101101000000011000000000000000000000000000000001011100000000000000
000000000000000000001001001100110001101100000000000011010000000000000000000000000000000000000000000000000000010001000000000000000000000000000000000000000000001010010000000000100010000000010000000000000000000000000000000010011000000000000000
000000000000000000001100000000100000000010000000000000100000000000000000000000000000000000000000000000000000001001000000000000000000000000000000000000000000000011001000000010001100000000000000000000000000000000000000000010010000000000001100
000110000000000000000101001100100010001100000011000000000000000000000000000000000000000000000000000000000000001001000000000011000000000000000000000000000001100101011001000000000000000000000000000000000000000000111000000001100000000000010100
000110000000000000000010110001000010000000000011000000000000000000000000000000000001100000000000000000000001100011000000000011000000000000000000000000000001100001001011110000000000000010000000001010000000000001000100000001010000000000011000
000000000000000000000000001111000001010000000000000000000000010000000000000000000010010000000000000000000000010110000000000000000000000000000000000000000000110001000100000000000000100001000000000110000000000001111100000000110000000000000000
000000000000000000000000000011100001110000000000000000000000111000000000000000000010100000000000000000000001110000000000000000000011000000000000000000000000011100000000110010000001000011000000000100000000000000000000000000110000000000000000
000000000000111000000000000011011000000000000000000000000000000000000000000000000001000100000000000000000000000000000000000000000100100000000000000000000000100000010001011001000011011000000000000000000001000000000000100000000000000000000000
000000000001101100000000000101000000000000001100000000000000010100000000000000000000001110000000000000000000000000000000000000000011000000000000000000000101000111110010000001100000000000000000000000000011111000000011010000000000000000000000
000000000001101100000000000000000000000000001100000000000000001100000000000000000000110011000000000000000000000000000000000000000000000000000000000000001000011010100011000010010000000000000000000000000110100100000010010000000000000000000000
000000011110110000011100000101010000000000000000000000000000000000000010000000000000100001000000000000000000000001100000000000000000000000000000000000001000101000000011101010000000000000000000000000000000000100000011100000000000000000000000
000000100001010000010010001001011000000000000000000000000000000000000101111000000000100010000000000000000000001011100000000000001000100000000000000000000110100000000000000001110011000110000000000000000000000000000000000000000000000000000000
000000000001000001100000001110011000000001000000000000000000000000000101111000000000010010000000000000000000001000000000000000010111000110000000000011000000010001000100000000000101000101000000000000000000000000000000000000000000000000000000
000000110100100001101001001100000000000001000000000000000000000110000010000000000100000000110000110000000000000100000000000000100001001101000000000011000000000101110100000000000100000001000000000000000000000000000000000000000000000000000000
000000000000000000101010000111100000000001000000000000000000001001000000000000001100000001001000110000000000000100000000000000010111101101000000000000000000000000100010000000000100010001000000000000000000000000001100000000000000000000000000
000000000000000000010100000001000000000000000000000000000000001001000000000000000000000000001100000000000000100100000000000000001000011110000000000000000000000000010100100000000010000010000000000000000000000000000100000000000000000000000000
000000000000000000000000000001000000000000001000000000000000001001000110100000011100000000010000000000000000111000000000000000000000011000000000000000000000000000001000100100000001000100000000000000000000000000000100000000000000000000000000
000000000000000011100000000000000000000000010100110000000000000110011000110000001100100000000000000000001100000000000000000000000000000000000000000000000000000000000000001100000000111000000000000000000000000000000000000000000000000000000000
000000000000001101100110000000000000000000010100110000000000000000010010011000001100110000000000000000001100100001100000000000000000000000000000000000000000000011000000000000000000000000000000000000000000000000000000000000000000000000000000
000000000000001001101000000111000000000000001000000000000000000000011100010000000011011000000000110000001101011000000000000000000000000000000001110000000000000011000001110001000000000000000000000000000000000000000000000000000000000000000000
000000000110000000001110000000000000000000000000000000000000001100001100001000000001001000000000011000001101001000000000000000000000000000000011110000000000000000000010110100000000000000000000000000000000000000000000000000000000000000000000
000000000110000000010000000000000000000001100000000000000000010010001100000000000010001000000000010100000100000000000000000000000000000000110000001000110000000000000000100110000000000000000000000000000000000000000000000000000000000000000000
000000000000000100000110000000000000000010100000000000000000110010001100000000000110000000000000010010000000000000000000000000000000000001110000100000110000000000000000001000000000000000000000000000000000000000000000000000000000000000000000
000000000000000010000110000000000000000001000000000000000000011001001000000000000000100000000000010001000010110000000000000000000000000010000000000000000000000001100000000000001100000000000000000000000000000000000000000000000000000110000000
000000000000000000010000011000000000000000000000000000000000001111000000000000000110100000000000010001000001000000000000001100000000000001111001110010000000000001010000000000001100000000000000000000000000000000000000000000000110000110000000
000000000000000000000011111000000000000000000000000000000000000000000000000000000001100000000000000011100000000000000000110100000000000000111111110100000000000000000011000000000000000000000000000000000000000000000000000000000110000000000000
000000000000000000000011000000000000000000000001100000000000000000000000000000000000000001100011100101000000000000011000110000000000000000000000001000001110000000000010100000000000000000000000000000000000000010100000000000000000000000000000
000000000000000000000001101100000000000011000000000000000000000000000000000000000000000011000110111101000010100000111001100000000000001100000000001000000000000000010000001100000000000000000000000000000110000000100000000000000000001100000000
000000000000000000000001101100000000001101000000000000000000000000000000000000000000000001110000101001000100000000011000110000000000010010000000001000000000000000100000001101000000000001000000000000000100100000100000000000000000000100000000
000000000000000000000000010000000000001110000100000000000000000011000000000000000000000000111000000011000000100000000000011000000000010100000000000000000000000000100010000101000000000001000011000000000100000001100000000000000000011100000000
000000000000000000000000000000000000001110001010010000000001000010100000000000000000000000010010000000001000000000000000000100000000001000000000000000000000000001101001111000000000000001000111000000000010000110000000000000000000001100000000
000000000000000011000100000000000000000011010001110000000010100001000000000000000000000000000000000000001010000000000000000100000000000000000000000000000000000001000101101000100000000000000110011000000011000000111000000000000000101000000000
000000000000000011001010000011100001100001100000100000000010100000000000000011100000000000000010000000000000000000000001000010000000000000000011000000000000000000001110000001110000000000000100011100110000000000011000000000000000010000000000
000000000000000000000110000000000010011001100000000000000001000000000000000000000000000000000010000000000000000000000001100100000000000000000100100000000000000000000100000000001110000000000010011001001000000000000000000000000000000000000000
000000000000000000000000000000000011000000000010000000000000000000000000000000000000000000000010000000000000000000000000011000000110000000000011000000000000000000000000000101000000000000000000000001010000000000000000000000000000000000000000
000000000000000000000000000000000011000000000000000000000000000000000000000000000000000000000000000000000000000000000000000000001001000000000000000000000000000000000000000101000000000000000000000011100000000000000000000000000000000000000000
000000000000000000000000000000000001000000000000000000000000000000000000000000000000000000000000000000000000001100000000000000000110000000000000000000000000000000000000001000000000000000000000000010100000000000000000000000000000000000000000
000000110000000000000000000000000000011000000001000000000000000000000000000000000000000000000000000000000000010010000000000000000000000000000000000001110000000000000000001010000100000000000000000110100000000000000000000000000000000000000000
000000110000000000000000011000000011101000000010100000000110000000000000000000000000000000000000000000000000010010000000000000000000000000000000000000000000000000000000001010000100000000000000000010100000000000000000000000000000000000000001
100000000000000000000000010100000111000000000001000000000111010000000000000000000000000000000000000000000000001100000000000000000000000000000000000000000000011000000000000000000100000000000000100001000000000000000000000000000000000000000011
100000000000000000000000000000001100000000000000000000000000100000000000000000000000000000000000000000000000000000000000000000000000000000000000000000000000010100001000000000000000000000000001010000000000000000000000000000000000000000000011
000000000000000000000101010000001100000000100000000000000000111000000000000000000000000000000000000000000000000000000000000000000000000000000000000000000110100110010100000000000000110000000001011000000000000000000000000000000000000000000000
000000000000000000000100000000000001110000100000000000000000000000000000000000000000000000000000000000000000000000000000000000000000000000000000000000000111001100010100000000000000110000000001010000000000000000000000000000000000000000000000
000000000000000000000000001000000001110000100000000000000000000000000000000100000000000000000000000000000000000000000000000000000000000000000000000000000111000000001100000000000000011100000001110000000000000110000000000000000000000000000000
100000000000000000000000001000000001000000000000000000000000000000000000001010000000000000000000000000000000000000000000000000000000000000000000000011101010000000000000000000000000011010000010100000000000000110000000000000000000000000000001
100000000001111110000001010000000000111100000000000000000000000000000000000110000000000000000000111000000000000000000000000000000000010000000000000000000100000000000000000000000000010100000100100110010000000000000000000000000000000000001001
000000000011111110000001010000001100010100000000000000000000000000000000000000000000000000000000101000000000000000001100000000000000010000000000000000000000000000000000000000000000000000000011001110001000000000000000001100000000000000001001
000000000111110000000000100000001100000000000000000100011100000000000000000000000000000000000000111000000000000000010010000000000000010000000000000000000000000000000000000000000000000000000000000110011000000000000000001100000000000000000000
000000001100000110001000000000000000000000000000001100001100000000000000000000000000000000000000000000000000000000001100000000000000000000000000000000000000000000000000000000000000000000000000000000111000000000000000000000000001000000000000
011000011100000100001000000000000000000000000000011000010000000000000000000000000000000000000000000000000000000000000000000000000000000000000000000000000000000000000000000000000000000000000000000000110000000000000000000000000001000000000000
101000001100000000000000000000000000000000000000001111101001000000000000000000000000000000000000000000000000000000000000000000000000000000000000000010000000000000000000000000000000000000001100000000000000000000000000000000000001000000000000
010000000000000000000100000000000000000000000000000011101000000000000000000000000000000000000000000000000000100000000000000000000000000000000000000101000000000000000000000000000000000001101100000000000000000000000000000000000000000000000000
000000000000000000000100000000000000000000000000000000000111000000000000000011000000000000000000000000000001010000000000000000000000000000000000000101000000000000000000000000001110000000000010000000000000000000000000000000000000000000001110
000000000000000000000100000000000000000000000000000000000000000000000000000011000000000000000000000000000001010000000000000000000000110000000000000010000000000000000000000000000010000000001100000000000000000000000000000000000000000000010010
000000000000000000000000000000000001000000000000000000000000000000000000000000000000000010000000000000000000100000000000000000000000000000000000000000000000000000000000000000000100000000000100000000000000000000000000000000000000000000110010
000000000000000000000000011000000110100000000000000000000000000000000000000000000000000101000000000000000000000000000000000011100000101000000000000000000000011100000000000000000000000001000000010000000000000000000000000000000000000000010010
000000000000000000000000011000001100000000000000000000000000000001100000000000000000000101000000000000000000000000000000000011100000100000000000000000000000000000000000000000000000000011000000010000000000000000000000000000000011000000010100
000000000000111000011000011000010100000000000000000000000000000010010000000000000000000010000011100000001000000000000000011000100000001000110000000000000000000000000000000000000000000011000100010000000000000000000000000000000100100000111000
000000000000000000010100000000011100000011100000000000000000000001010000000000011100000000001100100000011000000000000000011011000000100100110000000000000000000000000000000000000000000011001000000000000000000000000000000000001001000001010000
000000000000000000001000000000001100000000000000000000000000000000100000000000000000000000001100000000010000000000000000011011000000101100000000000000000000000000000000000000000000000000110000000000000010000000000000000000011010000010001000
000000000000000000000000000000001101100000000000000000000000000000000000000000000000000000001101100001100000000000000000000000000010100000000000000000000000000000000000000000000000000000000000000000000010000000000000000000001000000001000000
000000000000000000000000000000000010000100000000000000000000000000000000000000000000000000000010000000100001100000000000000000000100010000000000000000000000000000000000000000000000000000000000000000000100000000000000000000000100000000000000
000000000000000000000000000000000000001010000000010100000000000000000000000000000000000000000001100010100001000000000000000000001101100000000000000000000000000011000000000000000000000000000000000000000001100000000000000000000110000000100100
000000000000000000000000000000000000001010000000010100000000000000000000000000000000000000000000110001110010000000000000000000000111000000000000000000000000000011000000000000000000000000000000000000000000000000000000000000000000000000011000
000000000000000000000000000000000000000100000000010010000000000000000000000000000000000000000000000000100011001100000000000000000010000000000000000000000000000000000000000000000000000000000000000000000000010000000000000000100100000000000000
000000000000000000000000000000000000000000000000001100000000000000100000000000000100000000000001100000010000100000000000000000000110000000000000000000000000000000000000000000000000000000000000000000000000011000000000000000111100000000000000
000000000000000000010000000000000000000100000000000000000000110001010000000000011011000000000011100001101101010000000000000000001001000000000000000000000000000000000000000000000000000000000000000000000000010000000000000000110000000000000000
000000000000000000101000000000000000000100000000000011000000110001010000000000000000000000000011000000001001100000000000000000001001000000000000000000000000000010000000000000000000000000000000000000001100100000000000000000000000001000000000
000000001100000000101000000000000000000100000001000111100000000000100000000000100000000000000001100001001000000000000000000000000100100000000000000000000000000010000100000000000000000000000000000001111101000110000000000000000000101000000000
000000001100000000010000100000000000000000000001101110110000000000000000000000000000100000000000110000100000000000000000000000000001100000000000000000000000000010001010000000000000000000000000000010110000000010000000000000000000111000000000
000000000000000000010011011000000000000000000010001101100000000000000000000000100000100000000000001000100010000000000000000000000000000000000000000000000000000000001001000000000000000000000000000100000000000110000000000000000000000000000000
000000000000000000010001011000000000000000000001001100000000000000000000000001100011000000000000001001111010000000000010000000001100000000000000000000000000000000000110000000000000000000000000000100011101000000000000000000000000000000000000
000000000000000000100000011000000000000000000000101100000000000000000000000001101100000000000000000110011011000000001101100000111110000000000000000000000000000000000000000000000000000000000000000100001101010000000000000000000000000000000000
000000000110100000100000010000010000000000000000111000000000000000000001000001111000000000000000000011100011000000001101100001000001000000000000000110000000000000000000000000000000000000000001100010001000110000000000000000010000000000000000
000001000111100000110000000000101000000000000000000000000000000000000001000000000000000000000000000000000011000000000110110001110101000000000000110111000000000000000000000000000000000000000001100001110000000000000000000000001000110000000000
000010100000000000000010100000101000000000000000000000000000000000000001000000000000000000000000000000000010000000010000100000000110000000000001110110000001100000000000000000000000000000000000000000000000000000000000000000001011001110000000
000001100000000000000000000000010000000000000000110000000000000000001100000000000000000000000000000000000000000000011111000000000100100000110000110111000001100000000000000000000000000000000000000000000000000000000000000000000000001001000000
000000000000110000000000000000000000000000000000101000000000000000001000000000000000000000000000000000000000011000100010000000000010010001001000000011000000000000000010000000000000000000000000000000000000000000000000000000000000001000100000
110000000001001000000000000000000000000000000000001000000000000000000001000000000000000000000000000000000000011000111100000000000010010000101000000000000000000000000010000000000000000000000000000000000011000000000001100000000001001000000001
000001100011011000000000000000000000000000000000011000000000010110001000001100000100000000000000000000000000000000001111000000000100001000010000000000000000000000000010000000000000000000000000000000000011000001100001100000000000000011000000
000011010000100000000000000000000000000000000010000000000001110001010000000010001010000000000000000000001100000000010100010000000111111000000000000000000000000000000000000000000000000000000000000001100000000011111000000000000000100100000000
000101011000000000000000000000000000110000000000011000000010000001000000000010001010000000000000000000000010000010000100001000001100101100000000000000000000000000111000000000000000001000000000000010010000000100001000000000000000011100000000
010001111000000000000000000000000000110000001100111000000100001111010100000100000100000000000000000000001110000010111100010000111010011000000000000000100000000000000000000010000100001000000000000001100000000000111000000000000000000000000000
010000011000000010000000000000000000000000000101111000000010000000001011010000000000000000000000000000000110001000010000100000110001110000000000000011011000000000000000001111000000001100000000000111000000000000100000000000000000000000000000
010000011000000110000000010000000000000000000100010000000010101100000000000000000001100000001000000000000000001100100110000000000001100000000000000011011000000000000000000000100110000000000000001111000000001000000000000010000000000000000000
000000001000001101000000101000000000000000000010110000000001101100000000000000000010010000010100000000000000000100100110000000000001100000000000000001011000000000000000011110000010111100000000010011000011110001000000000101000000000000000000
000010000000000001100010000100000000000000000001100000000000000000000000000000000010010000011000000000110000000000000000000000000010100000000000000001000000000000000001101000000000011000000000011001000010000001000000000101000000000000000000
000010000010000000100101101000000000000000000000000000000000000000000000000000000001100000000000000000110000000000000000000000001110011001110000001101000000000000000000001000000100000000000000001000000000000010000000000010000000000000000000
000001011111000011100111110000000000000000000000000000000000000000000000000000000000000000000000000000000000001001000000010000001110101101011000000001000000001100000000100100000100100000000000000000000001000010000000000000000000000000000000
000001000011000000000000000000000000000000000000000000000000000001000000000000000000000000000000000000000001101111100001111000000011011111100100001001000000001100000000100000010000000000000000111010001110011000000000000110000000000000000000
000011110100000000000000000000000000000000000000000000000000000001100000000000000000000000000000000000000001001011000011110100000111111001000000000011000000000000000000110001000000000001100000000001001110000000000000001111000000000000000000
000011110100000000000000000000000000000000000110000000000000000000000000000000000000000000011000000011000000010000000011000000000100010010001100101100000000000000000010000000100001001000100000001010001101000000000000000000100000000000000000
000000000000000000000000000000000000000000001001000000000000000001101000000000000000000000100100000010010000011000000000001100000000010110001111101100000000000000000000001100011010010001000000001000001011100000000000001010010000000000000000
000000000000000000000000000000000000000000000101000000000000000001000000101000000000000000001110000100001001000000100001111100000000010110000001001000000000000000000000000000110000001001000000011100000011010000000000101010100000000000000000
000000000000000000000000000000000000000001000010000000000000000000000000001100000000000000001110000100001000001000100000100100000000000001110000110000000000000000001111001110110000000100000001111100000010011000000001000011000000000000000000
000000000000000000000000000000000000000011000000000000000000000000000000010100000000000000001110000100010001100000000000111000000001001101000110000000000000000000010100010000000000100000000001001100000011000000010001000000100000000000000000
000000000000000000000000000000000000000011000000000000000000000000000000000000000000000000001110000011100000011100000000000000000010100100000000000000000000000000010010010111100001000000000000111000000011000000101000111000000000000000000000
100010000000000000000000000000000000000011011000000000000000011000000000000000000000000000001110000000000000001000000000000000000010101100000000000000000000000000001010011100000011000000000000010000000000000001001000011100000000000000000011
100010000000000000000000000000000000000011010000000000000000011000000000000000000000000000100100000000000000000000000000000000010000001110000000010000000000000011000000000000000001100000000000000000000000000000110000001100000000001100000100
110000000001110000000000000000000000000100000000000000000000000000000000000000000000000000011000000000000000000000000000110001001000000000010000111001000000000011000000000000000001010000000000000000000000000000000000010000000000010100001011
110000000000000000000000000000000000001101000000000000000000000000000000000000000000000000000000000000000000000000000000111011000100000101100011000110110000000000000000000000000000010000001100100000000000000000000000001111000000110000000000
110000000010000000000000000000000000010000000000000000000000000000010000000000000000000000000000000000000000000000000000110110000100000011000110011010010000000000000000000000000011000000000001000000000000001000000000000110000000010100110000
110000001101000000000000000000000000001111100001110000000000011000010000000000000000000011000000000000000000000000000000100001000100000010001010111000110000000000000000000000000100010000001100100000000000111100000000000000000000001100011001
100001100010000000000000000000000000000001101100001000000000001111101000000000000000000011000000000000000000000000000000100010000000000000010000000000000000000000000000000000000010100000000010000000000000100000000000000000000000000000011111
000010010000000000000000000110000000000001110101001000000000000001010000000000000000000000001000001100000000000000000000010010010000000000110000000000000000000110000000000000000010010000000000000000000000001100000000000000000000000000000111
000000110000000000001100000110000000000000000010000000000000001100010000000000000000000000011000001100001000000000010100100011100001100000011000000000000000001001000000000000000001010000000011111100000000111000000000000000000000001000000100
001100101000000000010000000000000000000000000000000000000000001101010000000010000000000000110000000000010100000000101010110000000100010000000000000000000000001110000000000000000001010000000001100010001100100000000000000000000010001110010100
010100011000000000000000000000000000000000000000000000000000000000000000000111000000000001100101100000000000000000110001000000000100010000000000000000000000000000000000000000000000100000000000100001011000000000000000000000000101001110010000
000010000000000001100100000000000000000000000000000010000000000000000000001111100000000011100100010000000100000000000000011000000011000000000001000000000000010110000001000000000000000010000000001101010100000000000000000000000110001100000000
100010000000000010000110000000000000000000000000111011000000000000000000011000110001101011100000000000011000000000000000011100000000000000000000000000000000110010000011100000000000000111000000000001010000001100000110000000000000111100010000
110100000000000001100011000000000000000000000001000011100000000000000000111000111001111111110000001000111000000000000000000100000000000000000000000000000000100011010100110000000000000001000000000001101000010000000101000000000000110011110001
011000101000000000000001011000000000000000000000111010111000000000000000011000111100000010111010110000000010000011000000001100011000000000000000000000000000011010010010001000000000000110000000000010000000001010000011100000000000001000000000
000000101000000000000010000000000000000000000000000011010100001110000000001111100100000011001111000001100001111110000000000000001101100000000000000000000000011000000111001100000000000000000000000010001000000010000000100000000000001000000010
100000010000000000001110000000000000000000000000000001111000000000000000000111000100100011000000000011100000000000000000000000000111000011100000000000000000000000001011101110000000000000000110000000110110000000000011000000000000000100101100
000000000000000000010010000000000000000000000000000000000000100000100000000010000011001100000000111000000100000100000000000000000010000000000000000110000000000000000001001100000000000000011111110000110000000000000000000000000000000010000000
000000000000000000001010000000000000000000000000000000000000100000100000000000000000111000000000000001100110000000000000000000000000000000000000001000000000000000000000001000000000000000100101110001110000000000000000000000000000000001000001
000000000000000000000010000000000000000000000000000000000000100000100000000000000000111000000001000101000110000010000000000000000000000000000000000110000000000000000010110000010000000000100000000001000010000000000000000000000000000100000001
000000000000000000000110000001100000000000000000000000000000000000000000000000000000000000000001000001100100001100000000000000000000000000000000000000000000000000000001100000111000000000010001100001000100000000000000000000000000001010000110
000000001110000000000001000000000000000000000000000000000000001110000000000000000000000000000001001011000010100011000000000000000000000000000000000000000000000100000001000011101100000000000000000000111000000000000000000000000000000110000000
000000000000000000000000000000000000000000000000000000000000000000000000000000000000000000000000100011000001000000000000000000000000000000000000000000000000000111000000000010000110000000000000000000000000000000000000000000000000000000000000
000000000000000000000000000000000000000000000000000000000000000000000000000000000000000000000000000010000000000000001100000000000000000000000000000111000000000111000000000000000010000000000000000000000000000000000000000000000000000000000000
000000000000000000000000000000000000000000000000000000000000000000000000000000000000000000000000000000000000000000000000000000001000000000000000000110000000000101000000000001000010000000000100000000000000000000000000000000000000000000000000
000000000000000000000001000000000000000000000000000000000000110000000000000000000000000000000000000000000000000000000000000000011100000000000000001000100000000110000000000000000001000000001010000000000000000000000000000000000000000000000000
000000000000000000000010100000000000000000000000000000000010001000000000000000000000000000000000000000000000000000000000000000110001000000000000001101000000010000000000000000011001000000001001000000000000000000000000000000000000000000000000
000000000000000000000001100000000000000000000000000000000001001000000000000000000000000000000000000000000000000000000000000001000101000000000000000100000000100000000000000000011000000000000110000000000000000000000000000000000000000000001100
000000000000000000000000000000100000000000000000010010000000100100000000000000000000000000000011100000000000000000000000000001001001110011100000001011001111000100000000000000000000000000000000000000000000000000000001100000000000000000011010
000000000000000000000000000001010000000000000000010001000000001100000000000000000000000000000100011000000000000000001010000000100000011110100000001010001000001000000000000000000010000000000000000000000000000000000001100000000000000000000000
000000000000000000000000000001001000000000000000100000100011001100000000000000000000000000000100010000000000000000001000110000011000010000110001000011001000010000000000000000000010000000000000000000010100000000000000000000000000000000000001
000000100000000000000000000000110000000000000000101011100011000000000000000000000000000000000110110000011100000000000000010000111000000111100000000110000100100000000000000000000000000001000000000000011100000000000000000000000000000000000100
011011000000000000000000000000000000000000000000000100000000000000000000000000000000000000000001110111011010000000000011011001000000000111100000100100000000000000000000000000000000000001100000000000000000000000000000000000000000000000000100
000000000000000000000000000110000000000000000000010100000000000000000000000000000000000000000000110000111010000000000000000101010100000011000000100000000000000000000000111000000000000010001000000000000000000000000000000000000000000000001000
100010000000000000000001101001000000000000000000010100000000000000000000000000000000000000000000100000001110000000000000000010011100000000000000001000000000000000000000110000000000000010001000000000000000000000000000000000000000000000001111
001100000000000000001101111001000000000000000000000000000000000000000000000000000000000000000000010000001000000000000000000000000000000000000000000000000000000000000000000000000000000010100000000000000000000000000000000000000000000000001100
001000000000000000000000111001000000000000000000001100000000000000000000000000000000000000000000000000100000000000000000000000000000000000000000000001000000000000000011100000000000000100100000000111000000000000000000011100000000000000010000
000000000011100000110010010110000000000000000000001100000000000000000000000000000000000000001000000001000000111000000000000000000000000000000000000000100000000000000111010000000000001100100100000000000000000000000000010100000000000000010001
000000000000000000101001100000000000000000010100000000000000000000000000000000000000000000110000000000000000101000000000000000000000000000000000000001100000000000001000001000000000001100101110000000000000000010000000010010000000000000010110
000000000011000000001000000000000000000000010000100000000000000000000001000000000000000000000000000000000110110000000000000000001110000000000000000001100000000000000000010000000000010111101011000000000000000101000000001010000011100000000000
000000000011000000111000000000000000000000010101010000000000000000000001000000000000000000000000000000001011000000000000000000001001100000000000000000000000000000000000110000000000000001000011100000000000001011000000001110000000000000000000
000000001101000000000000000000000000000000000011010000000000000000000001000000000000000000000000000000000011000000000000000000000111000000000000000000000000000000000000000000000000000011000101100000000000111100110000000000000000000000000000
100000001000000000000000000000000000000000000000000000000000000000000000000000000000000000000000000000000000000000000000000000000010000000000001110000000000000000010000000000001100000110011101000000000001110000010000000000000000000000000001
010000001010000000000000000000000000000000000000000000000000000000000000000000100000000000000000000000000000000000000000000000000000000000000000000000000000000000110000000000001100000110100110000000000010010001010001000000000000000000110001
000100000110111100000000000000000100000000000000000000000000000000000000000000100000000000100000001100000000000000000000000000100000000000000000000000000000000001110001110000000000000001101100000000000001110011100010100000000000000001001001
100100000001000100000000000000011010000000000000000000011000000000000000000000100000000001010000010001000000000000000000000001110000000000000000000000000000000000110001100000000000000000000000000000000000000100111100010000000000000000110011
100010010001000100000000000001000100000000000000000000010100000000000000000000000000000011011000010000100000110000000000000011101000000000000000000000000000000000011111000000000000000000000000000000000000010000001100000000000000000000100010
000000000000111000000000000001000000000000000000000000010000000000000000000000000000000010001000000001100000110000000000000100001000000000000000000000000000000000001110000000000000000000001010000000000000000100010001000000000000000000011010
001100011000000000000000000001001100000100100000001010010000000000000000000000000000000001000100010111001000000000000100001100010110000000000011000000000000000000000100000000000000000000000010000000000000000110011101000000000000000000010000
000010000000000000000000000000110010000100100100000100010010000000000000000000000000000000101100101100010000000000000100000100001001000000000011000000000000000000000000000000000000000000100000000000000000000000000000110000000000000000000000
011101100000000000000000000000001010001000100110000000001100000000000000000000000000000100001000100000100000001110000100000100000011100000001010000000000000000000000000000000000000000000101011000000000000000001110000011000000000000000000000
010000000000000000000000000000001100011110100011000000000000000000000000000000000000000100000100100000000000000000000000011010000101000000001100011100000000000000000000000000000001000001011000000000110000000000101011010000000000000000000000
010000001100000001100000000000000000000001000011000000000000000000000000000000000000000100001001000000000000000000000000010011100110000000000000110100000000000000000000000000110010100000000110000001001100000001001110100000000000000000000000
000000000000000010100000000000000000100111010000000000000000000000000000000000000000000000001110000000000000000000000000011101100100000000000001011000000000000000000000000000110010100000111100000001101100000001001010000000000000000000010000
000000001100000011000000000000010000100110010000000011100000000000000001100001000000000000000100000000000000000000000011000110000000000000000000000000000000000000000000000000000001000000010000110001101100000000111100000000000000000000111000
000000101000000000000000000000101000111001100000000000011100000000000010010010100000000000000000000000000000000000000100100000000000000000011100000000000000000000000000000000000000000000010001010000010000000000011000000010000000000001011000
000000011000000000000000000000101000000001011010100000001100100001100010100001100000000000000000000000000000011000000010101100000000000000011000001100000000000000000000000000000000000000000001000110000000000000000000001100000000000011100000
000001000010000000000000000000010000000000001111100000011100001100000001000000000000000000000000000000000000011000000101100100000000000000000000001000000000000000000110000000000000000000000000111001100000000000000000001100000000000001100000
000101010011000000000000000000000000000000000111000000111000011100100000000000000000000000000000000000000000000000010100000100000000000000000000000000000110000000100001000000000000000000000000101100011000000000000000001100000000000000000000
000111110010000000000000000000000000000000000000000000001101101000000000000000000000000000000000111000000000000000010010100100000000000000000000000000000101000000100000110000000000000000000000000100000100000001100000000000010000000000001100
000010001100000000000000000000000000000000011100000000000010001010000000000000000000000000000000000000000000000000010100100100000000000000000000000000000100000010001000010011100001110000000000011011000100000001100000000000000100000000001100
000100000000000000000000000000000000000000010011000000000000001100000000000000000000000000000010000010000000000000000000100000000000000000000000000000000000000010000010100010000000000000000000010011000100000000000000000000011100000000000000
000100000000000000000000000000000000000000001110000000000000001000000000000000000001000000000010000010000000000000000000011000000000000000000000000000000000000010010000000001110000000000000000110001010010000000000000000000000100000000000000
000000000000000000000000000000000000000000000100000000000000000000000000001100000001000000000010000010000000000000000000000000000000000000000000000000000000000001100000000010000000000000000000101111111100000000000000000000011000000000000000
000000000000000000000000000000000000000000000000000000000000000000000000001100000001000000000000000000000000000000001100000000110000000000000000000000000000000000000000000001001000000000000000011110000000000000000000000000110000000000000000
000000000000000000000000000000000000000000000000000000000000000000000000000000000000000000000000111000000000000000010010000000110000000000000000000000000000000000000000000001010000000000000000001100000000000000000000000000010100000000000000
000000000000000000001000000000000000000000000000000000000000000000000000000000000000000000000000000000000001110001010000000000000000000000000000000000000000000000000000000000000000000000000000000000000000000000000000000000001000000000000000
000100000000001100011000100000000000000000000000000000000000000000000000000000000000000000000000000000000011000010000000000000000000000000000000000000000000000000000000000000000000000000000000000000011111000000000000000000000000000000000000
000100000000001100111001110000000000000000000000000000000000000000000000000000000000000000000000000000000110000100001000000110000000000000000000000000000000000000000000000000000000000000000000000001001001000000000000000000000000000000000000
001010000000000000010011101000000000000000000000000000000000000000000000000000000000000000000000000000000110100110101100000110000000000000000000000000000000000000000000000000000000000000000000000001001110000000001100000000000000000001100000
000000000000000000001101000010000000000000000000000000000000001100000000000000000000000000000000000000000010110010001000000000000000000000000000000000000000000000000001000000000000000000000000000010001101000000010010001000000000000010010000
000101000000000000000111010000000000000000000000000000000000000110000000000001000000000000000000000000000001000011110000000000000000000000000000000000000000000000000010100000000000000000000000000010011111000000001010010100000000000001100000
000011000000000000100001100001100000000000000000000000011100101000000000000010100000000000000000000000000000000100000000000000000000000011100000000000000000000000000001011000000000000000000000000001011110000000000100010000000000000000000000
000100000000000011100000001000010000000000000000000000010001000100000000000010100000000000000000000000000000000011000000000000000000000010010000000000000000000000000000010000000000000000000000000000100000000000000000001101000000000000000000
000010000000000100010000011000100000000000000000000000001011010100001000000001000000000000000000000000000000000000000000000000000000000100000000000000000000000000000000010100011000000000000000000000000000000000000000000000100000000000000000
000000000000001000100000011001000000000000000011000000000000010100000110000000000000000000000000000000000000001000000000000000000000000100001000000000000000000000111000000111010100000000000000000000000000000000000000000110011000000000000000
000000000000001001100000111000000000000000000011000000000000000000000010000000000110000000000000000000000000010110000000000000000000000000000000000000000000000000000000000001010100000000000000000000000110000000000000000011100000000000000000
000000000000000111000000101111000000000000000000000000000000000000100010000000001001000000000000000000001000010001100000000000000000000000010000000000000000000000000000000000000000000000000000000000000110000000000000000000000000000000000000
000000000000000000000000001010100000100000000000000000000000000001101100000000000110000000000000000000010100001100000000000000000000000010100000000000000000000000000000101000000000000000000000000000000000000000000000000000000000000000000000
000000000000000000000000011101101000011000000000000000000000000001100000000001100000000000000000000000100010000010010000010000000000000011000000000000000000000000000000111000000000000000000000000000000000000000000000000000000000000000000000
000000000000000000000000101001000000001000000000000000000000000000000000000001100000000000000000000000010100000001110001101100000000000000000000000000000000000000000000001100100000000000000110000000000000000000000000000000000000000000000000
000001110000000000000000110000000001110000000000000000000000011000000000000000000000000000000000000000001000011100000001100000000000000000000000000000000000000000000000000101000000000000000110000000000000000000000000000000000011000000000000
000110001000000000000000000001001001110000000000000000000000011000000000000000000000011000000000000000000000100000000000000010000000000000000000000000000000000000000000000101000000000000000000000000000000000000000000000000000111110000000000
000111111110000000000000000000101000000000000000000000000000000000000000000000000000100100000000000000000000100100000000001010000000000000000000000000000000000000000000001000000000000000000000000000000000000000000000000000001000001000000000
001110101100000000000000000000011100000000000000000000001000000000000000000000000000011000000000000000000000011000000000000110000000000000000000010000000000000000000000000100000000000000000010000000000000000000000000000000000111001000000000
001010000101110000000001000000010010000000000000000000011100000000000000000000000000000000000000000000000000000000000000000000000000010000000000101000000000000000000000000100000000000000000101000000000000000000000000100000001000011000000000
000011100110110000000001100000100010000000000000000000100010000000000000000000000001000000000000000000000000000000000000000000000000101000000000101000000000000000000000000000000000100000000101000000000000000000000001010000000110100000000000
100100000000000000000010100000100110000000000000000001001100000000000000000000000001100000000000000000000000000000000000000000001000110000000000010000000000000000000000000000000011010000000010000000001100000000000001010100101011000000000001
110000010000000000000000000000011000000000000000000000011000000000000000000000000010100000000000000000000000000000000000000000011100000000000000000000000000000000000000000000000111000000000100000010001100000000000000101011110100000000000001
100100100000000000000000000000000000000000000000000000000000000000000000000000001000000000000000000000000110000000000000000000000000000000001100000001100000000000000000000000000110010010110100000101000000000000000000000000000000000000000000
000010000111000000000000000000000000000000000000000000000010000000000000000000011000000000000000000000001001000000000000000000011000000000001100000010010000000000000000000000001000110011010100001000100000000000000000000000000000000000000000
000000001001000000000000000000000000000000000000000000000001100000000000000000000011100000000100000000000110000000000000000100000000000000000000000001100000000000000000000000000000011011111000000101000000000000000000000000000000000000000000
000000010010100000000000000000000000000000000000000000000000000000000000000000000011000000000110000000000000000000000000001010000000000000000000000000000000000000000001000000001100001101100000000010000000000000000000000000000000000000000000
000000001000000000000000000000000000000000000000101000000000000000000111000000010010000000011111000000000000000000000000001100000000000000000000000000000000000000000010001000000110000011000000000000000000000000000000000000000000000000000000
000000001100000000000000000000000000000000000000000000000000000000000000000000001000000000000001100000000000000000000000000110000000000000000000100000000000000000000011011000000010000000000000000000000000000000000000000000000000000000000000
000000000110000000000000000000000000000000000000100100000000000000000000000000000000000000000011000111000000000000000000000000000000000000000001010000000000000000000010010000000000000000000000000000000000000000000000000000011000000000000000
100000000000000000000000000000000000000000000000011111110000000000000000000000000000000100000000000000000000000000000000010000000000000000000011011000000000000000000110000000000000000000000000000000001000000000000000000000011000000000000011
010000000000000000000000000000000000000111000000001101001000000000000000000000000000011000000000000000000000000000000000000100000000000000000010010000000000000000000010000000000000000000000000000000011100000000000000000000000000000000000100
001000000000000000000011000000000000000000000000000110100000000000000000000000000000001000000000000000000000000010011000000000000000000000000110110000000000000000000000000000000000000000000000000000111110000000000000000000000000000000000100
001000000000000000000011000000000000000000000000000000011100000000000000000000000000000110000000000000000000000010001011000000000000000000000010100000000000000000000000000000000000000000001000000001100011000000000000000000000000100000000000
001000000000000011000011000000000000000000000000000000001100000000000000000000000000000101100001100000000000000000101011000001100000000000000001000000000000010000000000000000000000000000111100000011100011100000000000000000000010010000000001
000000000000000100100000000000000000000000000000000000000000000000000000000000000000000010100011100000000000000000000000000010100000000000000000000001000001111000001100000001100000000001111110000001100011000000000000000000000000100010000011
000000000000000110110000000000000000000000000100000000000000001100000000000000000000000100010010010000000000000000000000000011000000000000000000000000100010001000001010000010010000000010010001000000111110000000000000000000000100100010000000
000000000000000010010000000000000000000000000100110000001000011010000000000000001000111011100011010000000000000000000000001100000000000000000000000001000000010000000100000001100000000001100010000000011100000000000000000000000001000010000000
011000000000000011010000000000000000000000000011110000001000001010000000000000001100111101100001100000000000000000000000010100011000000000000000000000000011100000000000000000100000000000100011100000001000000000000000000000010001000110000000
011000000000000001010000000000000000000000000000001000001110000000000000000000010101100010000000000000000000000000000000011000011000000000000000010100000000100000000000000000110000000000000010100000001000000000000000000000010000000110000000
000000000000000001001000000000000000000000000000010000000110001111110000000000000001000000000000000000000000000000000000000000000000000000000001100000000000000000000000000000100000000000000000010000010010000000000000000000000001000000000000
000000000000000000110000000000000111000000001110010000000000000001110000000000110001000110000000000000000000000000000000000000000000110000000001111110000000000000000000000000101110000000000010100000100010000000000000000000000100100000000000
000000000000000000000000000000000000000000000000000000000000000100000000000011100001000001000000000000000000000000000000000000000001001000000010000100000000000000000000000000000011000000000001000000100001000000000000000000000000000000000000
000000000000000000000000000000000000000000000000000000000000011000000001000011100000110110000000000000000000000000001100000000000001001000000001110000000000000000000000000000011010100000000000000000100001000000110000110000000000110000000000
000000000000001100000001000000000000000000001100000000000000011000000011000000000011000001100000000000000000000000010010000000000000110000000001110000000000000000000000000110000100110000000000000000010000000001011000111000000001000000000000
000100000000011100000111100000000000000000001100000000000000000000000010100000010001001001001001000000000000000000001100000100110000000000000000000000000000000000000000001000000001110000000000000000001110000001010011011000000111000000000000
000100000000010000001100010000000000000000000000000000000000000000000011101100010010010100100010100000000000000000000000000011110000000001100000000000000000110000000000000100001000000000000000000000000000000001010011100101000011100000000000
000100000000000000001101100000000000000000000000000000000000000011100011000100000000001001000000010000000000000111000000001100100000000010010000000000000001111110000000000100001000000000000000000000000000000001010001000010001101100000000000
000000000000000000000011000000000000000000000000000000000000000011100000000000011001000001100000000000000000000000000000000100000000000001100000000000000011001101000000000001101000000000000000000000000000000000110000000000001101100000000000
000000000000000000000000000000000000000000000000000000001100000000000011000000011001100010001101100000000000000001000000000111000000000000000000000000000010001001000000000011100000000000000000000000000000010000000000100000001110000000000000
000000000000000000000000000000000000000000000000000000010100000000000011010000000000001010000001000000000000000001000000000000000000010000000000000000000110110111000000000110000110000000000000000000000000010000000001011000000000000000000000
000000000000000000000000000000000000000000000000000000001000000000100000010000011000001100000000101000000000000000000000000000000000101000000000001010100110101110000000000111000000010000000000000000000000010000000001000000000000000001000001
100000000000000000000000000000000000000000000000000000000000000000010011011000111000000000000000111000000000000000000011000000000000101000000000011010100110011000000000000010100000101000000000000000000000000000000000110000000000000001000000
100000000000000000000000000000000000000000000000000000000000000000100000001111001000000000000000111000000000000000000000000000000000010000000100000010010011000000000000000001100000100100000000000000000111000111000000011000000000000000000000
000000000000000111000000000000000000000000000000000000000000000000000011001110000000000000000000000000000000000000000000000000000000000000001101000001010001101000000010000000100000011000000000001100000000000000000000010000000000000001111111
000000000000000000000000000000000000000000000000000000000000000000000111111101101100000110000000000000000000000001100000000000000000000000000100100000000000010000000111000000000000000000000000001100010000000000000000010000000000000001111110
000000000000010000000000000000111000000000000000000000000000011000000000110000001100001100000000000000000000000001100000000000000000000000000110010000110000000000001010100000000000000000000000000000101000111000000000000000000000000000000100
000000000000101000000000000000000000000000000000000000000000101000000000100000011100000000000000001100000000000000000000000000000000000000000010010000010001000000001000100000001100000000000000000000011000101000000000000000000000000000000000
000000000000101000000000000000000000000000110000000000000001101000000000000000001100000000000000010000000000000000000000000000110000000000000011100001100001100000110000011000001100000000000000000000000000011000000001000100000000000000000000
000000000000010000000000000000000000000000110000000000000000110110000000000000000110000011000000001100000000000001000000000000110000000000000000000000000010110001000010000100000000000000000000000000000000000001100010100110000000000000000000
000000000000000011000000000000000010000000000000000000000000010000010000000111000010000101000000000000000000000001000000000000000000000000000000000000000010100011001101100110000000000000000000000000000000000010011000001001000000000001110000
000000000000000101000000000000000101000000000000000000000000001001000000000110000000000010000000000000000000000001000000000000000000000000000000000000000011000000101111101000000000000000000000000000000000000011011001101100000000000001010000
000000000000000000000110000000000110000000000000000000000000000001011000001000000000000000000000000110000000000000000000000000000000000000000110000000000000000000000000000000000000000000000000000000000000000001110000001100000000000001110000
000000000000000110000001000000000000000000000000000000000000000000000000001010000000000000000000000111000000000000000000000000000000000000001001000000000000000000000000000000000000000000000000000000000000000000000000000000000000011000000000
000000000000000000001010000000000000000000000000000000000000000000000000000100000000000000000000000110000000000000000000000000000000000000000110000000000000000000000000110000000000000110000000000000000000000000000000000000000000100100000010
000000000000000000001000000000000000000000000000000000000000000000000000000000000000000000000000000000000000000000000000000000000000000000000000000000000000000000000001001000000000000110000000000000000000000000000000000011000000010100000101
000100000000000000000000000000000000000000000000000000000000000000000000000000000000000000000000000000000000001100000000000000000000000000000000000000000000010000000000000000000000000000000000000000000000000000000000000100100000001000000101
001010000000000000000000000000000000000000000000000000000000000011000000000000000000000000000000000000000000000000000000000000000000000000000000000000011111110000000010010000000011010100000000000000000000000000000000000011000000000000000010
000100000000000000000111000000000000000000000000000000000000000100100000000000000000000000000000000000000000000000000000000000000000000000000000000000100011101000000100000000001010111100000000000000000000000000000011000000000000000000000000
000000000000000010011001000000000000000000000000000000000000000011000000000000000000000000001110000001100000000000000000000000000000000000000000000000000000000000000101000000010000100100001000000000000000000000000011000000000000000000000000
000000000000000100001110000000000011000000000000000000000000000000000000000000000000000000000000000001100000000000110000000000000000000100000000000000110110110000000010000000010111110000001100000000000000000000000000000000000000000000000000
000000000000000000100000000000000011000000000000000000000000000000000000000000000000000000000000000000000000000001001000000000000000001110000000000000000000000000000000000000111011100000000010000000000000110000000000000010100000000000000000
000000000000000000000000100000000000000000000000000000000000000000000000010000000000000000000000000000000000000010000100000000000000011011000000000000000000000000000000000000011011100010000110000000000000110000000000000110011000000000000000
000000000000000000000000100000110000000000000000000000000000000000000011010100000000000000000000000000000000000010101100000000000000111011100000000000000000000000000000000000000011000000001000000000000000000000000000000010011000000000000000
000000000000000000000000000001000000000000000000000000000000000000000010000010000000000000000000000000000000011001011000000000000000011011000000000000000000000011000000000000000110000000000000000000000000000000000000000011011100000000000000