000000000000000000000111000010100000000000000000000001000000000000000010000010000000000000000000000000000000101010000000000000000000010001000000000000000000000011000000000011000100000000001100000000000000000000000000000011000000000000000000
000000000000000000011000100011000000000000000000000011100000000000000001000100000000000000000000000000000000100010111000000000000000001110000000000000000000000100000000000010101100000000010000000000000000000000000000000000000000000000000000
000000000000000000011000101111010000011100000000000100010000000000000000000000000000000000000000000000000000111111000000000000000000000000000000000000000000000000000000000000101110000000100000000000000000000000000000000011000100000000000000
000000000000000000000001000000000000011010000000000011010000000000000000000000000000000000000000000000000000010111000000000000000000000000000000000000000000000010111000000000100010000000011000000000000000000000000000000011000100000000000000
000000000000000000001100000001100001010010000000000001100000000000000000000000000000000000000000000000000000011011100000000000000000000000000000000000000000000001001000000000000100000000000000000000000000000000010000000010011000000000001100
000110000000000000001101111001100000000100000011000000000000000000000000000000000000000000000000000000000000010101100000000011000000000000000000000000000001100001011011000000000000000000000000000000000000000000111000000011010000000000010100
000110000000000000000011110001100011001000000011000000000000000000000000000000000001100000000000000000000000111001000000000011000000000000000000000000000000000001011011100000000000000000000000000010000000000001000100000001010000000000011000
000000000000000000000000011100000011010000000000000000000000111000000000000000000010010000000000000000000000011111000000000000000000000000000000000000000001000010000110000000000000000001000000001010000000000001111100000001001000000000000000
000000000000010000000000000000010001010000000000000000000000111000000000000000000010100000000000000000000000111000000000000000000011000000000000000000000000001000000000111000000011010011000000000110000000000000111000000000110000000000000000
000000000001101100000000000100010000100000000000000000000000100000000000000000000001001110000000000000000000100000000000000000000100100000000000000000000000110001010001011011100011100000000000000000000011010000000001100000000000000000000000
000000000000000000000000000001100000000000001100000000000000000100000000000000000000111001000000000000000000000000000000000000000011000000000000000000000000111110010010100011100000000000000000000000000100011000000011010000000000000000000000
000000001100000100001000000000100000000000001100000000000000001100000000000000000000111001000000000000000000000000000000000000000000000000000000000000001100111010110100100110100000000000000000000000000110100100000100010000000000000000000000
000000011110000000011100000010011000000000000000000000000000000000000011110000000001100001000000000000000000000010100000000000000000000000000000000000001001101100000010100110010000000000000000000000000000000000000011100000000000000000000000
000000011101010000010100001001000000000000000000000000000000000000000100001000000000110011000000000000000000000110100000000000001111000000000000000000000101100000000011000001100011000110000000000000000000000000000001000000000000000000000000
000000110011000001000000010010111000000000000000000000000000000000000100001000000000000001000000000000000000001011000000000000011111101110000000000011000000000011001000000000101101000101000000000000000000000000000000000000000000000000000000
000000000000000000000100000000110000000011100000000000000000000110000011110000001100000001110000110000000000001100000000000000110000010001000000000011000000000011011110000000001100000001100000000000000000000000000000000000000000000000000000
000000000000000001101010001101100000000000000000000000000000001001000000000000001100000000101100110000000000001110000000000000011111100001000000000000000000000001000110000000000110000011000000000000000000000000001100000000000000000000000000
000000000000000000011100000000000000000000000000000000000000011111100000000000010000000000011100000000000000100100000000000000001111000010000000000000000000000000011101000000000010000010000000000000000000000000000110000000000000000000000000
000000000000000001100000000000000000000000001000000000000000001001101101110000010100000000001000000000000000111000000000000000000000010000000000000000000000000000001000011100000001111100000000000000000000000000000000000000000000000000000000
000000000000000110100000000000000000000000010100110000000000000110111010101000000010110000000000000000001100100000000000000000000000000000000000000000000000000000000000001100000000111000000000000000000000000000000000000000000000000000000000
000000000000001100000100000010000000000000010100110000000000000000100000001000001000001000000000000000010000110000000000000000000000000000000000100000000000000011000000111000000000010000000000000000000000000000000000000000000000000000000000
000000000000001111101000000010000000000000001000000000000000000000010010010000000111001000000000111000010001011000000000000000000000000000000010010000000000000011000001011000000000000000000000000000000000000000000000000000000000000000000000
000000000110000000101100000010000000000000000000000000000000001100000010000000000001101100000000000000000000111000000000000000000000000000000010001000000000000000000000000100000000000000000000000000000000000000000000000000000000000000000000
000000000110000000000000000000000000000001100000000000000000110010010010000000000111000000000000110100001110000000000000000000000000000001010000000000110000000000000001100110000000000000000000000000000000000000000000000000000000000000000000
000000000000000000001110000000000000000010100000000000000000100111010000000000000111000000000000110010000000000000000000000000000000000001010000000000110000000000000000000100000000000000000000000000000000000000000000000000000000000000000000
000000000000000000001110000000000000000001000000000000000000100001001100000000000000000000000000111011000001100000000000000000000000000010001001010000000000000001100000000000001100000000000000000000000000000000000000000000000000000110000000
000000000000000000000100001000000000000000000000000000000000011111000000000000000010110000000000000000000001100000000000011100000000000001000000011000000000000001000000000000001100000000000000000000000000000000000000000000000110000110000000
000000000000000000000010001000000000000000000000000000000000000110000000000000000011100000000001100000100000000000000000100100000000000001000110000100000100000000000011000000000000000000000000000000000000000000000000000000000110000000000000
000000000000000000000000000100000000000000000000000000000000000000000000000000000000000011100110100100000000000000101000001000000000000000011111101100000100000000000010000000000000000000000000000000000000000001000000000000000000000000000000
000000000000000000000000001100000000000111000000000000000000000000000000000000000000000010010110000101100000000000100101000000000000001100000000011100000100000000000000011110000000000000000000000000000110000000110000000000000000001100000000
000000000000000000000001000100000000001001000000000000000000000000000000000000000000000010000101101001100001000000101001001000000000010010000000000000000000000000110000000000000000000000000000000000001100000000110000000000000000010010000000
000000000000000000000000111000000000010001000100000000000000000011000000000000000000000001001000000011000000000000000000111000000000010100000000000000000000000000100001100100000000000011100101000000000110000011100000000000000000010010000000
000000000000000000000000000000000000001000001111010000000001000010100000000000000000000000111000000000000100000000000000000100000000001000000000000000000000000001110100001100000000000000000000100000000111000010000000000000000000000000000000
000000000000000011000100000001000000000000010001010000000010100001000000000001000000000000000000000000000100000000000000000110000000000000000000000000000000000001110000001001110000000000001001110100000011000000101000000000000000001100000000
000000000000000011001010000001000001110000010001110000000010100000000000000001000000000000000000000000000000000000000001100110000000000000000011000000000000000000001001000001111100000000000100100100110000000000101000000000000000010000000000
000000000000000000000110000001000010010001100000000000000001000000000000000001000000000000000111000000000000000000000001111100000000000000000100100000000000000000001110000011011100000000000000010111001000000000000000000000000000000000000000
000000000000000000000000000000000100100000000000000000000000000000000000000000000000000000000000000000000000000000000000111000000110000000000011000000000000000000000000000000000100000000000000000000010000000000000000000000000000000000000000
000000000000000000000000000000000000100000000000000000000000000000000000000000000000000000000000000000000000000000000000000000001001000000000000000000000000000000000000001100000000000000000000000010010000000000000000000000000000000000000000
000000000000000000000000000000000011100000000000000000000000000000000000000000000000000000000000000000000000001100000000000000000110000000000000000000100000000000000000001010000000000000000000000000110000000000000000000000000000000000000000
000000110000000000000000000000000010011000000001000000000000000000000000000000000000000000000000000000000000010010000000000000000000000000000000000000100000000000000000011000000000000000000000000110110000000000000000000000000000000000000000
100000110000000000000000011000000100101000000010100000000101000000000000000000000000000000000000000000000000010010000000000000000000000000000000000000100000000000000000000000001110000000000000000110100000000000000000000000000000000000000011
000000000000000000000000010000001000100000000001000000000101100000000000000000000000000000000000000000000000001100000000000000000000000000000000000000000000011000000000000000000000000000000000100001000000000000000000000000000000000000000000
100000000000000000000000101000000000000000000000000000000010001000000000000000000000000000000000000000000000000000000000000000000000000000000000000000000000110110001000000000000000000000000001011000000000000000000000000000000000000000000010
000000000000000000000010000000001110100000000000000000000000110000000000000000000000000000000000000000000000000000000000000000000000000000000000000000000100110010010100000000000000110000000011011000000000000000000000000000000000000000000001
000000000000000000000010000000000011010001110000000000000000010000000000000000000000000000000000000000000000000000000000000000000000000000000000000000001000101110010110000000000000000000000011000000000000000000000000000000000000000000000000
000000000000000000000000000000000010010000000000000000000000000000000000000100000000000000000000000000000000000000000000000000000000000000000000000001001000000000001100000000000000000100000010010000000000000110000000000000000000000000000000
100000000000111100000000011000000001000000000000000000000000000000000000001010000000000000000000010000000000000000000000000000000000000000000000000001001001000000000000000000000000100010000010000000000000000110000000000000000000000000000001
000000000010000010000000011000000000110100000000000000000000000000000000000110000000000000000000101000000000000000000000000000000000000000000000000001000100000000000000000000000000010100000100111010000000000000000000000000000000000000000010
100000000100000010000001010000001100110100000000000000001000000000000000000000000000000000000001000100000000000000001100000000000000111000000000000000000000000000000000000000000000000000000011001001001000000000000000001100000000000000000001
000000001000000000000000100000001100000000000000001100010100000000000000000000000000000000000000101000000000000000010010000000000000000000000000000000000000000000000000000000000000000000000000001011100100000000000000001100000000000000000000
000000010001101110000000000000000000000000000000010100000100000000000000000000000000000000000000010000000000000000001100000000000000000000000000000000000000000000000000000000000000000000000000000001000000000000000000000000000000000000000000
011000010010000110000000000000000000000000000000010001110100000000000000000000000000000000000000000000000000000000000000000000000000000000000000000000000000000000000000000000000000000000000000000000101000000000000000000000000011100000000000
101000010100000000000000000000000000000000000000011000001000000000000000000000000000000000000000000000000000000000000000000000000000000000000000000010000000000000000000000000000000000000011100000000000000000000000000000000000000000000000000
010000000000000000000000000000000000000000000000000000101001000000000000000000000000000000000000000000000000100000000000000000000000000000000000000101000000000000000000000000000100000000011010000000000000000000000000000000000000000000000100
000000000000000000001110000000000000000000000000000001000110000000000000000011000000000000000000000000000001010000000000000000000000000000000000000101000000000000000000000000000110000000010010000000000000000000000000000000000000000000001110
000000000000000000000000000000000000000000000000000000000010000000000000000011000000000000000000000000000001010000000000000000000000000000000000000010000000000000000000000000001010000000001110000000000000000000000000000000000000000000110011
000000000000000000000000000000000011000000000000000000000000000000000000000000000000000010000000000000000000100000000000000001000000100000000000000000000000001000000000000000000000000000001100000000000000000000000000000000000000000000111111
000000000000000000000000011000001111000000000000000000000000000000000000000000000000000101000000000000000000000000000000000010100000010000000000000000000000001000000000000000000000000011000000000000000000000000000000000000000000000000010110
000000000000010000000000100100000000000000000000000000000000000001100000000000000000000101000001000000000000000000000000000110010000000000000000000000000000001000000000000000000000000000100000111000000000000000000000000000000011000000000100
000000000000010000011000011000010010000001000000000000000000000010010000000000001000000010000111100000011000000000000000011000100000010000110000000000000000000000000000000000000000000100100000000000000000000000000000000000000100100000000000
000000000000010000010100000000010010000001000000000000000000000001010000000000001000000000001000100000011000000000000000100010100000000100110000000000000000000000000000000000000000000010011000000000000000000000000000000000011011000001000000
000000000000000000001000000000000000000001000000000000000000000000100000000000001000000000010001100000011000000000000000011011000000101100000000000000000000000000000000000000000000000001110000000000000000000000000000000000011000000011100000
000000000000000000000000000000001001000000000000000000000000000000000000000000000000000000001001000001110000000000000000000000000001101000000000000000000000000000000000000000000000000000000000000000000110000000000000000000011000000000000000
000000000000000000000000000000000111000100000000000000000000000000000000000000000000000000000110000000110001100000000000000000001100010000000000000000000000000000000000000000000000000000000000000000000011000000000000000000001110000000000000
000000000000000000000000000000000000001010000000000000000000000000000000000000000000000000000001110000000011100000000000000000001001100000000000000000000000000011000000000000000000000000000000000000000000000000000000000000000110000000011000
000000000000000000000000000000000000001010000000110110000000000000000000000000000000000000000001110000010010000000000000000000001000100000000000000000000000000011000000000000000000000000000000000000000000100000000000000000000110000000011000
000000000000000000000000000000000000000100000000010010000000000000000000000000000000000000000001010001000011000000000000000000000000000000000000000000000000000000000000000000000000000000000000000000000000011000000000000000100100000000000000
000000000000000000000000000000000000000000000000001100000000000000100000000000001110000000000010100001011100111000000000000000000111000000000000000000000000000000000000000000000000000000000000000000000000111000000000000001000100000000000000
000000000000000000010000000000000000000000000000000110000000110001010000000000001110000000000000000000101111010000000000000000001001000000000000000000000000000000000000000000000000000000000000000000000000111000000000000000100000000000000000
000000000000000000101000000000000000001110000000000100100000110001010000000000010000000000000000000001101011100000000000000000001111100000000000000000000000000000000000000000000000000000000000000000100110100000000000000000000000010000000000
000000001100000000101000000000000000000000000001101000010000000000100000000000000000000000000010010000010000000000000000000000000010100000000000000000000000000111000100000000000000000000000000000001000110000110000000000000000000101100000000
000000001100000000111001110000000000000000000011110000010000000000000000000000000000000000000001110001110000000000000000000000000001100000000000000000000000000000001010000000000000000000000000000010000000000001000000000000000000101000000000
000000000000000000111011001000000000000000000010100001110000000000000000000001100000100000000000001000000100000000000000000000000000000000000000000000000000000000001001000000000000000000000000000110100000000110000000000000000000010000000000
000000000000000000110011000100000000000000000001000000000000000000000000000000000111000000000000001011001010000000000111000000000010000000000000000000000000000000000110000000000000000000000000001110010100100000000000000000000000000000000000
000000000000000000110000000000000000000000000001100000000000000000000000000010001110000000000000000100001000000000001000100000110010000000000000000000000000000000000000000000000000000000000000000110000001010000000000000000000000000000000000
000000000100100001100000011000010000000000000000101100000000000000000000000001001100000000000000000111110000100000000000000001000001000000000000001101000000000000000000000000000000000000000001100011101100110000000000000000000000000000000000
000001000100100000110000000000101000000000000000010000000000000000000011100000110000000000000000000001000100000000000110010001101101000000000001010001000000000000000000000000000000000000000001100001110000000000000000000000011101111100000000
000010100011000000000000000000101000000000000000000000000000000000000010000000000000000000000000000000000011000000010000110000100101000000000001000000000001100000000000000000000000000000000000000000100000000000000000000000000101101110000000
000001100000000000000000000000010000000000000000110000000000000000001100000000000000000000000000000000000000000000111111000000000101000000110001010000000001100000000000000000000000000000000000000000000000000000000000000000000000011011000000
100000000000110000000000000000000000000000000000101000000000000000001100000000000000000000000000000000000000011000100001000000000111110001001000000101000000000000000000000000000000000000000000000000000000000000000000000000000000011100000000
100000000011001000000000000000000000000000000000001100000000000000000000000000000000000000000000000000000000011000100001000000000110011000101000000000000000000000000111000000000000000000000000000000000011000000000001100000000000000101000000
100011100011011000000000000000000000000000000000011000000000011010000000000100000100000000000000000000000000000000100000000000000100001000010000000000000000000000000000000000000000000000000000000000000011000010000001100000000000000110000000
000000011001110000000000000000000000000000000000000000000001111001100000000010001010000000000000000000000100000000000000000000000001100000000000000000000000000000010000000000000000000000000000000001100000000010001000000000000000010100000000
000000000000000000000000000000000000110000000100101000000011111101001000000110001010000000000000000000000010000001100110011000000000000100000000000000000000000000010000000000000000000000000000000010010000000010000100000000000000011100000000
001011000100000000000000000000000000110000001111000100000110000111101110000000000100000000000000000000001001000101110100010000100010000100000000000001110000000000010000000011000000011000000000000100100000000000101000000000000000001000000000
111000000100000110000000000000000000000000000101000000000111010000001110000000000000000000000000000000001010001001000010000000101010001000000000000010001000000000000000000111000110001100000000001000000000000000100000000000000000000000000000
000000000100001001000000010000000000000000000100000000000010101100000000000000000001100000001000000000000000001100111111000000000010000000000000000000000100000000000000010000000111000000000000001000100001110000000000000010000000000000000000
000000011000001101100000011000000000000000000010010000000001101100000000000000000010010000010100000000000000001100000110000000000010010000000000000001011000000000000000111100000111100100000000010000100011110000000000000101000000000000000000
000000000000000011100010101100000000000000000001110000000000000000000000000000000010010000011000000000110000000000000000000000000010100000100000000001000000000000000000100000000000100100000000011111000010100011000000000101000000000000000000
000011001011000010010100001000000000000000000000000000000000000000000000000000000001100000000000000000110000000000000000000000001000101111011000000001100000000000000001101100000000010000000000011000000000000011000000000010000000000000000000
000011101000000001100100010000000000000000000000000000000000000000000000000000000000000000000000000000000000011001100000011000001000100000001000001101100000001100000000010000001000000000000000001100000110000100000000000110000000000000000000
000000000001000001000011100000000000000000000000000000000000000001100000000000000000000000000000000000000001101000100010000000001000000000011000000001100000001100000001100000000000000000000000010000001001000000000000001001000000000000000000
000000010100000000000000000000000000000000000000000000000000000001100000000000000000000000000000000000000001001000100000000000000100000000101100011011000000000000000001110000100000000001100000001011010001000000000000001001000000000000000000
000010010000000000000000000000000000000000000110000000000000000000010000000000000000000000011000000011000000110100000010010100000101000011001000101000000000000000000000011000110000000000100000000100010000100000000000001000100000000000000000
000001100000000000000000000000000000000000001001000000000000000001100000000000000000000000000010000111000000111000000010000100000000110001001000100000000000000000000000000000001000011001100000000000001000000000000000010000110000000000000000
000000000000000000000000000000000000000000000101000000000000000001100000011100000000000000010000000110011000011000000001100010000000000100111100001100000000000000000110000011000000001010000000000000000000011000000000010010100000000000000000
000000000000000000000000000000000000000011000010000000000000000000000000000100000000000000010001001110011001100000000000000100000000000001100011110000000000000000001110001101110000000000000001000010000100011000000001100110100000000000000000
000000000000000000000000000000000000000000100000000000000000000000000000000100000000000000010001000101110000100100000000111000000001001101000000000000000000000000010001110000010000000000000001000000000100100000010001010001000000000000000000
000000000000000000000000000000000000000100000000000000000000000000000000000000000000000000010001000011100000111100000000010000000010100000000000000000000000000000010010110111000011100000000000100100000011000000101000100100000000000000000001
100000000000000000000000000000000000000100011000000000000000011000000000000000000000000000010000000001000000011100000000000000000000000000000000000000000000000000000100010101000010000000000000111000000000000001001000100000000000000000000011
000000000000100000000000000000000000000101011000000000000000011000000000000000000000000000000010000000000000000000000000000000000000011010000000111000000000000011000000001000000000000000000000000000000000000000110000000100000000001100000100
000000000000100000000000000000000000001101100000000000000000000000000000000000000000000000011000000000000000000000000000101011101000001001100001111111100000000011000000000000000001010000000000000000000000000000000000010000000000110100000110
001000000001100000000000000000000000001110000000000000000000000000000000000000000000000000000000000000000000000000000001000001001100000001100111000010110000000000000000000000000011000000000000000000000000000000000000001001000000110000010000
001000000110000000000000000000000000010000100000100000000000000000000000000000000000000000000000000000000000000000000001000100001110000100100000000010001000000000000000000000000010100000000011100000000000001100000000001001000000110100111000
000000000101000000000000000000000000001110110000110000000000011011011000000000000000000011000000000000000000000000000001100101000000000011001011101100110000000000000000000000000100100000000111000000000000101100000000000000000000001100000000
010001111110000000000000000000000000000100001101001000000000011111001000000000000000000011000000000000000000000000000000110011000000000000111000010000000000000000000000000000000111110000000100000000000000100000000000000000000000000000010000
100000010000000000000000000110000000000001010100000000000000000001011000000000000000000000011000001100000000000000000000110110100000000000100000000000000000000110000000000000000010010000000010111000000000101100000000000000000000000000000000
000101101000000000001000000110000000000000100010000000000000001100011000000000000000000000101000001100001000000000011101100011100000100000111000000000000000001001000000000000000011011000000010011100000000101100000000000000000000001000000100
001100101000000000001000000000000000000000000000000000000000001110100000000111000000000001000000000000001000000000101110110001000010010000000000000000000000001110000000000000000001010000000010001110011100100000000000000000000010010010000000
000110011000000000100000000000000000000000000000000000000000000000000000001000100000000010001010100000001000000000110001001000000100100000000000000000000000000000000000000000000000100000000001110101010000000000000000000000000101010000001000
000110000000000001000110000000000000000000000000010111000000000000000000010000010000000100010010100000001000000000000000110100000010000000000000000000000000111110000011100000000000000111000000000001010000000000000000000000000111100000000000
110110000000000010000101000000000000000000000000110000100000000000000000100010001001001000000000000000100100000000000000010100000000000000000000000000000000111000000010010000000000000101000000000001010000001000000110000000000001100001010001
000100000000000001000101100000000000000000000001000000000000000000000000100101000111001000001000010000101100000000000000010010000000000000000000000000000000101011101100110000000000000001000000000011110000010000000100100000000000100011110001
011000000000000000000001100000000000000000000000110000001000000100000000100010000110111000000010110001000001111011000000001100011100000000000000000000000000101011100000101100000000000010000000000010010000000100000010100000000000001101100001
010000101000000000000011000000000000000000000000010110000100000100000000010000000110000100001011100010100001111111000000000000010001100001000000000000000000011100001000100010000000000000000000000001011100000100000000100000000000001100000100
000000010000000000001011000000000000000000000000000011011000000100000000001000100101000001000111110010100000110010000000000000001000100001000000000000000000000000000000100010000000000000000000100001100100000000000001000000000000000100000100
000000000000000000010011000000000000000000000000000000110000000000000000000111000011001110000000010010000110000000000000000000000111000001000000000100000000000000000011100010000000000000010000010000000000000000000000000000000000000011000000
000000000000000000000011000000000000000000000000000000000001110001110000000000000000000000000000111011101000000000000000000000000000000000000000001000000000000000000001101100000000000000100100010001010000000000000000000000000000000010000000
000000000000000000000011000000000000000000000000000000000000000000000000000000000000101000000000000000001000000100000000000000000000000000000000000100000000000000000000110000111000000000110010010011000000000000000000000000000000000110000001
000000000100000000000111000000000000000000000000000000000000000100000000000000000000010000000011100100100101000101000000000000000000000000000000000000000000000000000010010000000100000000000000000001011100000000000000000000000000001010000010
000000000100000000000010000000000000000000000000000000000000000100000000000000000000000000000001100100000011000110000000000000000000000000000000000000000000000100000001100010100010000000000000000000111000000000000000000000000000000110000000
000000000100000000000000000000000000000000000000000000000000000100000000000000000000000000000000000000000001000000000000000000000000000000000000000010000000001001000000000010001010000000000000000000010000000000000000000000000000000000000000
000000000000000000000000000000000000000000000000000000000000000000000000000000000000000000000000000011000000000000000000000000000000000000000000000101000000001000100000000000000011000000000000000000000000000000000000000000000000000000000000
000000000000000000000000000000000000000000000000000000000000000000000000000000000000000000000000000000000000000000000000000000011100000000000000001000000000001001000000000000000011000000000100000000000000000000000000000000000000000000000000
000000000000000000000001000000000000000000000000000000000000010000000000000000000000000000000000000000000000000000000000000000100100000000000000001001000000001110000000000000000011000000001010000000000000000000000000000000000000000000000000
000000000000000000000010100000000000000000000000000000000001101000000000000000000000000000000000000000000000000000000000000000110100000000000000001110000000000000000000000000011000000000001001000000000000000000000000000000000000000000000000
000000000000000000000001100000000000000000000000000000000001011100000000000000000000000000000001000000000000000000000000000001011001000001000000000001000111100000000000000000011000000000000110000000000000000000000000000000000000000000011100
000000000000000000000000000000100000000000000000000000000000010100000000000000000000000000000011110000000000000000000000000001100011010010100000001011001111000000000000000000000000000000000000000000000000000000000001100000000000000000011000
000000000000000000000000000001010000000000000000110001000001010010000000000000000000000000000101011000000000000000000100000000101000000110000000000000011010001000000000000000000000000000000000000000000000000000000001100000000000000000000000
000000000000000000000000000001001000000000000000100010100011001100000000000000000000000000001100000000001000000000000100110000001000010000010000000001001100010000000000000000000000000000000000000000010100000000000000000000000000000000000000
000001000000000000000000000000110000000000000000010111100011000000000000000000000000000000000110000010110100000000000001000000101000001100000000000101000000000000000000000000000000000001100000000000010100000000000000000000000000000000000010
000001000000000000000000000000000000000000000000010101000000000000000000000000000000000000000010000011000010000000000000111011000000000000000000000110000000000000000000010000000000000011100000000000001000000000000000000000000000000000001100
110111000000000000000000000110000000000000000000000110000000000000000000000000000000000000000000001011100011000000000000001101010100000100100000010000000000000000000000101000000000000010010000000000000000000000000000000000000000000000001001
000100000000000000000011001001000000000000000000000000000000000000000000000000000000000000000000100000000010000000000000000010110100000000000000000000000000000000000000101000000000000110010000000000000000000000000000000000000000000000010011
011100000000000000000010000111100000000000000000000100000000000000000000000000000000000000000000000000011000000000000000000000001000000000000000000000000000000000000000010000000000000110010000000010000000000000000000001000000000000000010001
001100000001000000011110000001000000000000000000001100000000000000000000000000000000000000000000000000000000010000000000000000000000000000000000000000000000000000000100100000000000001110110000000010000000000000000000010100000000000000010000
000000000001000000110000000110000000000000000000001100000000000000000000000000000000000000010000000000000000101000000000000000000000000000000000000000100000000000000100010000000000000011101110000010000000000000000000110110000000000000110010
000000000000100000101101100000000000000000001000000000000000000000000000000000000000000000010000000000000000001000000000000000000100000000000000000000010000000000000110111000000000010000101001000000000000000010000000010010000001000000001010
000000000011000000101100000000000000000000110010100000000000000000000000000000000000000000000000000000000110110000000000000000001111000000000000000001100000000000000000111000000000000100101000100000000000000101000000011011000001000000000000
000000000000100000011000000000000000000000001001010000000000000000000011100000000000000000000000000000000000000000000000000000001000100000000000000000000000000000000000110000000000000100000000000000000000000001000000001010000001000000000000
000000001101000000010000000000000000000000000011000000000000000000000000000000000000000000000000000000000111000000000000000000000100100000000000100000000000000000000000000000000000000101100100000000000001000111110000000100000000000000000000
100000011010000000000000000000000000000000000000000000000000000000000000000000000000000000000000000000000000000000000000000000000111000000000000100000000000000000110000000000001100000000110001100000000001000000011000000000000000000000000001
000000001011011000000000000000000000000000000000000000000000000000000000000000000000000000000000000000000000000000000000000000000000000000000000100000000000000001001000100000001100000100100000000000000010001011010001000000000000000000110011
001000000110111100000000000000001100000000000000000000000000000000000000000001110000000000100000001000000000000000000000000001110000000000000000000000000000000001001001010000000000000011111110000000000001111010000111100000000000000001001000
100110000001010110000000000000001010000000000000000000011000000000000000000000000000000011011000010000000000000000000000000010000000000000000000000000000000000001000100010000000000000000000000000000000000011010100010000000000000000001110110
100000000001010100000000000000101100000000000000000000110000000000000000000000000000000011011000000000100000110000000000000010001000000000000000000000000000000000100000100000000000000000000000000000000000001000100110000000000000000000101010
000100011000111000000000000011101100000000000000000000110000000000000000000000000000000010111100001000110000110000000000001101101000000000000000000000000000000000010001000000000000000000000100000000000000001110010000000000000000000000111101
000100000000010000000000000001011100000000000000000100111000000000000000000000000000000001010100010101010000000000000000001110010110000000000011000000000000000000001110000000000000000000000100000000000000000110011011000000000000000000011000
010011110000000000000000000000110010001101110110000100010100000000000000000000000000000000011100101101110000000100001110000110001000100000000000000000000000000000000000000000000000000000010111000000000000000011000000111000000000000000000000
011111000000000000000000000000001010010010110101000000001100000000000000000000000000000000011001100000000000000100000000000110000100100000001011001000000000000000000000000000000000000001101100000000000000000001110001001000000000000000000000
110000000000000000000000000000001100011110100000000000000000000000000000000000000000001110001101100000000000000100000000011010000100100000001100110100000000000000000000000000000001000000111001000000111000000000001011011000000000000000000000
000000000000000001100000000000000000010000000011000000000000000000000000000000000000000000001001000000000000000000000000100000101100000000000000000100000000000000000000000000110010100000000010000001000100000001101000100000000000000000000000
000000000000000010100000000000000000000101000000000001000000000000000000000000000000000000001010000000000000000000000000110000100110000000000000011000000000000000000000000000110010100000110110000010000010000001000011000000000000000000111000
000000011100000011000000000000010001100000010000000001111000000000000001100001000000000000001110000000000000000000000011110111000000000000001000000000000000000000000000000000000001000000000000110001000100000000100000000000000000000000000000
000000000000000000000000000000101000111101001000000001110100000000000010010010100000000000000000000000000000000000000100111010000000000000010100000000000000000000000000000000000000000000000001011011111000000000100100000100000000000010001000
000000111100000000000000000000101000010001011010100000000010000000000010100001100000000000000000000000000000011000000110101100000000000000010100001100000000000000000000000000000000000000000001000111100000000000000000001010000000000010000000
000010011111000000000000000000010000000000010000100000100000000111100001000000000000000000000000000000000000011000001101110110000000000000000000001100000000000000000010000000000000000000000001100001110000000000000000010010000000000010100000
000100010111000000000000000000000000000000001000100000100010100000000000000000000000000000000000010000000000000000000100101110000000000000000000000000000110000000000011100000000000000000000000100110111000000000000000001100000000000000000000
000100010011000000000000000000000000000000000000000000001111100000000000000000000000000000000000010000000000000000110111001110000000000000000000000000001100000001010000110001000000100000000000000000000100000001100000000000000000000000001100
000000111100000000000000000000000000000000011110000000000111001000000000000000000000000000000000010000000000000000001000110000000000000000000000000000000010000001000001010011000000100000000000011001001110000001100000000000010100000000001100
000110000000000000000000000000000000000000010001000000000000011000000000000000000000000000000000000000000000000000000000101000000000000000000000000000000000000111000000000010010000100000000000000100001110000000000000000000000110000000000000
000000000000000000000000000000000000000000001001000000000000001100000000000000000000000000000111000111000000000000000000010000000000000000000000000000000000000010100000000011100000000000000000100000010010000000000000000000000100000000000000
000000000000000000000000000000000000000000001110000000000000000000000000001100000011100000000000000000000000000000000000000000000000000000000000000000000000000001100000000010010000000000000000100000011100000000000000000000111000000000000000
000000000000000000000000000000000000000000000000000000000000000000000000001100000000000000000000010000000000000000001100000000110000000000000000000000000000000000000000000011100000000000000000000000111000000000000000000000100000000000000000
000000000000000000000000000000000000000000000000000000000000000000000000000000000000000000000000010000000000100000110100000000110000000000000000000000000000000000000000000000100000000000000000010010000000000000000000000000110000000000000000
000000000000000000011000000000000000000000000000000000000000000000000000000000000000000000000000010000000011100000100000000000000000000000000000000000000000000000000000000000000000000000000000000000001110000000000000000000001000000000000000
000000000000001100100101110000000000000000000000000000000000000000000000000000000000000000000000000000000100000010000000000000000000000000000000000000000000000000000000000000000000000000000000000000011111000000000000000000000000000000000000
001110000000001100100110000000000000000000000000000000000000000000000000000000000000000000000000000000000000000101011100000110000000000000000000000000000000000000000000000000000000000000000000000000100001000000000000000000000000000000000000
000100000000000000100000000000000000000000000000000000000000000000000000000000000000000000000000000000000000111111001100000110000000000000000000000000000000000000000000000000000000000000000000000011010001000000001100000000000000000001100000
000110000000000000001000010000000000000000000000000000000000001110000000000000000000000000000000000000000110110000001100000000000000000000000000000000000000000000000001000000000000000000000000000011000001000000010010001000000000000010010000
000001000000000000001100000001000000000000000000000000001000010010000000000001000000000000000000000000000001100111110000000000000000000001000000000000000000000000000010110000000000000000000000000011100001000000001010010000000000000001100000
000101000000000000100001110000100000000000000000000000011000001010000000000010100000000000000000000000000000000100000000000000000000000011100000000000000000000000000001011000000000000000000000000001000001000000000100010110000000000000000000
000101000000000011110000101001010000000000000000000000010001010100000000000010100000000000000000000000000000000010000000000000000000000110100000000000000000000000000000010000000000000000000000000000111100000000000000001000000000000000000000
000000000000000110010000000100100000000000000000000000000011000110000100000001000000000000000000000000000000000000000000000000000000000110000000000000000000000000010000000100111000000000000000000000000000000000000000001001110000000000000000
000000000000001101110000000100000000000000000011000000000000100000000110000000000000000000000000000000000000001100000000000000000000000000000000000000000000000000010000001101010100000000000000000000000000000000000000000110010000000000000000
000000000000001000100000100001000000000000000011000000000000000000000011000000000110000000000000000000000000010111000000000000000000000000000000000000000000000000010000000001000000000000000000000000000110000000000000000111110000000000000000
000000000000000111100000100011000000000000000000000000000000000001110010000000001001000000000000000000001000010001000000000000000000000000000000000000000000000000000000000000000000000000000000000000000110000000000000000001000000000000000000
000000000000000010000000000000110000010000000000000000000000000000000100000000000110000000000000000000011100001111100000000000000000000010100000000000000000000000000000101000000000000000000000000000000000000000000000000000000000000000000000
000000000000000000000000000000110000011000000000000000000000000001110000000001100000000000000000000000110110000111010000111000000000000011000000000000000000000000000000100000000000000000000000000000000000000000000000000000000000000000000000
000000100000000000000000100111100000001000000000000000000000000000000000000001100000000000000000000000011100001111110001001000000000000000000000000000000000000000000000000110000000000000000110000000000000000000000000000000000000000000000000
000011110000000000000000110000000001001000000000000000000000011000000000000000000000000000000000000000001000011000100001110100000000000000000000000000000000000000000000000101100000000000000110000000000000000000000000000000000100000000000000
000100000000000000000000000000010001010000000000000000000000011000000000000000000000011000000000000000000000100100000000000100000000000000000000000000000000000000000000001100000000000000000000000000000000000000000000000000000100110000000000
000000100010000000000000000000100000100000000000000000000000000000000000000000000000100100000000000000000000101000000000000011000000000000000000000000000000000000000000001110000000000000000000000000000000000000000000000000001000001000000000
001000100001100000000000000000100100000000000000000000011100000000000000000000000000011000000000000000000000011000000000000110000000000000000000010000000000000000000000001100000000000000000010000000000000000000000000000000001110001100000000
001000110001010000000001100000110010000000000000000000011100000000000000000000000000000000000000000000000000000000000000000000000000010000000000101000000000000000000000000000000000000000000101000000000000000000000000100000001000111000000000
000011000110010000000010100000110011000000000000000000100010000000000000000000000001100000000000000000000000000000000000000000000000101000000000101000000000000000000000000000000001100000000101000000000000000000000001011000011010110000000000
010011100000000000000000100000101110000000000000000000101100000000000000000000000010100000000000000000000000000000000000000000011100110000000000010000000000000000000000000000000100000000000110000000001100000000000001010110101001000000000001
011000000000000000000000000000011100000000000000000000011100000000000000000000000000100000000000000000000000000000000000000000011100000000000000000000000000000000000000000000000000000000001110000010001100000000000000111111111110000000000000
110000000010000000000000000000000000000000000000000000000000000000000000000000011100000000000000000000000110000000000000000000000100000000001100000001100000000000000000000000001000010010110110000111000000000000000000000001100000000000000001
000000000111000000000000000000000000000000000000000000000001000000000000000000011101000000000000000000001001000000000000000000000000000000001100000010010000000000000000000000000100100000000100001101100000000000000000000000000000000000000000
000000001000100000000000000000000000000000000000000000000001000000000000000000000110100000000110000000000110000000000000000100000000000000000000000001100000000000000000000000001100100000001000000111000000000000000000000000000000000000000000
000000011101000000000000000000000000000000000000000000000000000000000010000000000100100000000001000000000000000000000000001010000000000000000000000000000000000000000000000000001110011000000000000010000000000000000000000000000000000000000000
000000011000000000000000000000000000000000000000000000000000000000000010000000000111000000001000100000000000000000000000001000000000000000000000000000000000000000000010111000001010000111100000000000000000000000000000000000000000000000000000
000000001010000000000000000000000000000000000000010000000000000000000010000000000000000000001000100010000000000000000000001110000000000000000000100000000000000000000111111000000110000000000000000000000000000000000000000000000000000000000000
000000001110000000000000000000000000000000000000010101100000000000000000000000000000000000000011100010000000000000000000000000000000000000000011011000000000000000000000111000000000000000000000000000000000000000000000000000011000000000000001
100000000000000000000000000000000000000010000000010001110000000000000000000000000000001000000000000010000000000000000000000000000000000000000011011000000000000000000111000000000000000000000000000000011100000000000000000000011000000000000011
110000000000000000000000000000000000000010000000010000000000000000000000000000000000011100000000000000000000000000000000000000000000000000000000000000000000000000000110000000000000000000000000000000100010000000000000000000000000000000000101
011000000000000000000011000000000000000010000000001111100100000000000000000000000000011000000000000000000000000000011100000000000000000000000110110000000000000000000000000000000000000000000000000001000001000000000000000000000000000000000000
011100000000000000000100100000000000000000000000000000010100000000000000000000000000001111000000000000000000000001001011000000000000000000000110110000000000000000000000000000000000000000001100000010001000100000000000000000000000000000000000
000000000000000011000011000000000000000000000000000000010100000000000000000000000000000100100010100000000000000000010011000001100000000000000001000000000000011000000000000000000000000001000010000010010100100000000000000000000001110000000011
000000000000000100110000000000000000000000000000000000000000000000000000000000000000000110110010010000000000000000000000000010100000000000000000000000000001101000001100000001100000000001000010000010001000100000000000000000000001110000000011
000000000000000110110000000000000000000000000000000000000000011100000000000000000000011100010100010000000000000000000000000011000000000000000000000001100001001000001010000010010000000010000001000001000001000000000000000000000001100111000000
000000000000000000011000000000000000000000000100010000000000010010000000000000001100100000010010010000000000000000000000001100000000000000000000000000000010110000000100000001110000000001110010100000100010000000000000000000000011100011000000
011000000000000011011000000000000000000000000011001000011000011000000000000000010110000000100011100000000000000000000000010100011000000000000000000000000001110000000000000000000000000001100110100000000000000000000000000000000000000001000000
011000000000000001011000000000000000000000000001001000001010001000100000000000000101001111000000000000000000000000000000011000011000000000000000100000000000100000000000000001110000000000000010110000011100000000000000000000000000000110000000
000000000000000001001000000000000010000000000100011000001010000110010000000000111001000110000000000000000000000000000000000000000000000000000001000010000000000000000000000001101100000000000000110000010100000000000000000000000000000000000000
000000000000000000110000000000000010000000000100000000000000001000010000000000110011100010000000000000000000000000000000000000000000110000000010011110000000000000000000000000010111000000000001100000110011000000000000000000000000000000000000
000000000000000000000000000000000010000000000100000000000000001000100000000010000001001001000000000000000000000000000000000000000001001000000010000110000000000000000000000000000000000000000001000001110011000000000000000000000000110000000000
000000000000000000000000000000000000000000000000000000000000010100000011000010100010100010100000000000000000000000001100000000000001001000000010011000000000000000000000000000001010110000000000000000110000000000111000101000000000100000000000
000000000000010100000001100000000000000000001100000000000000011000000010100001100011011101100000000000000000000000010010000000000000110000000001010000000000000000000000000100001110000000000000000000011110000001001000000000000001000000000000
000000000000010100001101100000000000000000001100000000000000000000000100110000000001101011010001000000000000000000001100000010010000000000000000100000000000000000000000001010000001010000000000000000001100000011010110000100000100000000000000
001110000000010000000000010000000000000000000000000000000000000001000100111100000000010111100001100000000000000010000000001010000000000001100000000000000001000100000000001100000000100000000000000000000100000011011000011110001000000000000000
000000000000000000001001100000000000000000000000000000000000000010100010101100011000001011000000000000000000000010000000001100110000000010010000000000000010000010000000000010001100000000000000000000000000000001011011100010001000010000000000
000000000000000000000111100000000000000000000000000000000000000010100000000000011001100011100000100000000000000001000000000001000000000001100000000000000010000001000000000000100000000000000000000000000000000000110000000000010000100000000000
000000000000000000000000000000000000000000000000000000001100000001000011100000011001100110000011100000000000000000000000000110000000000000000000000000000000100001100000000100110100000000000000000000000000000000000000110000001011000000000000
000000000000000000000000000000000000000000000000000000010100000000000011000000000000011010000011010000000000000000000000000010000000010000000000000000000000100001000000000000100000000000000000000000000000111000000001010000000100000000000000
000000000000000000000000000000000000000000000000000000001000000000000000010000101000001100000001101000000000000000000000000000000000101000000000011000001000100001000000000000000000010000000000000000000000000000000001001000000000000000000000
100000000000000000000000000000000000000000000000000000000000000000110000110011100100000000000001000100000000000000000000000000000000101000000000011010111000111000000000000100100000101000000000000000000010000010000000111000000000000000000001
100000000000000010000000000000000000000000000000000000000000000000000000100001101000000000000000101000000000000000000000000000000000010000001110000110011100001000000000000000110000100100000000000000000010000010000000001000000000000001011110
000000000000000010000000000000000000000000000000000000000000000000000100000000111100000000000000010000000000000000000000000000000000000000001100000000100011110000000111000001100000011000000000001100000010000010000000110000000000000001000001
000000000000000010000000000000010000000000000000000000000000000000000100000001011100001110000000000000000000000001100000000000000000000000000001100000010000110000000000000000000000000000000000001100010000010000000000000000000000000001000001
000000000000010000000000000000010000000000000000000000000000011000000010000000100010001110000000000000000000000001100000000000000000000000000111110000110000000000001010100000000000000000000000000000101000101000000000000000000000000000110110
000000000000101000000000000000010000000000000000000000000001101100000000110000010010000000000000001000000000000000000000000000000000000000000000010001010001100000001101100000001100000000000000000000011000100100000000000000000000000000000000
000000000000101000000000000000000000000000110000000000000001001000000000000000010000000000000000010000000000000000000000000000110000000000000011100000100010010000110000011000001100000000000000000000000000011000000001000110000000000000000000
000000000000010000000000000000000000000000110000000000000001000100000000000010001010000011000000001000000000000000000000000000110000000000000001000000000010010011011111110110000000000000000000000000000000000001110001001110000000000000100000
000000000000000011000000000000000010000000000000000000000000110110000000000101000110000101000000000000000000000011100000000000000000000000000000000000000110110011111000111110000000000000000000000000000000000010001100101000000000000001010000
000000000000000001000000000000000101000000000000000000000000000000011000001001000000000010000000000000000000000000000000000000000000000000000000000000000011000001011000110100000000000000000000000000000000000010000000000010000000000010001000
000000000000000100000010000000000110000000000000000000000000000000100000001010000000000000000000000101000000000000000000000000000000000000000110000000000000000000000111000000000000000000000000000000000000000011011000011100000000000001010000
000000000000000000000001000000000000000000000000000000000000000000000000001000000000000000000000001001000000000000000000000000000000000000001001000000000000000000000000000000000000000000000000000000000000000000100000000000000000011000100000
000000000000000000000100000000000000000000000000000000000000000000000000000100000000000000000000000101000000000000000000000000000000000000000110000000000000000000000000110000000000000110000000000000000000000000000000000000000000100100000010
000000000000000000000100000000000000000000000000000000000000000000000000000000000000000000000000000000000000000000000000000000000000000000000000000000000000000000000000110000000000000110000000000000000000000000000000000011000000010100000101
000100000000000000000000000000000000000000000000000000000000000000000000000000000000000000000000000000000000000000000000000000000000000000000000000000001111010000000000000000000000001110000000000000000000000000000000000100100000001000000101
001010000000000000000010000000000000000000000000000000000000000011000000000000000000000000000000000000000000000000000000000000000000000000000000000000011100001000000000000000000111010100000000000000000000000000000000000011000000000000000010
000100000000000000001111000000000000000000000000000000000000000100100000000000000000000000000100000000000000000000000000000000000000000000000000000000011000000000000100000000000110000110000000000000000000000000000011000000000000000000000000
000000000000000000010001000000000000000000000000000000000000000011000000000000000000000000000100000001100000000000000000000000000000000000000000000000110100000000000100000000010000000100001100000000000000000000000011000000000000000000000000
000000000000000000001110000000000011000000000000000000000000000000000000000000000000000000000100000001100000000000110000000000000000001110000000000000000000000000000010000000000100010000001100000000000000000000000000000000000000000000000000
000000000000000000000100000000000011000000000000000000000000000000000000000000000000000000000000000000000000000001111000000000000000010001000000000000000000000000000000000000100000000000001010000000000000110000000000000111010000000000000000
000000000000000000000000000000000000000000000000000000000000000000000000101000000000000000000000000000000000000010010100000000000000100000100000000000000000000000000000000000101000000000000110000000000000110000000000000110101000000000000000
000000000000000000000000000000100000000000000000000000000000000000000011101000000000000000000000000000000000000110100100000000000000100000100000000000000000000000000000000000001000100000000100000000000000000000000000000000000000000000000000
000000000000000000000000000001000000000000000000000000000000000000000110111010000000000000000000000000000000011010000100000000000000100000100000000000000000000011000000000000000111000000000100000000000000000000000000000011000000000000000000