000001000011010000110011011010001100010010001000100000101000011000000010000000000100000100001001110001101001011111001000000111001110000010001000000111100010000101100000000000010000000101011001010000000011101100000000000000110000001000000011
000001011110001100101101011011000000100100000110100001001100101000000010000000000000000100000110001100101010000011000110000001000010010011000100000110101110000111111000000000010000010101100010010000000011101100000000001101010000100000000011
000000100000010010001100000110000000011000000000000011000000010000000001101000000001001010000100001100001001101001100110000000010000100001001000001101101000000000001110100011110000000000000001000101000000000000000000001100000000100001110011
000000000000000010011000000001100000000000000000000100011000000000000001010111011001101101111000000110000000001001100000000100001000100000000000001100110000000000001100111111111000001000000000000101000100000000000000000010000000000001110000
010000000000000001111000000110111000000001000000000100110000000000111001011000111000001000000000000011000010000001100001000010000111000000100000001000000000000000000100010100111000011000000000000010001110000000101000000001100000000110000000
011111111000000110110000000111011000000010100000000000000000011000100101100110111000001100000000110110000100001001110011000100000111100001000000000000010000000000011000001100010110110000001110000000010001000101001100000111100110110000000000
100000000100000111110001101001000000000000000000101101000000111000101000000111000000000100000110001101000010000110000001100010001000010000000001100000001000011000000100000000010101100000001001000000011011000101000011000000100110000000000110
010000000100011010110001000110000000001110010001000001001100000000010000000110000000000100000001101100111100000000000000000011000001110001100000110000001000000000100110000000001100011010001001000001101000000001111110000010101001000000001001
000100011000111010010000000110000000001010001000100001001001000001110010110110001000010001000001101000110001010100000000000011000000010000010000000000110000100010110110110111000010011000001100100010010000001000000000000000001010000000000110
100101010001101110010000100100001000000000000000100000000111000001000010111100000010001110000100001100101100000011000000000000000000000001100100000000000001000011000010111011000000000000001101100000100000000110000000000001000100000000000110
011000100010110001111111111001110110000010011000000000000100100101000010100000001101000100000100110000110001000001100000000011000000001001101010000000000010000111000100111000000010011000000001100001110000100110000000000000001000000000000000
000011000011100000110011101000001100100011111000010000100010001000000000000110110000000000000100001110100001100011000000000000000000000100010010000011000110000010000000000000001100000100001110000001011001100010000010000001110000000000000100
011001000101000000110000100000111001111000001000001000100001100100000000001000000000000000000000100000000010001010000000000001100000000000000000000110110001000001010000000000001001101000001110000011000100101100000111000001000000000000000110
000000000110000000000000100000000000001101100000100111001000000000000000100100001000000000000001101010000001111100000001100000011000111000010111101010110001100001000000001000001000100000000010000110000010101100000101000001000000000100001000
000000001001000000000100000000000100100000100000001001111000000000000000111110100011000000110001000000000000111000000000100000100100111000000000000011100011100000000000001000000000000001101100010010100010001000000000000011100000000111100000
000000011001100000000111000000010100100000000000000110000000000010000100001001101011000001000110100000000000000000111000000000001100000000000000000110000011110000001010010101000111000011111100000000011000101100000000000010100011000010000001
101001100001000000000011101100000010000000110000110100000000000101111011010000011100001001000000001100000000000000000000000001011100000010001000000110000000000000001010000010010000000000000000000000001000100101111100001000100110000000101100
111110000100010000000000010000010000000010011001000001000000000100111011000000100100100000000000100010000000000000001010000000000000001001110001100110000000001000010011000000000001000110100000000000000110001000000001110000100000000000011000
001000000001100000000001000000001110000000001111100111001110000001000100000000000100100100001000001000000000000000000000000001000000001000110000000010000000011000011000000000010000000010110000000000001010000001011010010000110000000000000000
001101011111100000000011010010000000000001011110000001010001000000011000000001000001000000000010001010100000000000010010000001100000010010100000110011010000011000111110000000001101111111000000000000001100001000100000011101110000000000000000
000010000100000000000100000000000010000010010110000000010001100010111010000000100000100001100010000000100000000000011000000010010000010100110101011110101000001100011100000000000000100010100000000000001100000001000000001100110000000010000000
000000000000000000000110100000010001001010101000000011101100000110000000000000011000010010000110000001001000000000011000000000100000100111000000100100111111001000000100000001110110011000100000000110010100010000000000000001100000000101000000
000000000000000000000111011011010000000000010000000000000100000111001010011100001101011100010101100000100010011100000000001000000001000100000000110010101000011010000000000001110000001001101000011001011000000011000000001101010000001100000001
000000000000000000000011000000000000111010000100001010000010011101100000111010000010111000010000011011000010000000000000010001000001111100100110011000111000000001001000000100010000000000001100110000011000100010000000000000100000000110000110
000000011000000000000000000000001000011010001111000110000100010001100001000000000000010000000000001011010110000000000000100000000000111000000000000000110000100001101000000111101110000000011100110100000000100100000000000000000000011100000011
011100101000000000000000000000010001100111100001100001000100010001100000110000100000101000010100010011100000000010000111011100000000000000000000010010001000000000100000000100111110000000000101100000010000010100000001110000000000111100000000
111100110000000000000000000000001101100000000011011111001000110110000000011001100001101000011000000000000000000101000001000100000000000010000000111110000000100001100000000110111111100000000111000011010000010100000000010000000000011100110001
010110000000000100000000000000000101100000000000011110000101011000000000000110000101100000101010000000000000000011110010001000000000000111000110110011000000000001010000000100000011110110000000101100110001000100000010000010000001000011000000
100001000000000011000000000000000101010000011110000010000011010000000000000110000111100100110010011000000000000001000001000100000000001110101010111111000010000000010001100100100110110000001000000011110001001100000000010110111000000011010001
100000000000000110000000000000000100000000000010000100000001100000000110000100000010001001110000011110000001000010010110001000000000001000001000001110010000000100001000000101100010100100000000000010100100100000000010101101010100000001100000
110000000010000100000001100000000100001000101001101100000001000000000110000000000000000101000010000000000110000011110010001001110000000000001000000001000000001111100101101100000000010000010000000100010100000000000100100010011100000111000000
100000100000000000101011110000001000001000000001010000000000001100001000100000000000000110100000000110001111000011000000010001100000000010111111001000100000010111100010001100000001010000000100000000000100000000001100000000000100000110010000
000010000110011101010000000001111001011001110011000000000000010010011110100111000000110001000100000011100101000000100010000001000000000110010011110000000000011000011100001100000000000100000100100000000000000000000100000000000101110000000010
100000000000100110001000101010000000010000001000100100000001100000110010110101000000010000010000000001110110000000011000000000000000010000100100000100010000110100000000000111000000001010000110000000000000000010000000000000000010000111010011
001000001101000001000110101100000001010001110000100100000011000000110110011001000000000011100000001100100110000110000000000100000000100000000100000011100000101110000000000010000000000000000100000000000000011110000000000000000011110000001000
000000001000100001100000010100010001111011110000000100010000000100000110000010000000000011000100001111110000000111100000000001000000010001000000000100110000010010000000000000000000000100000000000000001000011100000000000000000010010000011000
000000010100011001000000100011001110000000100100000000011011000001000110001010000000000100101010100010111000000100010000010010010001101000001101000100000011010000000000000000000000010111110000000000001000010100000000000000000011101101010000
000000111111111000000000000000010000011011110000000001010010101101001101000000100000000011100000100000001000000010001000000001110001010000000000011101101100110000000000011000000001110001011000000000000100101000000000000000111100001001010000
000000000000110000001100000000111111100100111000000000000100000011100110000000100000000110011101100000010000000010010010001000110001011100100000001011000100100000000000000001010001111000100000000000000000100000000000000000011100000000110000
000001000110000000000000000001100001100000000000000000000111100000001110000000001000111011000000011000010010000000000101000100000000100000010000000001000111000000000001001001000010000010100110000000000110111000000000000000000100100001010111
010000000001000100001001000001100110000000000000000000010011010000000100000001100011011110000000010010000001000000100000000110000000000100010110010001000110000000101001100000000111000001000110001100000101000000000000000011000001000000010000
010000110001000100000101100000001010000000000110110000000000000000100100000011001101000100000000001110000001000000100000000111110000000000011110010001111101101111000001000001100010000011100000010100001000100000000000000110101000000000010000
110000001001011011000000001000000011000000000111001000000000110000000000101001100010100010101010001010110000101000010101100101110000000100100100110100101011011011001100000001000101100001100000000000011010010000000000000110000100011000010011
000000000000010000000000101110001011000000100000001111000000110000010001110101100000100100000010000010000000010100110011110101100000001101100100011000000000100000110000000000001101100000000000000000011110010000000000011000000000000000101000
000000000111000001111000000110010010000000001100110010000001000000001000000101100101100100101001000010101000000111110011001001100000001100100000000101100000010001000000000000001100000000000000000110000000000000000000011001111100000100110010
000000000000000001110000000011001111000001000010110100000000101001100110000011000001000000100101000010000000001010001010000000000010000001011110000101000000000001000000000000000000100000000000100010000010000000000110001001101100000110001000
001111000000000000100000000000010010010011000000000001100000010000000001100011110001010100100111000110111101000001000000001000010100000000010000100001000000000000000000000000000001100000000000011000000010000001001000010000000001100111000000
011011001110100001000000000100100010010000000010001000010000000000000000100100100111111100100111000011010000000001000010001000010010000000011000001010000000000000000000000000000000001110000000011000000010000000101010010000000000000100111110
000000000101000000000100001000100010000100000011011000011000000000000000000000000001000100001111100000001101000001000110011000001110000100011000000100000000000000000000000000000011001001000000000110010001100000000101100000000010000010000001
010111100000010000000011010011000001100100000010001111011000000000000000000000000000000000011000000000000000100000111000100010100110000101101000000000000000000011100000000000000000000111000000000010011001110000001100001110000001100101000110
110101100000001000000011010011100110000110000000100000010000000000000000000000000000000101010000000000000000100100010001100000110111100000000001100000000000000010100000000000000000011111000000011000000001110000011100000101000000000111110000
100000000000001110000011010011101000100100000000010000111000000000000011101100000100100010000000000000010000000000000000001110101101110000000001100000000000111010100000000110000000011001100000001010000011010000011000000100000000000000110110
000000000011101000000100010000101001110000011000101000111000001000110001111000000010000000000000000000111001000000000001111100010000011000000000000000000000001000000000001001000000100111010000001100000000010000011000110110000000010111000100
100000000101000000101001010110011100100000001001001000000000001100010000000011000000000000000000000011000000000000000000001000000100010110000000000100000000000000000000010001000000010100000000000000000000110000010111000110000000101110000011
010000000110001100101100110000000100011100000010001000000000001010010000111001100000000000000001011101110000000000000000010100011000110001000000001100000000000000000000001011000111000000001000000000000000000001010101000000010100011001011110
000000100011110001101001110000000001100100000010010000000000000000000010000000011000000000000001100010110000000001000000000110010010010101100000111000001110000001100000001111000000000000001000000000011000000010010101110000110000001000000001
000000000110110111110001100000000001001100000010100000000000000000000001000001110000000000110000100000000011100100001100000110000000000100000001000000001110001111111110000001100100000000001000011000011000000010100011000000000010000000000000
110000000100000000000000101000110000000000101100000000000000000000000000111100100000000000000000101000000010111000001101000000000001100000000000111000010000111100000001000111000000011011011011000000010000000000010000100001110000001000000000
001001000011000000000000000000000010000001000000000000000000000000000000000000100000000000001101100000000010000000100001100000001000100000000000011110100011110101000001000110111100000001001000110110000000000000110000100001100100001010111111
000110000011000000000000010011001101000010001000000000000000000000100000010001010000000000001011000000000000011000010000000000011000000000000000010001010101101111000000000111001100000001000110000100000000000000111001000011011111001000000000
011100000000000001000001010010001101100010000000000000000000000000100000000000010000000000010010010000000000010000011011000001000000111000000011110000010011100000011111000000000011010100000001100001100000000000001100110000110001111110000000
101000110100000000000000001110001100110000010000000011100100001110111000010001010000000000010000011001000000110110100000000000000000111111010001010001110011001000001000100000000000000000000000001000000000000000000000000111000000000110000000
101000100001000100000000000000000110000010100000000001100100110010011000010000000000000000010000110101110000101010000000101100000010001101110011000000000000010000000011000000000000000000000000001000000010000001101100000111101000001001110000
110000010011001000000110000000000011000101010000000011000111100001000001100100001100000000000010110110010001111100000000110000000000001100011110100010000001001000000011000000000000000000000010100000000001000001101100000000010110111100010000
100000000010000000000110000000000000110101100100010000000000101110100001100001100000000000010100100000110001101110001111100000000000110111001100000000000000101000101100000001010000000000000110000000000011000001100111000001001111000000000010
000000100100110000000000001000000000000000000100100001100001110000100000111000000010000000000000100000100001100001000001001101001010111101001100000000011000101100101100001110001000000001101100001100001001000000100000100000111100000001010000
010000000100000011000000011000000000000000000010000001100000000000010101010000010011000000000100010000000001110111000000000011111011110110000000001010111100000110100101011110000000000001100101000110110000000000101111011000111111000011010000
000000010110000011000001100000110000000000000000000001000010010000100000100000100100100000011011110100001100100111110010000010011100000110000001101010100100000100000000001000110000000000100111000110100110000000011111101000101111000011001000
000111000010000000000011000000001000000000000001101011000000001100110011000000000000100000001000101111001010010000000100000100111100000000111000000011000010001101000101000111000000000000000010000000111000001000000011100001000000000001000011
000110111011100000000001011110000000000000000000000001000001111101000000000000001011000000010001111000011110010000001111110010111100000000001000000001000011000000000000000011000000000000000000010010000000001110000111001111000001000000000010
100001110001000000001001100000000000000000000001110110010001000001110001000110010001000000001001011100001000100001111110110010010000001100010000110001000100100010001000000000000000000000000000001001000000000111011110011100000000000001100010
101010000010000000001101000001010000000000000010110110000011000000100000000000011100000000001100011000010011000001111011110111011000001100010000000000000000100100010110000000000000001000000100001000100000000110011100110001110000100011010100
011000000000000000000000000001011000110000000010100010110001100010001100000000000001000000000000000000000000000000001100001110010000010111110001101000001100011000011001000000011000001000000100000000100000000001010000110001001001000011010010
000000000000011100000101000000101111110110011000000000000001000001010000000000001101100001000000000000000100000000001001000000110000010010100101101000111001100000000000000101100100001000010100011000100000000000000000000010010001000000000000
001011000000011001000011000000000110010110011010010000111001100000110000000000000001100111000000000011001100100000000001000111100000000001001000000000110111000000000011000101111000000100000100011000100000000000000001100000001001000000010000
000000011000000010000000100000001111000101011111110000000101001010000100000000001110000100000111010011000011010000000000000001100000000001000000001100000100000110001100000100010000000010000000010001000000000001110100000000111000000000010000
000000000000001000001101000000010101110001100000000000001000011000011101000000001100000110001111000000000000001000000001100001001000110100000100001011110000001110000100000000000000000000000100011000000011000010001000100001000000000000110110
000000000000000000000100000001000110110001101000000000000100000010000110101000001000000000000100000000100111010000001010111111000000001111000100110001010000000111111101000100000000000000010000101000000100100000000100000001000100000000110000
000000000000000000010000000010101100000000000100000000000000011101100111111000111100000000000010100000011001000000000101000010000000001100000100100110000000000110110000101000000100000000000000101110000011000000001000010000000000000000110000
000100001100000000000000000000010100000011000000000000000000110110000000001100100100000000000011010000001100010000000001000000010000001100100010100100000000000011010000101100011010000000000000011110000000000001110010000011010100000000000100
001001010010000000000000100010111010001100100110010000000000100100000000000000101000000000000011010000010011110000000000100011000000001100000011010100000001100000000010000111100010010000000000001100000000011000110010001010100000000000000110
000101001101100001000010010000101010001111011001101100000000010100000000010100100100000000000001001001000000010000000000011110110101101000110011000000000001000000000001111010110010011100000000000000000000010110110111001100010000000000000000
000100000100100001000100100000001000001100000000000000000000000000000000000110000000100000001110110010000000000011100000011000110011100000100001000000000001101001110000010110000100011000000110000000000000000100110110110001010000000000011010
111101100010100000000010000000010000000000000000000000000000000000000001000011000110110000010000000000000000000011100000100100011000000010000011100000000000100010101000000001100000011001000010000000000000000100000100010000000000000010000010
011001100010100000000100000000000000000000001110000001001110000000001011100100011111100000000100100000001100000010100000000100000000000011001101000000100000010011101010110000100000111011111001100000000111011010000000000000100001000011011000
101101010011111100000000000000001100000010110010000000101001000000011111000101000000000000000011000001100000000001100000001000000000001010001101000001010000001100011010001000001101111100010011000101110011101100000000000111100001000010000110
100000000001010010000000000000001011100011010100000100001001000001111001010000010000000000000000000110101000000010010000001000110000000000010100010000100000000000000000100000010010001000011111001000001011100000000000000011000000100000000000
100000000000010010000000000000110111100011110100000000001010000000000100010000001000010000000000001011010000000010110000001001001000000000010100000100000000000000000110000010100001010001011010000000001000100000000000000000000000001110001011
110000000000000100000000000001001110011011000000000010001110000010010000000000000010001000000000001011010001010000101110001010110000000010000000000000000000000100000000000001111000010000010000000100001000000000000000000000000000010010110111
110000000000000000111000001101001011001101111111000000011100000001011101000101010000000010000000001000110010010000100010001100000000101101010000001000000010000100001100100000001100100010010010001000110000100000000000000000001101001101011000
000000000000000000010110000100000001000101010111100011011000000000001101000010010000101010000000000000110001010000010011000110000001011100110001110000001100000000110100100000101010111000001000000000000001011010000000000000100001000100000000
000000101001010100000010001001100100000000010011100011011000100000000101000001011000000000000110001001000000001110010111100011000000001111000001001000000000000000000000000011101001000000000000000000001011000110000000000011000101000100000001
000011110000010100111000000100010110000011011000000110000100110000000000010110110000000110001110000100000000001001001100000110001000010011000001110000000000000000110010000101100000000000000000000000010110010100000000000001010110110000000011
000100010000001100001000001011010001000010011000000110010010011000001100001100100110000010001010000000001000010001111000001100001000011011100001010001000000000000000010010000110000100000000000000000000010000100000000000000010100110100100000
000101100001100011100000000001110111000111001011000000000001001100001000110000100110000000001010000000000110010100001010111100001000000011100000000011000000000000000000100000000000101000000000100010010100010000000000000101010110001001001111
111010110001101011001101000100000000000000000100100001100001111100000111000001000011000000000110000011000011100101101000011000000100010111100000000101000000000000000000000000000000001111000001000001000010010100011000000010000110001000100001
001000000000000000000100100000000111000000001111000001110001000100000110001101100010010000000000000000000100100001110000010000000011111110000000000111000000000001000000000000000000001011100011101101000100000000100100001010101000000000000100
101010110000001000101000010110000110000000011100000001001110110100000000001110010010010000000000000000001001011110000000110000000000011011011000000000000010100010100000001000000000000111111100000000000100010110011000000001010000000000010000
011010000000101000000001100110110011000000100100000011000101010000000000000010101010001000110000000000000000011100000010100000000000000011010000011000100010100110110000001000000100000000000000010000000000110110000000001010000000000000011000
111110000000101000000001100100110100000000011000011111000011001110000000000100001010111000110010000001111011001000000101100000000000000011010000010000100001100110000000001001101000000001000101010110001000100000010000001000000000110100101011
010000000000111100100000001101010000000000000000100101100010010100000000000000001001011010000010000001111000001100000111001101000000000000000000010001000000000000000000000000001100000001100110110000010101011100111111110000000000111111110000
100000001111110100000000000010000000000000000000111011111011100000000101001000011111010110101000000001000000001000000010100101000110000000001110001011000000000000000011000000000000000000000110001100000001100000011100011101000001000001100011
000000001010100000010000000001110000000000001101100001000101101100000000101100000101010000000000110001010000000000000001111111100000000000001110011000000000000000000100010000000001011000001100000000000000110100000000000001000000111100000001
000000000100100001001100000001011001000000011101100010000110110100000100000000000000001010010000100000000001111000000000110001110000000000001100011110000111000110000010000000000111000100000000011000100001000000000001001100000000001100000000
000110000001010000101000000011011000001000000000000001010000000000000001010010000001000010000000100011000001010110000111000000011000000000000000010001001000100110000000000000000010000111000000000000010000101100000000000100000000000000001110
000011000100000011100000000000000000011000000000000000000011010100000000010011001000000001001000000111110000110010011000000000110000000000000110000000101000000000000010010000001001010001000000000000000001010000000000001100100000000000011011
000011000010110010011000000000000100000000000010101100000001100000000000001010000110100000101100001000001000001101000000100000000100000010100000000011110000100000001010101100000000101101000000000000000000000000000000100001010000000000001000
000110000110111000010101100000000011010000111101000000010110000000000000000100000110101000000111001000001000001001000000011000100010000100100000011100011000100000001001010010000001100000000000111000000000000000110000100101010001110000101011
001010000001000000000000010000000000111000000000100000000010001000000100000000000100100010000101000100010000000101110010001010001010001000100001000000000110000101010100010010000010001000000111100100000000000010001000011000100000001000100010
011100100000000000000000000000000000111000110001000000000010001110001001000000001001000100000111000000000000010001100001000110000101010001000001000000000110000111111001011011010000000000000110000000101000000100010000000000000000001000011000
000000110000011000000000001000000000000000101001000100101101001110001000100000001110110000000100000000000000010100001101101110000000011001000000100001011101001010000110110000100100000000000000010000001101000101100000010000000000000110001000
000000010000000001100001100101110000000001000001000011101011001101111100000100000110001110011000000000000000010000100000010000000000000100000000001001110010001110000110110001111001000000000000010000011001000100000001011000000000100111000000
100000000000100001001001000000010000000000000101000111101110000111111001100010000000001100010000100110011100000101101110100001100000000000000011011001110100001110000000010110100011100000000000000001000000000110110001001000000000000001000001
100000000000000000010000101011100000000000000101010110101111000000000100000011000000000000000000000110010000100111101110110000001110000000000011111000100110101010000111000000000001100000000000001000001100000000100000001000000000100011000001
110000000000011000100000100000000000000000001101101000000001000010001110100010010000000000000000110100001100100001010000000101101110000000000001110110001100001010100100000010000001100000000000000000001000000100000011101100000000000010000000
011110100000000010000000001100010000000000011110100000000001101100001111000011010110000000000000001000000000000001001000000000001100000011010000000110001001001110100110000011010001000000000000000000010000100000000000000000000000100000000011
111110100000010010000000001100001000000001111101100000000000110100000100100100001101001100010000001010000000000000000000000000001000001110001000000010110011011101110011100011000000001101000000000000001000110000100000110100000000100000000011
000011010000000100000000000000001000000010001101000000000000001000001000010000001100001100011000000010000000000001110000000000000000101110011100001110000010010000100001100001000011010010000000000000010000010000001011011000000000100000000000
000000111010000000000000000000010000000010010010100000000000000110011000000000000000000100010000000001000000010000000111111000000000000000001100001110000010001010000010000111010011100000000000000000001000111000001100000000000000011100000000
000000100000001000000000000000000000000100011000111000000000000010000000000000000000010100001110000110000001011000000110000000000011101110111110000011100000010111000000000000100111010100000000110010100000110000000000000011000000001100001110
000001110000011000111101100000000000000010000000111000001000001100000000001110000000101000000111111001000000000100011000000000010011011011000100000001100001100111000001100000110010000000000000000110000000110000000000001001100000000000111100
000011111100000011111111100000011000000001000000111000010100001100000001010001000000100100001100001000000100000001100110000001110011101101101111000001100000000000000000000000110111100000000000010010000111000000000000001000011101110000100000
000100010001010100000000100000011101110000000100111000000000000000000010000011000000101100010000001010011100000101110100000111010000000000000011110011000000000000000001000000000001100000000000010010100110110110000000001100100000000000011110
101100010010001110110111001100000111111000111001010000000000011000000001000011000000111110010000001110000010001100100100001100100000000000000000011000100000000000000000000110000000010100100000000110100000100001000000000000110000100000000000
110100000110100000010110100000000110111000000001110000000000001010000000101000000001000001110001001100100011010010000110000110001000001000000000100000011000000000100001110000000001111110100000000000000000000000110000000001100000000100000111
110001100001100000000000110110000010100010000000000000000011001010000000011000011100011110010000001000011010001110110100000000110000010001110001110100001010000001111000000000000010000001011001100000000000001111110111011011101000000100000001
000000000100100000000001100011000001010100000000001000000011000000000000011100011110001100001001101110000110000000001100000000110100010000011101001110010011000010011000000000110110000010000000010001000001000000000110011111100000000001000000
000000110100101101011100101000000001010100100001010000111000000000000000011000000000110110000001110000000001010000001100100000110111011000001011000110010010000101011000000001011110000000001110100001000001000011111000011001100000101001000000
000001100000000000010000100010000011011001011000111110000000000010000000110000010010011000100000000000000000001000000000100000000000000010010010000101100100000001011000000011110000000110010000000000000000000000001110111011000110100000100000
000010011000100000010000110011000100000000000000001000101101101101101011100000010000001000000000100000110000001111000000100000000110000000100000001001110011000001000000000110101001001000010011110000000000000000000010000000000010000000000000
000110011001000001000000100001000001100000111000010000111000001100001101010000000010000100100001110011011000000011000000001110000011000000000011101101010101100000000010000010001100001100000000011000000000000001010100000000000000100011000000
010011100011100000001111000010101110000000000000001001001000011000000001100000000000000000000000000100000000000000110101101101000000000000000011110100100111011010000101110011000000001100100001000101111000111000110100000000000000111110000000
100110000100000000000100000001000000000010100000010111000100100101001010010101010110010100000000000010100000000000001110111110000000000000011000100000110000000010000000010000000000000001110000000111111011010000000000011101100000000010000000
100100101110100010000000000010001000000001110000000111000000000001100000001010110000000100000000000000100000100000000000111011001100000000100000000001100011000001100010000000000001000101100110000000000001100000010000010000010001100110000000
101101010110100000001110100001000000000000001011000011000000000001000110001000000011100100000000000000000000000000001110010001110000001100100001000001100001100000000001000011010001000010000110011000001101100000011100001100000000011111110110
101001000100001100001101000000000011100000111010001010001000010001000110010000110011001000011000100000101000000000001000000000000000011000011101000000100010100101000100000011010000100000000000010001101100100000100100000000000000001111100000
011111100010000100000101000010000111100000000011101001110000100010000000001111111000110001100000111011010000000011000100000001101111110000000110000001011110100000100111110110010010110000000100110000000100110111010010000000000001100100001100
001100001011001110000100000000000001000010000000101101110000111111011010100000000000011011000000001010000010000001011011000010100000000000000000000000100000000000000011100010100010100110000111010010000010001000010100000010110011110000001100
000100100110001000110100100000100100000111000000010100000000010111000011000000000010000011000000001000101100000001110001000000011101110000000000000000011111111101100000000001000000001011001000000110000001100000010110000000110011001000001100
011000010000001100110101000000010110001101000011001010000000000000000100000000000101000100010011001000011110000001101111000010001000010000000000000000011010000000110100000000000000110111001101100100000000001110000010001000110000100001100000
110000000001000000011000000000001000000110000110011010000000000110000000000000000100000011011001000001000000000000001000100000000011100000000000000000000000000000010100000000000001111001000001101000000001101111100000000100010001010001000010
000000000001000001000011000000001000000110000010101010000000000000000000110001000100011010111000000001110111000000000000100010000111000000000000000000000001100000100100000000000110000101000000011100000110000010010000000001100001100011000000
000000010001100000000000000001100000001101000001100010100000000010000001010011000010000010000000001100011101000000000101000010000000001010100000000000000001110000101100000000000111001001000000001010000010001000001000000000000000100111000011
001100011010100010000011000000101000000100011000001000111000000001111100010110100000010011000000000100000001000000000011000000000000001010110000000000000001110000101110000000000110110010000000001001100000001010000000000000000000000000010001
010111101100110010101100000000001010110001110000000000100000000000000101100100000000101000101010000000000000000000000000100010000110000000011111101000001101100000000000000000000000010110000110000100010000001011111110000000000000111000000011
110000110110110100000000000000110000000111100000000000000000001100000000100010000000000000000001000000011101110000010000100100000111110000001001111100000110010000000010110011100000000000000110000100110000111010101110000011000000111000100011
000000101101010000100000000000000000000000000001100000000000010010000000001110000000000000000101110000101110001111010001101000000000000100011011111010100111110000010010000010000000010010000111110010000000010011000000000101100000100100111001
110000001100001000010000100000000000000000011011011000000000010010000000001100000000010000000011110000010001000000010001110000001101111100000110000110011011100000000000100001000000010000000000110000011001000110000000001110010000001110010000
000010101101000000000011110000000110000010000001011000000000001100000000000000001001101000001101000100000001000000110001100000000001100000000101100000001111110000000000000000000000000010001100010011011001000100000000000110001000100011110000
000010000010001100100010000000000101001000100001011000000000000000000100000000110110001010011100011000100000010000110001101100010010001100000011100000101101110000001101001000000100001110000010010000000000001100000000000011010100011000110000
101010000010100010000011111000000011001000000000000110100000000000001100000000000001100110000001111000010011010010000001011100000000000001100001000010101110000000000000111000000010000111000000101100000000000000000000000001011000000000000000
001000100011101100000001010000000001100000100000000010100000001110010100000000100100000000000101001000110000011010110111010000010010000101000001100011000000000000000000110000000000000111000100010100110000000000101000000000011001000000010000
000101010100011000000101000000000000100001110000000000101010111110011000000000011000000111100101001000110011011110000000101100010100000011000010100000000000000000000000011000000011000111000101010111000000010100101000000000000101000001101100
000010011000010000001000100000000001000000001000000000010110100000011100000000000100000110110000100110000001011010000011100011000000000001100000010000000000001110000000110110000101000100000011010100110000001000000000000000000000000000010000
000110000000000000000101000000010001000000000100010110010111000000001100000000010100000000010100010000000001111000000001001000001000000001100000100000011110001001000001101010001010100110000000001000000000000000001101000000001100000000010000
001100000000000110000010011000111000100000001000010000100000011000000000000000010001100000100000110111101000101001110010001000001000010010000110000000101100001111000010000110101001100000010000000000000000000001101000000001000010000000110000
000110000000000001000101000000110000111100001000100010101000011100000000000001111111100000000000010001000100101000000101001111111001110010100000000001100010000110000010100100001000000000101100000000000000000001101000000010000110100111111000
000000000110001010000110001000000000011001010001100010011100000010000010010100100000000001000001110000010101000000000000000100000000110010100000000001100000000100000001010100011010000000000011000000000000000000010000100010000001000111001000
001000000000000100000110000100000000001001110000011100100111111100000001010100010000000011011001111000011100000010000001110000100000100110000000000000100000100001000000011100010010000000100011000000000011011000010111010001110010000000011100
000000000000000000000000000110011011101000000000000011000011111000000100010011100000001001000001110000011100100000000000110000100001100000000000000000111000000000100000100010000001001110111000100100000110110110011111010000000011110110000000
000000111000000000000000000000001111000000000000100110100000000000001000010000000000001000100000000100011100010001101100100000001101100101110000000000010100000000001100111100000110001101100010101000000110000110011100100000000000000110000000
000000011101100000110000000010001010000000000000000111000011000001100000110000000000000001000000001001111100000000010110000001011000000000001100000000101100001010101010111000000000001101011000000000011111000001000000000000000000000000000001
010000011111000100000110000010000011000000000000001000000011000001100000000000000011000000000011011011101100000111010000000001000000001110011100000001000000011010100001000000000000000001001110000000001000000110000000000000000000000110000001
110000000010001100001110000000000011000001100000010000000000000000000110000000000011100001000000010000001100000111110000000100010100001010010000001000010000000010110000000000000000000101101000001110001100100110011000000000000000000000000001
010000000001111110000010000001000011000001010000000110100000000000001110000110000000010001100110110000000000000001011110011000111110000110000000010000010001000000000010000000000000000001000000010000011110000000101001100000000000000011000000
100100000000001000000000000010001100010011010001001110010000011100110100000010110011100110000101000000000001000110101100000001100100000110000000001000010010100100000001010000000000010010000000011110111100000000010001100001100010001110000000
100100000001000110101110000011001100001000011001000100100000010000011000001001000110010010110110000111100011000010100000000001111100000110000000001000000000100010000100010010000000010100000000100000110000101100000000000000000010000000000000
100100000000000100000111011000000001000000110000110000011000001000000000000010000010000110100101000111100110100101110000000000001100000111100000000011000111000001010000000000101100000000000000011110010001100010000000000001110000000000000000
100010000010000001000101011110011100111100000000110110000000011100000100001011000011110010110110001001100001010000000000000000000000000000000000000000000010000000100000000000011100000000000000001011000110100010000000110000100100000000000000
001110000000001000001000101000010010001110000000101011000000110100001110101010000000000000000010000010000000000000000000000000001110001001000100000000000000000000000000000100000110010000000000000110110110000010000001001000001001000000000010
000110000000111000110000011000011010001001000000110000010000111100001010100001000000000000111000000000000000000000000000000000001101100001000010110000000000100000000010010001001010010100010011110011010100000011000001000000000000000000000110
000000000101100000100100001010000000000011010100111010001000000100000010100010000000010000000000000000000000011100001100000000000001100000011001110000000011100001000011100011100000100100011001111001010000000011000000001000000101000000001001
000000011001001010100100001101000000000001101011011000001000001000000010100000010111101111000000000000000000100000010001000011100001000010011011110000001100000001000010000000000000000000011101110001011000111011000001010010100000000110000000
000000000000000100011100001000000100100001100011000000001000010000000011100100100100000001100000000000011100100010110000000011110000100111001010000000001101100010000000110011110000000000000110111000010000000000000000000100000000000101100000
100011110010000000001000000000110101100001100010111100011100011000000000111001100000000000001000000011011000100000000000010100010000011101101100000110010011000000000000111111110001100010000010001100000000000000001111000000100000000011100000
100011001100000000000000001000011001000011100000101100001000011000000000111000100000000000000100000011111101010000011010011011100000000001000011010000110000111010000000000001100011100001100010100000100000001011110001000000100000000000000001
110000000000110000000000000111101110100000110011011100010100000000001000000010100000000000110110000100110000101000111011010000110000000100110001010000000000101000000000000010000000000000000000011000000000111011100001010001001010000011000001
000000000000001000011000000100110000110000000000001000000001000000001000000100100000000000001110100111000000000100100011000000110001000010110000100000000000110000000001000000000000010000000000000000100001100001011010100000100000000011000000
000000000000011000001100000110100000110100011110001010000001110000001001000100101101011001100100100000101000000100010011000000011111000010001000001011000101110000000110110000000100010001000000001100001110101011000011111000100010000000000000
000001110000000000001010001010100000000001101111101010000001000000001101000010111011000011000011000000011000000000001000000000000111000110000000001110000111110000000001000000000001100001000110000000101001000011010100010000000000000000000001
011011010000001010000110001000100000000000000010100010000011000000000000000111011000000000010110000000010000000001000000000000110000001000000000001100000111000001100000000000000000000000000101010110101100000000011100000000110010000000000011
111000000000000100000000000010111000000000000010000010011110111000010000000110000111001010111000000110000000001100001111100001100000001000010000000000000000001011000000000011000000100000000101100000011000000001100000000000000001000000001001
101000110000000110010000001000000100000000000010000100000100000000001000000100000111000010000000001000001100000011000000000011001000010000000111000000000000100010000000000011100001100000000010101100011100000000110000000000010010000000000000
000010010110000000000000000000010100000000000001111000111100000000000100001000001100000001000001100000001100001101110011100111001100010010110000001001000000010110001100000001100000000000000010101000000000000100100000010000001100000010000000
000001000000110000000000000000100010000000011000000001000110000001100000000000011100000001000011100000001100000001111001000000000110010100000000001011100000000011100000011001110100000000000001101011000000000010001000011001101000000010000000
110000000000010111000000000000010001000000001100000001110011100110111111000000110110000000101100100000001000000000000110001010010011000100000000000101100000000010001011100001101100000000000000111110000000000011010111111101100001001000000000
110000000001010100110000000111001101000001101001100001110011100100000000011100001111000001000101100010110000000000000000000010100100000000000111001101100000000000000000000000100100100000000000011101000000011000100011101100000101000100000011
110000100001100100110000000100000100001110000010000000000011100100100000100010001000000000110100000010100011001010000000010000010000000010000101001101110100000000000000000000000000101100000000011000000111001000001100010101100001000100001010
011000101111110000000000000111000001000100000000000000000001101000010000000000000010100000011010100100110100000010000001110110000000000000100000100000001011100011100000000110100000000010000000001011000011110010000001100000001101111100111000
010100000011010001001000111111000001000001110001010000000000011001101000000010000011100000110110011100011011101000000001111110000001100100000001000000010010100000100000100111101000011000000000001000000000001000101001000000000000100000000000
000000110011110100000100100111000000000001000000000000010000110000000110000110000011100000100010001000000001110000000000010000000000011100000101000000000001110000000001011010101000000010100000101000000000000000000000000000000000000000000000
000100111001110110010000000100000010000000000000000000011010010101100010001000000000000001100000010100000011000000000011101100000010001111000100000000111011011000000001111011001000100000110000110100011010000000000000100000000000111100000001
001000110001100100100000011000000010000001100000001100100000001001000010001000000000000000000000000001000100000000000100101100000101000011100000000001100111000000000010100001000000100000001100110100001110001100111001101100000001111010000010
000000110001100001100000000000000010011111000000001101100000001110000000001000000000000000000100000000010101000000001000000000000000000010001100000001110000000000110110111000011000100010010100010110000110001010001000111100000011000001110110
000000000000011101100011000000000001100001000001100000100001100011101010000000000001110000000000111110000000000000000101100000000000000010000110000001110000000011001101100001111100110000000001111001000000000111000110100000100011011000001000
000000000000001110000011000000000010000000000011100000110000001100011000010001011000110000010000000110010000000000000010010000000000000000000000000001100000000000011000100000000100000000000001011100100000000110100110110000011001010010011000
100001000000000110000000100000001101110100000000010000100101000000001100001111000101110000010010010000000000000000000001000100000000000000000000000001100001000011100000010001101000000110000000110000111000000111100010100000000010000101001000
100000110000000110000001110000001101010010000011010101010111111000000100001110000100000000000010000000000010000000110001001110100000000011100000000000101110000000000000001100000000001000000001001100001100011000000000000000110110100110000100
111101000000000110000011110000000101001001000010011011000000000000000011000001000000000000100100000000000100100001001001000001100000000101100000000010000110000000011100000100010000000111000010101100001100000111100000000000010000100000010011
100000000000000000001100010100010000010111000001110000111000000000000001000000110010000001011000000000010000100001001001001010110000000000000000001000001000000000011010000110010000000101100010000010000100100101100000000000000001100111000000
000100000000011110010011000011000000100000000000000000000000001000000000010110000101100001001000110001001110110000001000000000001000000000000000001000000000000000001011011100001000001010000011010101010100001000000000000000000011000000000000
110000000000111100000000010000001011000000111010000000000000000110010000110011110001100110100000110001100011011100110000111000100000000000000000000000100000000000000110000100101000000001011000101101010000011000100000000000100000000111000001
010000000000011000011001011000001010000000110011000000000000001011010000101100000000011000000100100000000000011100000000001110111000000000100000000000011000000000110110101000101010010001100000011110000000000000100000000000110000000011000001
110000111001000011000110101000111110011100010011100000000000000010000011101010010100010100101110001000000011001000110000000111000110000011000000000000011000000000000110100010001101111110100000111000000000000000100000000000010000000001110000
111000000111100000000110010011000110001100001000000000000000001000111111100000001110100000011000001100000001011000000000000011010100000000100001000110111000001000000001010001000100000000000111110000000000000000000001001001000000111110000000
100000000000000000000100001100000000010100011100000010000000000001010001001001001111100100000000001110000001011011000011100000010000011110000000000000000000010010000000010110000000110000001000100111110001100000000001001100001001100000000000
111000000110010000000000001100001110110100010000000111100000000000010110000100000000000010000000110111000000011111000011100000100000111110101000011011001100000010000100100110000000101000001001011111111011111111000010001110000100010111110001
111000000011011000010000011100001000000111101100000000011000100100110100000100101100000110000001011010101000000000000011010001100001100000110000000000000001000011001010110010010001000100000011100000001111011110110011100000000100000001000110
000000100001001000010011100000001010001000010000000010001000100000101100010100101000001110111000111100110000000000011100000001100001111010100000000000000010000000001000110001010000101100110000010110101000000000110000100010000010000000000110
000110000000011000000011100000000000001000000000001110000000010101101000001000010000001111000010100100100110000000011001100001100010001000000110000000000000001000001000100000000000011010000101111110000000000011000000000001011100000001100110
000110101000000000000001100000000001111000000000001100000000010010100100000001010000010001000010001000101001001010001010000001100011101000001110000000000000001000001000100000100010011011000101100000100001110000000000010001001010000001100000
000100011000000000000000000000000010000110000000011011100000010010110000000000000000110001001001101001101001110001000110000001100011011001011000100000000010001000001000000000000010001111110001000100110000110000000000000000000000000000000000
010100000000000011100000000000000010010110000000001111010000001010000000001001000000010000101011000100001000100010000000000000000000011001000110110000000010000000000000000001100010000100001100000010001000010000011000000001100011000000000000
100100011000000101010011000000000001101100000000110101110100001000000000000011001100111000000110100010000110000010000000000000001100000001100110001000101100010000000111000010000010000000000100011000001000001111110100000000000110000000000000
011000101100000000010001010000000000000000000001100000001100001000000000000000001100000000111011100000000011100010001100000000001000000000000000100000100011001110000100100001110000000000110101011110010000000111010100000000000000000000000000
000010101100000010010001010000000000000011100010100000001000011000010000000000010100000001011000100001000000001011001100000000000000000010000000000111001011001000011011000000000100000000110111011000000000000011010110000000000100000000000010
000000001000011000000001001000011000000011000000010000010100000010100000001100110000000010001000000111000001000001000000000000000000101110000010000110010000001100110101000000000100000000111010000000111000000000100000000000001010000000011010
000000010000001001100001100000011010110010000101100001000000001000000000001110010100000001011011000000000001000101100000000000000011001100000110000000010000000001000000000000000001000000000001000001000100000000000000010000010010000000000100
110000000000001001000111100001000000110000011111000000000000001100000000010100001000000000110110000000000001000001001100001100010000000000001100100000000011000001100001000110000000100000000001001001000100000000000100010000110000001000000000
001100001100000110001110000000000000111100100111110000000000110010000000000000000000000000101100011100000001011110010010001010111000000000010111010000011011000001100010001011000000000000000000111011000100011011001011111000110000010110100000
001000100110000000000110000000000000000000011100000000000000000000000000000000000000001000000000010100011000100100001100000001000000000100111111011000100110000000010000001010110111000110000000000101011000000011001000100000000000100111100000
000101000101000001100010000110111101111100001000010000000100001110000000000000000000110000000000100100100000010100000000000000000000010000110000111000100100011000111000000010000000110100000000001111100000010000000000100000001000100001100000
000011000110000001100001000000001101000100000000001000011010100010000111000000010000110000000000000000001000100100000000000000100110010000100000001000001100100000001100000110001111000100000000110000000000110101000110100000011100110110000111
000000001100000000000001000101000010110100000001011100001000101100000110000001000000000000000000010000011000101000010000000000000000000101100000110100010000110000011100000011011001000000000001010100000000100101010010100000101100010110000111
110110001100000000110101000000100000100010011101000100001001011100000111000010100000000000000000001000111000000000010011100000000011000010001100000110000000111000000000001000010001101000000101010000000000100001010001000000000000000000000001
110110000000000000111100100001001110010000011100101000000011000000000000000000100000110000001001111000001000010000100000101100000000000000001111101110000000010011111100000000001000100000000000100000000000000100100000000000000000000000001000
010101000000000000000000000101000100010000010000010000100000000000110000001000000000000000010000010010000110100000000010001100000000000000000000110000001111001011111000000100110100000100000010000001110000100000000000000000000001110000001001
010101100000000000000001000110001100110001100000001000011000000001000100001011100001101011100000000000000110000110100010010001000000000000000000010010011000000001100000011000010100100010100001110000110000001000000000000001100000101000010001
001010111000000000010000000011010000100001100000010100000000000001100010011000111001001111100000010000001000000001010001000011000000000000000100001110000011000000000000101100010000100010100000011000000001010000000000000011000011010000010001
000101111100000001000100000100110000100010011000100001000001100000100010011000011000011111101100010000110000001101010101110000000000000000001110010001001100000000000011001100011000110110000000111000000000000000000000000000011111000000010010
000111011010000000001100000000000010000010011000010111000011100000011001100000100000100000010000000000100000010011000000110000000010000000000000000100000000000000000011010110100000000000001100111000000010000000011000000100011100000000110000
000010100011000010000100110000000010000000110000000001011111111100011111100011100000001000101110010001110000001011000101101010001110000000001100010010001000000000000011000000000000000000011001111100000100100000101110000010000100000000110101
000001100000000010100011010000000000000011100000000001100000011100000011000011100000100001111000011000111000011000000101100110010000000000001010000000000100000000000000110110000000000000011111101010000111101001100010000011111100000010000000
010000100000000000000001100000000010000011000000100001001101001101010001000011100000100010111001000110001000000000010001000110011100000000100010000101111100100000000000011000000001110000001000000000010111000011001010000000101000000100110000
010000010000000011100001000001000000000000000001100100001101001001000000110001100000000011110000010001101100000000100001100000010000000001100010000000000100001110000000010000000000101000000000101000110001111111111100000000000001110100110000
011001000000000000000011110001000000000000000001101000000010010100011000001000111000000000110000010001101000000001000001100000100000000000000000000000001110001100000000000000011000001100100100100111110000100011110000000000000100001100111101
110000001000000000010101001001000010000000000010011000000000000101011000011000011100000001110000000100001001000000000100100001101000000001001100000000001000000011011000000000111000001000001001000011100000110000000000101100001000110010111111
000000000000000000111100010011110001000000000101111111000001000100111000110000000001010101000000000101000101000110110000000001000000010110001100000000000000000001011100000000110000110100000000000001000000100000000100010111100000110100110111
000100001000000000110001001110001010001010000000100110110001100001000001000000011000001110101000000011000100001110110000000000011000011100000000000000100000000001011100000001101000000110000000000010010000000000010100010111100000001100000000
001010001001000000100100101010000110011010000000100110001000000000000010000000001000011000000000000001110110010001000110000000010000001101011000000100011110000001010000000000111110000000111000100001110011000100011000001100000100000000000000