000000000000000000001000100000100000000000000000000010100000000000000111101100000000000000000000000000000001101001111000000000000000100000100000000000000000000101000000000011000110000000010010000000000000000000000000000011000000000000000000
000000000000000000010000011010100000001000000000000100010000000000000000010000000000000000000000000000000001100000100000000000000000010001000000000000000000000010000000000010110000000000000000000000000000000000000000000000000000000000000000
000000000000000000110111010010000000001100000000000100010000000000000000000000000000000000000000000000000001100000110000000000000000001110000000000000000000000001011000000001101000000000101000000000000000000000000000000011000000000000000000
000000000000000000010101010000000000111110000000000100010000000000000000000000000000000000000000000000000000110000000000000000000000000000000000000000000000000011011000000000011000000000010000000000000000000000010000000101111000000000000000
000000000000000000010110001111100000111010000000000010100000000000000000000000000000000000000000000000000000000000000000000000000000000000000000000000000000000000010000000000000000000000000000000000000000000000101000000101011000000000001100
000110000000000000001000001000010010001100000011000001000000000000000000000000000000000000000000000000000000110000000000000011000000000000000000000000000000000100000001000000000000000000000000000000000000000001000100000011000000000000010100
000110000000000000000110010010110010000000000011000000000000010000000000000000000001100000000000000000000000000010000000000011000000000000000000000000000000000011101010000000000000000000000000000010000000000001010100000001011000000000011000
000000000000010000000010001000100000001000000000000000000000101000000000000000000010000000000000000000000000000011000000000000000000000000000000000000000001010000001110110000000000000011000000000001000000000011101110000001001000000000000000
000000000000101000000000001000000001011000000000000000000001101100000000000000000010100010000000000000000000000011000000000000000011000000000000000000000000110000000000111111000001000011000000000111000000010000101101000000110000000000000000
000000000000100000000000000000010001100000000000000000000000001000000000000000000011000010000000000000000000000000000000000000000100100000000000000000000001110001000000001011100010000000000000000000000000101000000100100000000000000000000000
000000000000001100001000000001010000000000001100000000000000000000000000000000000000001000100000000000000000000000000000000000000011000000000000000000000000000110000010101101010001000000000000000000000101000100000100010000000000000000000000
000000000000000000010100000000000000000000001100000000000000001100000010010000000000000110000000000000000000000000000000000000000101000000000000000000001100000011110000101000111000000000000000000000000110011000000100010000000000000000000000
000000000001000000000110000000010000000000000000000000000000000000000000000000000001001000010000000000000000000000000000000000000000000000000000000000001011111000110000110010000110000000000000000000000000000000000100010000000000000000000000
000000000000100000110100000011010000000000000000000000000000000000000100001000000001110010100000000000000000000111000000000000000001100110000000000000000001110000110000100010001111000111000000000000000000000000000010100000000000000000000000
000000000010100001001100001001000000000000000000000000000000000000000100001000000000100010010000000000000000000001100000000000110000100000000000000011000001100111111001000010001001000101100000000000000000000000000001000000000000000000000000
000000000011000001110100000111101000000011100000000000000000000000000000000000001100000000101000110000000000011011000000000001110000000001000000000011000000000000011011000000111100000010110000000000000000000000000100000000000000000000000000
000000000000000001111010000111110000000000000000000000000000001000000010000000010110000000101000110000000000110011000000000000110000011111000000000000000000000000100000000000001011010110100000000000000000000000001010000000000000000000000000
000000000000000000101100000000100000000000000000000000000000111000011100000000010100000000000100000000000001100100000000000000000000000000000000000000000000000000110000001000000110111011000000000000000000000000001010000000000000000000000000
000000000000000010101100000000000000000000001000000000000000001000011010000000010000000000001000000000000001100100000000000000000000000000000000000000000000000000011000011000000001010100000000000000000000000000000100000000000000000000000000
000000000000000110000000000000000000000000010100110000000000000011000000001000001100010000001000000000000011001100000000000000000000000000000000000000000000000000001000110000000001010100000000000000000000000000000000000000000000000000000000
000000000000001000000000000010000000000000010100110000000000000011011111010000001000101000000000000000000011100000000000000000000000000000000000000000000000000011000000000000000000111000000000000000000000000000000000000000000000000000000000
000000000000000010001100000010000000000000001000000000000000001000001001000000000010000000000000000000001100010000000000000000000000000000000000000000000000000011000000101110000000010000000000000000000000000000000000000000000000000000000000
000000000110000110101100000010000000000000000000000000000000111000000010000000000100101100000000101000001101110000000000000000000000000000000000000000000000000000000000000000000000000000000000000000000000000000000000000000000000000000000000
000000000110000000010010000000000000000001100000000000000001000101101100000000000010111000000000110000000000010000000000000000000000000000000000000000110000000000000000000001000000000000000000000000000000000000000000000000000000000000000000
000000000000000000000100000000000000000010100000000000000001000011011000000000001100000000000001000001000101000000000000000000000000000010010000010000110000000000000000001010000000000000000000000000000000000000000000000000000000000000000000
000000000000000000000100000000000000000001000000000000000001101010101000000000000100110000000001100100100000000000000000011100000000000100011101101000000000000001100000000000001100000000000000000000000000000000000000000000000000000110000000
000000000000000000000000000000000000000000000000000000000000010000000000000000000110000000000010010101000001100000000000010100000000000010000000000100000000000001100000000000001100000000000000000000000000000000000000000000000110000110000000
000000000000000000000000001100000000000000000000000000000000000000000000000000000010010011100110100010100000000000000000000100000000000001000110001100000100000000000011000000000000000000000000000000000000000000000000000000000110000000000000
000000000000000000000000000000000000000111000000000000000000000000000000000000000001100100110110001110100000000000111100000000000000000000011000001110000100000000000011001100000000000000000000000000000100000000100000000000000000000000000000
000000000000000000000000001010000000001000100000000000000000000000000000000000000000000100111111111100100000000000101111000000000000001100001110011100000100000000000001100010000000000000000000000000001100000000100000000000000000001100000000
000000000000000000000000100010000000010001100000000000000000000000000000000000000000000100011110110100000000000000111011101100000000010010000111111000000000000000010000010010000000000000000000000000001010000001010000000000000000001100000000
000000000000000000000000101000000000011100011110000000000000000011000000000000000000000010000110000011000000000000000001100010000000010100000000000000000000000000001000100001000000000011100000000000000000000000110000000000000000001100000000
000000000000000000000000111000000000101000010000000000000001000010100000000000000000000001000100000001000000000000000000100010000000001000000000000000000000000000000000010000000000000000000000111000000010000010010000000000000000001100000000
000000000000000011000100000001000001010000010100011000000010100001000000000001000000000000111000000000000000000000000000001100000000000000000000000000000000000000010100010001000000000000000011011000100000000001100000000000000000011000000000
000000000000000011001010000001000001001000111000011000000010100000000000000001000000000000000000000000000000000000000000000000000000000000000011000000000000000000011010000000000000000000000000110001111000000000000000000000000000000000000000
000000000000000000000110000001000010001000000000100000000001000000000000000001000000000000000111000000000000000000000000000000000000000000000100100000000000000000011010000111000110000000000000001000001000000000000000000000000000000000000000
000000000000000000000000000000000010001000000000000000000000000000000000000000000000000000000000000000000000000000000000000000000110000000000011000000000000000000001110001001000000000000000000001101000100000000000000000000000000000000000000
000000000000000000000000000000000010000000000000000000000000000000000000000000000000000000000000000000000000000000000000000000001001000000000000000000000000000000000000001110000000000000000000000101000100000000000000000000000000000000000000
000000000000000000000000000000000010100000000000000000000000000000000000000000000000000000000000000000000000001100000000000000000110000000000000000000100000000000000000010000000000000000000000000110011000000000000000000000000000000000000000
000000110000000000000000000000000100100000000001000000000000000000000000000000000000000000000000000000000000010010000000000000000000000000000000000000100000000000000000001000000000000000000000001001010000000000000000000000000000000000000000
100000110000000000000000010000000101101000000010100000000011100000000000000000000000000000000000000000000000010010000000000000000000000000000000000000100000011000000000001000001110000000000000010000100000000000000000000000000000000000000011
100000000000000000000000101000000011010000000001000000000000100000000000000000000000000000000000000000000000001100000000000000000000000000000000000000000000011110000000000000000000000000000001110011100000000000000000000000000000000000000010
100000000000000000000000100000000111100000000000000000000010000000000000000000000000000000000000000000000000000000000000000000000000000000000000000000000000110110001100000000000000000000000001000010000000000000000000000000000000000000000011
000000000000000000000000000000000111100000000000000000000001101000000000000000000000000000000000000000000000000000000000000000000000000000000000000000000000001001110110000000000000000000000010100100000000000000000000000000000000000000000000
000000000000000000000000000000000111000001110000000000000000101000000000000000000000000000000000000000000000000000000000000000000000000000000000000000010110001110110001000000000000000000000110011000000000000000000000000000000000000000000000
000000000000010100000000000000000000111000000000000000000000000000000000000100000000000000000000000000000000000000000000000000000000000000000000000001100010001110001110000000000000000100001000101000000000000110000000000000000000000000000000
000000000000100000000000000000000011011000000000000000000000000000000000001010000000000000000000111000000000000000000000000000000000000000000000000001100100000000000100000000000000000100001000101100000000000110000000000000000000000000000000
000000000000010000000000000000000011000000000000000000000000000000000000000110000000000000000001000100000000000000000000000000000000000000000000000001000000000000000000000000000000000100000100000100000000000000000000000000000000000000000011
000000000000000100000000010000001110110000000000000000000000000000000000000000000000000000000001000100000000000000001100000000000000111000000000000000000000000000000000000000000000000000000011100011000000000000000000001100000000000000000000
000000011100000100000000010000001100000000000000001110000110000000000000000000000000000000000001000100000000000000010010000000000000000000000000000000000000000000000000000000000000000000000001000110110000000000000000001100000000000000000000
000000101111000011000000000000000000000000000000110110110110000000000000000000000000000000000000111000000000000000001100000000000000000000000000000000000000000000000000000000000000000000000000000111000000000000000000000000000000000000000000
011000100111000000000000000000000000000000000000100111110000000000000000000000000000000000000000000000000000000000000000000000000000000000000000000000000000000000000000000000000000000000001000000000000000000000000000000000000011100000000000
101000010000000000000000000000000000000000000000111000000010000000000000000000000000000000000000000000000000000000000000000000000000000000000000000010000000000000000000000000000000000000011100000000000000000000000000000000000000000000000100
110000000000000000000000000000000000000000000000000000010001000000000000000000000000000000000000000000000000100000000000000000000000000000000000000101000000000000000000000000000110000000111111000000000000000000000000000000000000000000011111
000000000000000000001110000000000000000000000000000000000001000000000000000011000000000000000000000000000001010000000000000000000000000000000000000101000000000000000000000000000011000000110111000000000000000000000000000000000000000000011010
000000000000000000000000000000000000000000000000000000000101000000000000000011000000000000000000000000000001010000000000000000000000000000000000000010000000000000000000000000000100000000011010000000000000000000000000000000000000000000010000
000000000000000000000000000000000010000000000000000000000000000000000000000000000000000010000000000000000000100000000000000011000000000000000000000000000000001000000000000000000000000000000100000000000000000000000000000000000000000000110000
000000000000000000000000011000000001100000000000000000000000000000000000000000000000000101000000000000000000000000000000001000110000000000000000000000000000001000000000000000000000000001000000000000000000000000000000000000000000000000011110
000000000000010000000000100100000010000000000000000000000000000001100000000000000000000101000011100000000000000000000000010000000000000000000000000000000000001000000000000000000000000010100000111000000000000000000000000000000111000000011110
000000000000010000011000011000000000000001000000000000000000000010010000000000001000000010001110110000011000000000000000011010000000000000110000000000000000000000000000000000000000000010110000000000000000000000000000000000001100100001000100
000000000000010000010100000000000000000001000000000000000000000001010000000000001000000000010000010000011000000000000000100000110000110100110000000000000000000000000000000000000000000010001000000000000000000000000000000000011111000010100000
000000000000000000001000000000000000000001000000000000000000000000100000000000001000000000010001010000000000000000000000000111000001000010000000000000000000000000000000000000000000000001101000000000000010000000000000000000000000000000000000
000000000000000000000000000000000101000000000000000000000000000000000000000000000000000000010000100000100000000000000000000010000100000100000000000000000000000000000000000000000000000001100000000000000101000000000000000000000000000011100000
000000000000000000000000000000000101000100000000000000000000000000000000000000000000000000001111100001010000000000000000000000011110000000000000000000000000000000000000000000000000000000000000000000000100100000000000000000000000000000000000
000000000000000000000000000000000111001010000000011100000000000000000000000000000000000000000110000000111110110000000000000000011000010000000000000000000000000011000000000000000000000000000000000000000001100000000000000000000000000000011000
000000000000000000000000000000000000001010000000101110000000000000000000000000000000000000000000011000111100000000000000000000001100010000000000000000000000000011000000000000000000000000000000000000000000000000000000000000001100000000011000
000000000000000000000000000000000000000100000000100010000000000000000000000000000100000000000010110000101011001000000000000000000100000000000000000000000000000000000000000000000000000000000000000000000000001000000000000000011100000000000000
000000000000000000000000000000000000000000000000010100000000000000100000000000001010000000000001100000100001001000000000000000001001000000000000000000000000000000000000000000000000000000000000000000000000001100000000000000000000000000000000
000000000000000000010000000000000000000000000000001010000000110001010000000000010010000000000000000001010000001000000000000000001011000000000000000000000000000000000000000000000000000000000000000000000000011000000000000000000000000000000000
000000000000000001101100000000000000001110000000001011000000110001010000000000001100000000000000000000010000000000000000000000000000000000000000000000000000000000000000000000000000000000000000000000000100011100000000000000000000011100000000
000000001100000001101110110000000000000000000000001000111000000000100000000000000000000000000001011001001100000000000000000000000001010000000000000000000000000111000100000000000000000000000000000010000101000110000000000000000000100000000000
000000001100000011000111001000000000000000000111000000001000000000000000000000000000000000000001000000100000000000000000000000000001100000000000000000000000000000001010000000000000000000000000000110000010000011000000000000000000100100000000
000000000000000011100100011000000000000000000111000000101000000000000000000000000011000000000001100011100100000000000111000000000001100000000000000000000000000000001001000000000000000000000000001000000000000000000000000000000000011000000000
000000000000000000000010011000000000000000000010010000110000000000000000000000000001100000000000001010000000000000000000000000000011000000000000000000000000000000000110000000000000000000000000011100000011100000000000000000000000000000000000
000000000000000000000010000000000000000000000010010000000000000000000000000001100011000000000000001011100100000000001001000000000111000000000000000000000000000000000000000000000000000000000000011100011111010000000000000000000000010000000000
000000000000000001000000000000010000000000000001001000000000000000000011000001100000000000000000000011111010000000000101100001000000000000000000010000000000000000000000000000000000000000000001110100001011110000000000000000001100110000000000
000001000011000001100000000000101000000000000001001000000000000000000011000001110000000000000000000011010111000000000000110010000000000000000001010000000000000000000000000000000000000000000001100011101000000000000000000000001101010000000000
000010100010000000100000000000101000000000000000000000000000000000000010000000010000000000000000000000000011000000111110010001000001100000000001110000000001100000000000000000000000000000000000000001110000000000000000000000001100000011000000
000001100000010000000000000000010000000000000001000000000000000000001010000000000000000000000000000000000000000000000000010000100110110000110001000000000001100000000000000000000000000000000000000000100000000000000000000000000000000011100000
100001100010010000000000000000000000000000000000101100000000000000001100000000000000000000000000000000000000011000000001100000011000011001001000000000000000000000000000000000000000000000000000000000000000000000000000000000000000000000000000
100001000011101000000000000000000000000000000000000010000000000000000000000000000000000000000000000000000000011001011000000000001100101100101000000000000000000000000111000000000000000000000000000000000011000000000001100000000000000000000000
100010011101001100000000000000000000000000000000010100000000000011100000000000000100000000000000000000000000000000010000000000000000010000010000000000000000000000000000000000000000000000000000000000000011000010000001100000000000000000000000
000001000111111000000000000000000000000000000000011100000000000011100000000110001010000000000000000000000000000011111100000000000011100000000000000000000000000000010000000000000000000000000000000001100000000011101000000000000000000000000000
000000110001110000000000000000000000110000001111100000000000000010010000000110001010000000000000000000000111000011000010011000000000000000000000000001110000000000010000000000000000001000000000000011100000000001011000000000000000110100000000
010100001000000000000000000000000000110000001101100000000000000011101000000000000100000000000000000000000001000011010000111000001001000000000000000000001000000000010000000000000000110100000000001110000000000000010000000000000000010100000000
010100001110000111000000000000000000000000000011100000000000001001011010000000000000000000000000000000000010000001000110100000001101000000000000000001000000000000000000001000000000000010000000010100000000000000100000000000000000001000000000
010000000010001001000000011000000000000000000001100000000001000110001100000000000001100000001000000000000000010011111011100000000000000000000000000001000100000000000000111000001111100100000000010000000001000000000000000010000000000000000000
000000010000001100100000010100000000000000000011010000000000001100000000000000000010010000010100000000000000001100111000000000000100000111100000000001101000000000000000100000000100100100000000110010000110110000000000000101000000000000000000
000000100100000100010100000110000000000000000010010000000000000000000000000000000010010000011000000000110000000000000000000000001101011000001000000001110000000000000001100000000001110000000000000111000000100011000000000001100000000000000000
000000000000000010000011111100000000000000000001110000000000000000000000000000000001100000000000000000110000010000000000000000000110100000001000000000100000000000000000101000000000010000000000000100000000100101000000000101100000000000000000
000010000110000010000000011000000000000000000000000000000000000000000000000000000000000000000000000000000001101101110000000000010010001100101000000000000000001100000001011000000000000000000000000000000000000010000000000101100000000000000000
000001000010000010110100010000000000000000000000000000000000000001100000000000000000000000000000000000000001000011110000000000000000000010100000010111100000001100000000111000000000000000000000000011000001100000000000010000000000000000000000
000001000100000000000011100000000000000000000000000000000000000001010000000000000000000000000000000000000011010010000000000000001011000010110000100011000000000000000000111000110000000000100000001000100011100000000000000100010000000000000000
000001011000000000000000000000000000000000000110000000000000000000011000000000000000000000000000000000000000000110000000011000000010000010010000000001000000000000000000011000001000001010010000001010101000100000000000100010000000000000000000
000001110000000000000000000000000000000000001001000000000000000001010000001100000000000000000000000001100000001100000001011010000001000000111000000000000000000000000000001100001000010101100000000000010000011000000000100010000000000000000000
000000000000000000000000000000000000000000000101000000000000000001100000001010000000000000100000000000110001111100000011110000000000000111001000100000000000000000000100010100011000010101100000000000000000101000000000000010100000000000000000
000000000000000000000000000000000000000011000010000000000000000000000000001110000000000000101101010000001001111100000001000010000000000100111000001000000000000000011100011101011000001000000000000000000001001000000000000000100000000000000000
000000000000000000000000000000000000000011100000000000000000000000000000000000000000000001000001010000000001110100000001000000000000000111100100000000000000000000011100010101010011000000000001110000000000010000010011000001000000000000000001
100000000000000000000000000000000000000111011000000000000000000000000000000000000000000000101101000001110000000110000000101000000000100001000000100000000000000000000000001001100011000000000000001000000011000000101001010000000000000000000010
100000000000000000000000000000000000001110101000000000000000011000000000000000000000000000100000000001100000010100000000010000000000110000000000000000000000000000000000010101100011000000000001001000000000000001001000100000000000001000000100
000000000000000000000000000000000000001101001000000000000000011000000000000000000000000000000000000001000000000000000000000011011000100001000000000011100000000011000000011000000010000000000000111000000000000000110000000000000000011100001000
000000000000110000000000000000000000000000010000000000000000000000000000000000000000000000000000000000000000000000000000000000011100010000100011100110010000000011000000000000000011000000000000000000000000000000000000011000000000110100010010
000000000010000000000000000000000000000000000000000000000000000000000000000000000000000000000000000000000000000000000011100000000010001010010001110100101000000000000000000000000000100000000000000000000000001000000000011000000001100000100010
000000000000100000000000000000000000010000001001010000000000000000110000000000000000000000000000000000000000000000000010010101100010000010110100000000101000000000000000000000000111000000000011100000000000010100000000000000000000110101000100
000000110101000000000000000000000000010000001110001000000000000000111000000000000000000010100000000000000000000000000011101000000100000001000100000100000000000000000000000000001100000000001111100000000000100100000000000000000000011100101000
000001111010000000000000000000000000001000000110010000000000111001010100000000000000000000000000000000000000000000000000010011100000000010111101000100000000000000000000000000000000000000001100010000000001100000000000000000000000001000000000
000010001100000000000000000110000000000001111110000000000000011000001100000000000000000010001000001100000000000000000000001101110000000001001000110000000000000110000000000000000010111000001000000000000010001100000000000000000000000000000000
001010101100000000000000000110000000000000110000000000000000011111101000000111000000000000000100001100001000000000010000010000110000100000110000000000000000001001000000000000000011011000000000100000001001000100000000000000000000010000000000
001000000100000000000000000000000000000000000000000000000000001010000000001000100000000001110100000000010100000000100110010011100001100000110000000000000000001110000000000000000010001100000110010011101000111000000000000000000000111000000000
000001011100000000001110000000000000000000000000010111000000000100000000001000100000000010000110000000100010000000111111001111000011000000000000000000000000001010000011100000000001111110000001110011000000000000000000000000000110000000000000
100000100000000011000001000000000000000000000000101000000000000000000000110000111000001110000000000000010010000000011111110110000010000000000000000000000000000000000010100000000000000101100001110010000000000000000000000000000000111000000001
100010000000000011001101000000000000000000000001001011000000000000000001000010011100000010000000000000000000000000000000010110000000000000000000000000000001010100000100010000000000000001100000000000000100000000000110000000000000010010100010
011100000000000000000000000000000000000000000001000100000000000000000001000101011000100010000000110001000000100000000000010010011000000000000000000000000001110001110100001000000000000011100000000000011000000000000110000000000000000110011010
000000000000000000000000000000000000000000000001000010000000000100000001000010011100100000000000110010000011100000000000001100010100000000000000000000000001100000101100000100000000000000000000000110110000000000000000110000000000011000000110
101000000000000000000000000000000000000000000000100001010000000100000000110001001101000000000000001110110011000011000000000000010111100001000000000000000000011111000010000001000000000000000000000010010000000000000000110000000000010100000001
010000000000000000000000000000000000000000000000010000000100000100000000001001000101001000000000000110110000000000000000000000000000100001000000000000000000011010000000110101000000000000000000000000010000000000000000000000000000001100000000
000000000000000000000001110000000000000000000000000001001000000000000000001000000001010100000000100000110100000000000000000000001001000001000000000000000000000000000001010001000000000000000000101000010000000000000000000000000000001110000000
000000000000000000000001110000000000000000000000000000110001110001110000000111000011011100000000010000000000000000000000000000000111000000000000000000000000000000000000000100011000000000100000101100000000000000000000000000000000000100000000
000000000000000000000000000000000000000000000000000000000000000000000000000000000000010000000001100000100110000100000000000000000000000000000000000000000000000000000000001000000100000000110000010000000000000000000000000000000000000011000000
000000000100000000000101000000000000000000000000000000000000000100000000000000000000000000000000010100001101101000000000000000000000000000000000000000000000000000000000100001101100000000000000000011101000000000000000000000000000000001000000
000000000100000000000110000000000000000000000000000000000000000100000000000000000000000000000000000000000000101110000000000000000000000000000000000000000000000000000000100011000010000000000000000001110100000000000000000000000000000110000000
000000000100000000000010000000000000000000000000000000000000000100000000000000000000000000000000000000000011100000000000000000000000000000000000000110000000010110000000000000000000000000000000000000011000000000000000000000000000000000000000
000000000000000000000000000000000000000000000000000000000000000000000000000000000000000000000000000000000000000000000000000000011100000000000000001001000000000001100000000000000000000000000000000000010000000000000000000000000000000000000000
000000000000000000000000000000000000000000000000000000000000000000000000000000000000000000000000000000000000000000000000000000010010000000000000010001000000000000100000000000000101000000000100000000000000000000000000000000000000000000000000
000000000000000000000001000000000000000000000000000000000000100000000000000000000000000000000000000000000000000000000000000000110000000000000000010000000000010001000000000000000001000000001010000000000000000000000000000000000000000000000000
000000000000000000000010100000000000000000000000000000000001001000000000000000000000000000000000000000000000000000000000000001100000000000000000000001000001001110000000000000010000000000001001000000000000000000000000000000000000000000001000
000000000000000000000001100000000000000000000000000000000000100100000000000000000000000000000000000000000000000000000000000011100000100010000000001000010000100000000000000000010100000000000110000000000000000000000000000000000000000000010100
000000000000000000000000000000100000000000000000000000000011000110000000000000000000000000000101011000000000000000000000000011010000001000000000000100001001100000000000000000000000000000000000000000000000000000000001100000000000000000000000
000000000000000000000000000001010000000000000000111000000000110010000000000000000000000000001100111000000000000000000000000001110000111001000000000100000000000000000000000000000000000000000000000000000000000000000001100000000000000000000000
000000000000000000000000000001001000000000000001000111100000101100000000000000000000000000011010000000100100000000000001000001011100011011000000000100001000000000000000000000000000000000000000000000000000000000000000000000000000000000000000
000000000000000000000000000000110000000000000000110101110000000000000000000000000000000000001010000000100000000000000001001111010100001000000000001001111000000000000000000000000000000001000000000000001000000000000000000000000000000000001101
110011100000000000000000000000000000000000000000010011000000000000000000000000000000000000000110000110000001000000000000101011011000001100000000001110000000000000000000010000000000000001110000000000001000000000000000000000000000000000010000
110011100000000000000000000100000000000000000000001011000000000000000000000000000000000000000000000010000000100000000000001000000000000000000000000100000000000000000000101000000000000001000000000000000000000000000000000000000000000000000000
001110000000000000000000001011000000000000000000000000000000000000000000000000000000000000000000000011111101000000000000000111000000000000000000000000000000000000000001101000000000000000000000000000000000000000000000000000000000000000000010
111000000000000000001001000001110000000000000000001000000000000000000000000000000000000000000000000000100010000000000000000011011000000000000000000000000000000000000001001000000000000000000100000010000000000000000000011100000000000000100011
011000000000000000101110000001000000000000000000000010000000000000000000000000000000000000000000000000000000000000000000000000000000000000000000000000000000000000000001001000000000000100010010000010000000000000000000100010000000000000000011
000000000001100000000001000000000000000000000000000100000000000000000000000000000000000000000000000000000000101000000000000000000000000000000000000000000000000000001101010000000000000001011001000010000000000000000000110110000000000000100100
000000000010010001110111000000000000000000010000000000000000000000000000000000000000000000000000000000000000101000000000000000001110000000000000000000100000000000001101000000000000000001011011000000000000000000000000100001000001000000110100
000000000010110000110010000000000000000000110110000000000000000000000000000000000000000000000000000000000001010000000000000000011011000000000000000000100000000000000011000000000000001010000000000000000000000010000000011011000001000000000000
000000000100100000101100000000000000000000010100000000000000000000000011100000000000000000000000000000000000000000000000000000011010100000000000000000000000000000000000000000000000001100010000000000000000000001100000010001000001000000000000
000000010111100000011000000000000000000000000011000000000000000000000000000000000000000000000000000000000001000000000000000000001000100000000000100000000000000000000000000000000000000000001000000000000000000010011000001110000000000000000001
100000100011000000000000000000000000000000000001000000000000000000000000000000000000000000000000000000000000000000000000000000001001000000000000100000000000000000110000000000001100000110011010000000000011000100000100000000000000000000000010
100000011000000000000000000000000000000000000000000000000000000000000000000000000000000000100000000000000000000000000000000001100111000000000000100000000000000010001100000000001100000110000110000000000010100110110111100000000000000000110110
101000001000000110000000000000000100000000000000000000010000000000000000000001110000000001110000000000000000000000000000000000000000000000000000000000000000000010001100110000000000000010000000000000000001000110111011100000000000000001010110
000100000010000011000000000000000010000000000000000000010000000000000000000000000000000011110000000000000000000000000000000010010000000000000000000000000000000010000000110000000000000010000100000000000000000000111110000000000000000000000000
101110000000000110000000000000000111000000000000000000110000000000000000000000000000000110000000000000110000110000000000000110001000000000000000000000000000000001101111100000000000000000111000000000000000000110011010000000000000000000000010
001000000000111100000000000001000111000000000000000000000000000000000000000000000000000010000000001011011000110000000000000001001000000000000000000000000000000000010001000000000000000000000000000000000000000010000101000000000000000000000011
001000000000010000000000000001000111000111100000000000000000000000000000000000000000000000000000110101011000000000000000000000000110000000000000000000000000000000010001000000000000000000000000000000000000001010001110001000000000000000000010
000110000000010000000000000000000011001111101110000000001100000000000000000000000000000000000111111101010000000100001110000001000001000000000111110000000000000000001110000000000000000000100000000000000000000110001010001000000000000000000000
110110000000000000000000000000011011110000010100000000001100000000000000000000000000000000000101000000100000000100000000000001101000100000001000001000000000000000000000000000000000000001000000000000111000000011110000000100000000000000000000
001110000000000000000000000000001100110011100000000000000000000000000000000000000000001110001000000000000000000100000000011111010011100000001000000100000000000000000000000000000001000001100110000001000100000010001100011000000000000000000000
000000000000000001100000000000000000011011100000000000000000000000000000000000000000000000010001100000000000000000000000001000000000000000000110100100000000000000000000000000110010100000000000000010000010000001010100011000000000000000000000
000000000000000010100000000000000001110000000000000000000000000000000000000000000000000000000010100000000000000000000000011000000100000000000000000000000000000000000000000000110010100000000100011111000010000010010001100000000000000000011000
000000010000000011000000000000010001110100000000000011101000000000000001100001000000000000011011000000000000000000000000000100011100000000001000000000000000000000000000000000000001000000000100000110110010000001100000000000000000000000000000
000000010000000000000000000000101001001011000110000011101000000000000010010010100000000000000100000000000000000000000000000001000000000000001000000000000000000000000000000000000000000000000000000000000000000000000000000100000000000000000000
000000000000000000000000000000101000110101100000100000100000000011000010100001100000000000000000000000000000011000000000000000000000000000000000001100000000000000000000000000000000000000000010000100001100000000000000001010000000000010000000
000001110000000000000000000000010000000000110110100000100001000100100001000000000000000000000000000000000000011000000000000000000000000000000000001100000100000000000001000000000000000000000000001100011100000000000000010010000000000010000000
000000000001100000000000000000000000000000111000000000000000110011000000000000000000000000000000010000000000000000010110000000000000000000000000000000001100000000000110110000000000000000000001001010010100000000000000001100000000000000000000
000000000111000000000000000000000000000000010100000000011101110000000000000000000000000000000000010000000000000000110001000000000000000000000000000000001010000000000001011010100000100000000000111011000000000001100000000000000100000000001100
000000100110000000000000000000000000000000110110000000000100101000000000000000000000000000000000010000000000000000010000110000000000000000000000000000000000000001100000001100100000100000000000000011100000000001100000000000001010000000001100
000000100000000000000000000000000000000000100001000000000000010100000000000000000000000000000000000000000000000000001101100000000000000000000000000000000000000011100000001100010000100000000000011000000000000000000000000000000001000000000000
000000000000000000000000000000000000000000010001000000000000011000000000000000000000000000000111000111000000000000000000010000000000000000000000000000000000000010110000001110110000000000000000000000001010000000000000000000110010000000000000
000000000000000000000000000000000000000000010010000000000000001000000000001100000011100000000000000000000000000000001000000000000000000000000000000000000000000001100000000100001000000000000000000000001110000000000000000000100000000000000000
000000000000000000000000000000000000000000001110000000000000000000000000001100000000000000000000010000000000000000110100000000110000000000000000000000000000000000000000000001110000000000000000000000000000000000000000000001001000000000000000
000000000000000000000000000000000000000000000000000000000000000000000000000000000000000000000000010000000000100001000100000000110000000000000000000000000000000000000000000001110000000000000000000000000000000000000000000000111000000000000000
000000000000000000011001100000000000000000000000000000000000000000000000000000000000000000000000010000000010100010000000000000000000000000000000000000000000000000000000000000000000000000000000000000000000000000000000000000110000000000000000
001110000000001111000100010000000000000000000000000000000000000000000000000000000000000000000000000000000010000010000000000000000000000000000000000000000000000000000000000000000000000000000000000000011001000000000000000000000000000000000000
001110000000001111010100100000000000000000000000000000000000000000000000000000000000000000000000000000000010000000000100000110000000000000000000000000000000000000000000000000000000000000000000000001100000000000000000000000000000000000000000
001000000000000000000001000000000000000000000000000000000000001110000000000000000000000000000000000000000001100011011110000110000000000000000000000000000000000000000000000000000000000000000000000011000100010000001100000000000000000001100000
000110000000000000100010000000000000000000000000000000000000001001000000000000000000000000000000000000000010000000001100000000000000000001000000000000000000000000000001110000000000000000000000000000000100010000010010000000000000000010010000
000101100000000000100010010000000000000000000000000000011000100001000000000001000000000000000000000000000011111111111000000000000000000011100000000000000000000000000010011000000000000000000000000000000000100000001010000000000000000001100000
000011100000000000100111001001100000000000000000000000100000001111000000000010100000000000000000000000000001110100100000000000000000000010110000000000000000000000000001001000000000000000000000000001101010000000000100110101000000000000000000
000000000000000100011001001000010000000000000000000000011010000010000000000010100000000000000000000000000000000000000000000000000000000100100000000000000000000000000000111100111000000000000000000000100000000000000000010000010000000000000000
000000000000001010111000011010100000000000000000000000000100000100000110000001000000000000000000000000000000001100000000000000000000000011000000000000000000000000010000010111001000000000000000000000101000000000000000001010010000000000000000
000000000000011100000000000010000000000000000011000000000011000100000101000000000000000000000000000000000000000100000000000000000000000010000000000000000000000000010000001000001000000000000000000000001100000000000000001011001000000000000000
000000000000001011100000000001000000000000000011000000000000000000000101100000000110000000000000000000001000010110000000000000000000000000000000000000000000000000010000000111100000000000000000000000000110000000000000000000000000000000000000
000000000000001011000000000011100000000000000000000000000000000000010111000000001001000000000000000000011100010000000000000000000000000000000000000000000000000000000000000000000000000000000000000000000110000000000000000000000000000000000000
000000000000000111000000000011000000011000000000000000000000000000010110000000000110000000000000000000101010000000000000111000000000000011000000000000000000000000000000001000000000000000000000000000000000000000000000000000000000000000000000
000000000000000000000000000010010000000000000000000000000000000000010000000001100000000000000000000001110111000000000000111000000000000011000000000000000000000000000000000100000000000000000000000000000000000000000000000000000000000000000000
000000010000000000000000110100010000100100000000000000000000000000000000000001100000000000000000000000101010000000011001000100000000000000000000000000000000000000000000001101000000000000000110000000000000000000000000000000000000000000000000
000010001000000000000000110010010000100100000000000000000000011000000000000000000000000000000000000000011100111000110001010110000000000000000000000000000000000000000000000001100000000000000110000000000000000000000000000000000000000000000000
000010010000000000000000000000010001001000000000000000000000011000000000000000000000011000000000000000001000100100000001101110000000000000000000000000000000000000000000000011000000000000000000000000000000000000000000000000001100001000000000
000001100011100000000000000001110000100000000000000000001000000000000000000000000000100100000000000000000000100100000000001001000000000000000000000000000000000000000000000111000000000000000000000000000000000000000000000000000000001100000000
000001110010000000000000000001001111000000000000000000011100000000000000000000000000001000000000000000000000011100000000000011000000000000000000010000000000000000000000000100000000000000000010000000000000000000000000000000011001000110000000
000100010000010000000001110011000111000000000000000000110110000000000000000000000001001000000000000000000000000000000000000010000000010000000000101000000000000000000000000000000000000000001101000000000000000000000000110000011100001100000000
010000010001100000000000010001100101100000000000000001110111000000000000000000000001000000000000000000000000000000000000000000001000101000000000101000000000000000000000000000000000000000001101100000000000000000000001011000000000110000000000
110000100000000000000000100000100011000000000000000000110110000000000000000000000010010000000000000000000000000000000000000000010101110000000000010000000000000000000000000000000000000000001001100010001100000000000001000000001011000000000000
000011000010000000000000000000010000000000000000000000011100000000000000000000001101100000000000000000000000000000000000000000000110000000000000000000000000000000000000000000000000000000000000000111011100000000000000110000001011000000000001
101000000101000000000000000000000000000000000000000000001000000000000000000000010101000000000000000000000110000000000000000000000000000000001100000001100000000000000000000000000000000000110010001010110000000000000000111000001010000000000001
100000001100100000000000000000000000000000000000000000000000000000000000000000001011000000000000000000001001000000000000000000000000000000001100000010010000000000000000000000000001110000001000011101110000000000000000001000000000000000000000
000000001101000000000000000000000000000000000000000000000000000000000000000000000001100000000111000000000110000000000000000000000000000000000000000001100000000000000000000000000000000110000000001010100000000000000000000000000000000000000000
000000000000000000000000000000000000000000000000000000000000000000000010000000000110100000000100100000000000000000000000011000000000000000000000000000000000000000000000000000000010010001000000000111000000000000000000000000000000000000000000
000000000110000000000000000000000000000000000000000000000000000000000010000000000111000000000100010000000000000000000000010000000000000000000000100000000000000000000110001000001001110000100000000010000000000000000000000000000000000000000000
000000000011000000000000000000000000000000000000010000000000000000000010000000000111000000000010010010000000000000000000010010000000000000000001110000000000000000000110001100000110000001000000000000000000000000000000000000000000000000000001
100000000010000000000000000000000000000000000000101111000000000000000000000000000000001000000011010010000000000000000000001100000000000000000010001000000000000000000101111000000000000000000000000000011100000000000000000000011000000000000001
110000000100000000000000000000000000000010000000000101011000000000000000000000000000001100000001100010000000000000000000000000000000000000000111011100000000000000000001110000000000000000000000000000100010000000000000000000011000000000000001
001000000000000000000000000000000000000010000000110000011000000000000000000000000000000100000000000000000000000000011000000000000000000000000100001000000000000000000001000000000000000000000000000000100010000000000000000000000000000000000000
010100000000000000000011000000000000000010000000000000001100000000000000000000000000000010000000000000000000000000011110000000000000000000001110111000000000000000000000000000000000000000000000000011000001100000000000000000000000000000000000
110100000000000001000100100000000000000000000000001000011100000000000000000000000000000001100000000000000000000000010001000000000000000000000100010000000000010000000000000000000000000000000000000100001000010000000000000000000000100000000000
001000000000000011100011000000000000000000000000000010000000000000000000000000000000000000000101000000000000000000000011000001100000000000000011100000000001101100000000000000000000000000000111000100010100010000000000000000000001110000000010
100000000000000100000000000000000000000000000000000000000000011100000000000000000000001010000000001000000000000000000010000010100000000000000001000000000001100100001100000001100000000011000100000100001000010000000000000000000000001110000010
000000000000001100000000000000000000000000000000000000000000011100000000000000000100010010000000001000000000000000000000000011000000000000000000000000000010001000001010000010010000000110000000100011000001100000000000000000000001001101000000
000000000000000100000000000000000000000000000010110000001000100000000000000000000110110000000000001000000000000000000000001100000000000000000000000000000000000000000100000001110000000011100000100000001000000000000000000000000001001101100000
011000000000000011000000000000000000000000000010001100011100100100000000000000001001110110001000100000000000000000000000010100011000000000000000000000000001110000000000000001001000000000100000000000010100000000000000000000000001000101000000
011000000000000001101100000000000000000000000000000100011100000000000000000000011100001001100011100000000000000000000000011000011000000000000000110000000000100000000000000000101000000000001111000000010110000000000000000000000000000010000000
000000000000000001011000000000000010000000000010111100000000000100110000000000101001010111000000000000000000000000000000000000000000000000000011111100000000100000000000000001000110000000000010000000000100000000000000000000000000000000000000
000000000000000000110000000000000010000000000110000000000000000000110000000001001000011001000000000000000000000000000000000000000000110000000100001011000000000000000000000000110110000000000001000000001101000000000000000000000000000000000000
000000000000000000000000000000000010000000000010000000000000010100000000000000000100110100100000000000000000000000000000000000000001001000000100000010000000000000000000000000001000000000000001100011100101100000111000000000000001010000000000
000000000000000000000001000000000000000000001100000000000000100100000111100000000001011010100000000000000000000000001100000000000001001000000100000100000000000000000000000000011011100000000000000001100101000001111000000000000001010000000000
000000000000000000000010100000000000000000010010000000000000011000000000100001100110000000110000000000000000000000010010000000000000110000000010000100000000000000000000000100001000000000000000000000100000000001000000000000000000100000000000
000000000000010000000000010000000000000000001100000000000000000000001000000000000011110000000001100000000000000000001100000111100000000000000000110000000000000000000000001010000110110000000000000000011100000000000000011110000000000000000000
001110000000010000001001011000000000000000000000000000000000000001000100000000000000001000000010010000000000000000000000001000010000000001100000000000000000000000000000001010000010100000000000000000001000000000001011000011011100000000000000
000000000000000000000001110000000000000000000000000000000000000010100100111000011000001000000000010000000000000000000000011000000000000010010000000000000011000010000000000111000000000000000000000000000000000001111001000000000010000000000000
000000000000000000000100100000000000000000000000000000000000000010100010010000100111000000000000110000000000000000000000001000000000000001100000000000000001100100100000000011010000000000000000000000000000000001111001000000000001100000000000
000000000000000000000111000000000000000000000000000000001100000001000110110000011111001000000000110000000000000000000000001000100000000000000000000000000011000100000000000000001000000000000000000000000000000000010000000000010000100000000000
000000000000000000000000000000000000000000000000000000010100000000000010100000101000100000000000110000000000000000000000000101000000010000000000001000000010010010100000000001010000000000000000000000000000111000000001001000001001000000000000
000000000000000000000000000000000000000000000000000000001000000000000001010000010100111100000000110100000000000000000000000000000000101000000000011111000000000000000000000000000000010000000000000000000000000000000001000000000000000000000111
100000000000000000000000000000000000000000000000000000000000000000000001001001011000001000000000000100000000000000000000000000000000101000000100010001000110100000000000000000110000101000000000000000000010000010000000001100000000000000011000
010000000000000010000000000000000000000000000000000000000000000000000000110000000000000000000000100100000000000000000000000000000000010000001010001110100100001100000000000001001000100100000000000000000010000010000000001100000000000001000000
100000000000000010000000000000000000000000000000000000000000000000000000000000000000000100000000111000000000000000000000000000000000000000011000001100001101011000000000000000110000011000000000001100000010000010000000000000000000000011111000
100000000000000010000000000000010000000000000000000000000000011000000000000000000000001010000000000000000000000001100000000000000000000000000100100000110101011000000101000000100000000000000000001100010000010000000000000000000000000011100101
000000000000010000000000000000010000000000000000000000000001111100000000000001110000001010000000000000000000000001100000000000000000000000000100111000011001010000001010100000000000000000000000000000101000101000000000000000000000000000000000
000000000000101000000000000000010000000000000000000000000010000100000000000000100100000100000000000000000000000000000000000000000000000000000100010000011011010000011010110000001100000000000000000000011000100100000000000000000000000000000000
000000000000101000000000000000000000000000110000000000000010010010000000000000100100000010000000000000000000000000000000000000110000000000000100010000100010011001001000100100001100000000000000000000000000011001100001101000000000000000000000
000000000000010000000000000000000000000000110000000000000011000010000000000010010010000011000000000000000000000000000000000000110000000000000010100000000111001001000111000100000000000000000000000000000000000000001101100011000000000001110000
000000000000000011000000000000000010000000000000000000000000111010000000000101000110000101000000000000000000000011100000000000000000000000000001000000000100001111000000000110000000000000000000000000000000000110000011001000000000000010001000
000000000000000011000000000000000101000000000000000000000000000100000000011110000000000010000000000000000000000000000000000000000000000000000000000000000111110000000000000000000000000000000000000000000000000100000000010000000000000010001000
000000000000000000000000000000000110000000000000000000000000000000000000011100000000000000000000000111000000000000000000000000000000000000000110000000000011000000000000100000000000000000000000000000000000000100000000001100000000000010001000
000000000000000000000000000000000000000000000000000000000000000000000000011000000000000000000000000101000000000000000000000000000000000000001001000000000000000000000000000000000000000000000000000000000000000010010000001100000000011001110000
000000000000000000000000000000000000000000000000000000000000000000000000000000000000000000000000000111000000000000000000000000000000000000000110000000000000000000000000000000000000000010000000000000000000000000100000000000000000100100000010
000000000000000000000000000000000000000000000000000000000000000000000000000000000000000000000000000000000000000000000000000000000000000000000000000000000110000000000000110000000000000010000000000000000000000000000000000011000000010100000101
000100000000000000000000000000000000000000000000000000000000000000000000000000000000000000000000000000000000000000000000000000000000000000000000000000000110000000000000000000000010000000000000000000000000000000000000000100100000001000000101
001010000000000000000111000000000000000000000000000000000000000011000000000000000000000000000000000000000000000000000000000000000000000000000000000000000000000000000000000000001101000000000000000000000000000000000000000011000000000000000010
000100000000000000001101100000000000000000000000000000000000000100100000000000000000000000000100000000000000000000000000000000000000000000000000000000000000000000000000000000000001001010000000000000000000000000000011000000000000000000000000
000000000000000000010001000000000000000000000000000000000000000011000000000000000000000000000100000001100000000000000000000000000000001110000000000000000000000000000000000000001010001010001100000000000000000000000011000000000000000000000000
000000000000000000010001000000000011000000000000000000000000000000000000000000000000000000000100000001100000000000000000000000000000010001000000000000000000000000000000000000001100000100010010000000000000000000000000000011100000000000000000
000000000000000000001010000000000011000000000000000000000000000000000000000000000000000000000000000000000000000001000000000000000000100000100000000000000000000000000000000000000000000000011011000000000000110000000000000101010000000000000000
000000000000000000000100000000000000000000000000000000000000000000000000000000000000000000000000000000000000000111000110000000000001000100010000000000000000000000000000000000011000000000011010000000000000110000000000001101010000000000000000
000000000000000000000000000000000000000000000000000000000000000000000111000000000000000000000000000000000000011011000110000000000001001010010000000000000000000000000000000000011001000000001000000000000000000000000000000101100000000000000000
000000000000000000000011000001100000000000000000000001000000000000001000101000000000000000000000000000000000001011001100000000000001000100010000000000000000000011000000000000011001000000000010000000000000000000000000000101000000000000000000