000000000000000000000000010001110000000000000000000100010000000000000100000000000000000000000000000000000001110100001100000000000001100000110000000000000000000100000000000011000110000000000000000000000000000000000000000010000000000000000000
000000000000000000110100000110100000000100000000001000001000000000000100001100000000000000000000000000000001000000001100000000000000010001000000000000000000000000010000000010110010000000000000000000000000000000000000000000100000000000000000
000000000000000000000101010110000000000010000000001000001000000000000001110000000000000000000000000000000001100000010000000000000000010001000000000000000000000000010000000001000000000000111000000000000000000000000000000010000000000000000000
000000000000000000010101010000100001100111000000001000001000000000000000000000000000000000000000000000000000100000000000000000000000001110000000000000000000000010000000000000111000000000000000000000000000000000111000000100011000000000000000
000000000000000000010110000111100001110010000000000100010000000000000000000000000000000000000000000000000000100000000000000000000000000000000000000000000000000100001000000000010000000000000000000000000000000000000000000010000000000000001100
000110000000000000001000100000010001111010000011000011100000000000000000000000000000000000000000000000000000000000000000000011000000000000000000000000000000000100000100000000000000000000000000000000000000000000000000000010111000000000010100
000110000000000000001010100001001000000000000011000000000000111000000000000000000001000000000000000000000000000010000000000011000000000000000000000000000000000000000000000000000000000000000000000000000000000000101000000011011000000000011000
000000000000000000000110010101010000100000000000000000000001000100000000000000000110000000000000000000000000000100000000000000000000000000000000000000000000000011010010110000000000000011000000000001000000000000000000000001001000000000000000
000000000000011000000000001001010001000000000000000000000001000010000000000000000100000000000000000000000000000010000000000000000011000000000000000000000000101100001100010000000000000011000000000101000000111000000000000000110000000000000000
000000000000000000000000000000000001011000000000000000000000100010000000000000000111000001000000000000000000000000000000000000000100100000000000000000000000111000000000010000000000000000000000000011000001001000001100110000000000000000000000
000000000000000000000100000001110000100000001100000000000000010100000000000000000000001001000000000000000000000000000000000000000001100000000000000000000100000010000001000101101001000000000000000000000101100100000000001000000000000000000000
000000000000000000010010000001110000000000001100000000000000000000000000000000000000011000000000000000000000000000000000000000000000000000000000000000001010101000000000101011111110000000000000000000000111000000000000001000000000000000000000
000000000000000000110110000000100000000000000000000000000000000000000000000000000000010001000000000000000000000010000000000000000010000000000000000000001010101010000000000000000001000011000000000000000000000000001000001000000000000000000000
000000000001000001010000000001100000000000000000000000000000000000000000000000000011000100010000000000000000000110100000000000000000010000000000000000000000001111000100011101100011100101100000000000000000000000000000010000000000000000000000
000000000010100001100110000000000000000000000000000000000000000000000000000000000101011010001000000000000000001010100000000000100001001110000000000011000000000001001000010001000011001110010000000000000000000000000000100000000000000000000000
000000000011000000000011000000000000000011100000000000000000000000000000000000001110100001101100110000000000111100000000000011011000110001000000000011000000000010011000100000000011011000011000000000000000000000000000000000000000000000000000
000000000000000000000111000100000000000000000000000000000000001100001100000000110001000000100000110000000000100010000000000000100000000001000000000000000000000001001010000000000011010000110000000000000000000000001011000000000000000000000000
000000000000000000000010000000000000000000000000000000000000010000110100000000110110000000010010000000000000001100000000000000000000001001000000000000000000000001101100011000000010100000100000000000000000000000001010000000000000000000000000
000000000000000101000100000000000000000000001000000000000000000001110000000000000000000000010100000000000000010010000000000000000000000100000000000000000000000000101100100100000010000010000000000000000000000000000100000000000000000000000000
000000000000000001000000000000000000000000010100110000000000000000000101100000010100000000000000000000000000000010000000000000000000000000000000000000000000000001111001100000000000000000000000000000000000000000000000000000000000000000000000
000000000000000000101000000010000000000000010100110000000000000000000100000000010010110000000000000000000000100100000000000000000000000000000000000000000000000011100000100100000000111000000000000000000000000000000000000000000000000000000000
000000000000000000101100000010000000000000001000000000000000000001000000100000001101100100000000000000001000000000000000000000000000000000000000000000000000000011000000000000000000010000000000000000000000000000000000000000000000000000000000
000000000110000101010010000010000000000000000000000000000000100000000011000000001000100010000001110000010010011000000000000000000000000000000000000000000000000000000000000110000000010000000000000000000000000000000000000000000000000000000000
000000000110000010001011000000000000000001100000000000000011000110101100000000001000100000000001010000001000111000000000000000000000000000000000000000110000000000000000000000000000000000000000000000000000000000000000000000000000000000000000
000000000000000000001110000000000000000010100000000000000010000000101100000000001000111100000000001000000100000000000000001000000000000000011000101000110000000000000000000000000000000000000000000000000000000000000000000000000000000000000000
000000000000000000000100000000000000000001000000000000000010011000000000000000001000010000000100000111100001000000000000010110000000000110011001000000000000000001100000000000001100000000000000000000000000000000000000000000000000000110000000
000000000000000000000000000000000000000000000000000000000001011000000000000000000100110011011110000110010001000000000000010110000000000110010100010000000000000001100000000000001100000000000000000000000000000000000000000000000110000110000000
000000000000000000000000000000000000000111000000000000000000000000000000000000000100001111111100010110000000000000010000001100000000000000001000000000000100000000000000000000000000000000000000000000000000000000000000000000000110000000000000
000000000000000000000000000000000000001001000000000000000000000000000000000000000011101000110000000000110000000000110000000000000000000000010000000000000100000000000000011100000000000000000000000000001100000000100000000000000000000000000000
000000000000000000000000000000000000000000110000000000000000000000000000000000000000010001000000000001000000000001110000000000000000001100011000000110000100000000000011011011000000000000000000000000011000000001010000000000000000001100000000
000000000000000000000000001100000000010101100100000000000000000000000000000000000000001000000000000001100000000000110000000000000000010010000010010000000000000000000010000111000000000000000000000000001000000011000000000000000000010010000000
000000000000000000000001101100000000110101000010000000000000000011000000000000000000000110010010000100100000000000010001011110000000010100000010010000000000000000000001001000000000000011100000110000000000000000011000000000000000000000000000
000000000000000000000001101100000001100100110100000000000001000010100000000000000000000001000110000011000000000000000001100110000000001000000001100000000000000000001000110000000000000000000001110000000000000001011000000000000000010100000000
000000000000000011000100010001000010000100001000011000000010100001000000000001000000000001000000000000000000000000000000100000000000000000000000000000000000000000011100000000000000000000000010010001110000000000100000000000000000001000000000
000000000000000011001010000001000000000000111000101000000010100000000000000001000000000000100010000000000000000000000000000000000000000000000011000000000000000000000111000001000000000000000001100100001100000000000000000000000000001000000000
000000000000000000000110000001000000000100111000010000000001000000000000000001000000000000001011000000000000000000000000000000000000000000000100100000000000000000010011000101100000000000000000011001100000000000000000000000000000000000000000
000000000000000000000000000000000000101000000000000000000000000000000000000000000000000000000000000000000000000000000000000000000110000000000011000000000000000000001011010001000000000000000000001000110010000000000000000000000000000000000000
000000000000000000000000000000001000000000000000000000000000000000000000000000000000000000000000000000000000000000000000000000001001000000000000000000000000000000001100010110000000000000000000000001100100000000000000000000000000000000000000
000000000000000000000000000000001001000000000000000000000000000000000000000000000000000000000000000000000000001100000000000000000110000000000000000000100000000000000000100000000000000000000000001000000100000000000000000000000000000000000000
000000110000000000000000000000001100000000000001000000000001100000000000000000000000000000000000000000000000010010000000000000000000000000000000000000100000000000000000011000000000000000000000000001000000000000000000000000000000000000000001
100000110000000000000000000000000000000000000010100000000010100000000000000000000000000000000000000000000000010010000000000000000000000000000000000000100000000000000000000000001110000000000000110000011000000000000000000000000000000000000011
110000000000000000000000110000000000000000000001000000000000000000000000000000000000000000000000000000000000001100000000000000000000000000000000000000000000000000011100000000000000000000000000010010000000000000000000000000000000000000000110
100000000000000000000000000000000000000000000000000000000000010000000000000000000000000000000000000000000000000000000000000000000000000000000000000000000000000000011010000000000000000000000110000011000000000000000000000000000000000000000011
000000000000000000000000000000000000000000000000000000000000000000000000000000000000000000000000000000000000000000000000000000000000000000000000000000000000000000010001000000000000000000000000100000000000000000000000000000000000000000000001
000000000000000000000000000000001100000001110000000000000001100000000000000000000000000000000000000000000000000000000000000000000000000000000000000000111110000000000001000000000000000000001000000100000000000000000000000000000000000000000000
000000000000010000000000000000000110000000000000000000000000000000000000000100000000000000000000111000000000000000000000000000000000000000000000000001111010001110010001000000000000000100001001100000000000000110000000000000000000000000000000
000000000000010000000000000000000000011100000000000000000000000000000000001010000000000000000000000000000000000000000000000000000000000000000000000010010000000110010010000000000000000100001000000100000000000110000000000000000000000000000000
000000000000001000000000000000000000010000000000000000000000000000000000000110000000000000000010000010000000000000000000000000000000000000000000000001000000000000000100000000000000000100001000100110000000000000000000000000000000000000000000
000000000000000000000000000000000100000000000000001110000100000000000000000000000000000000000010000010000000000000001100000000000000111000000000000000000000000000000000000000000000000000000000001001100000000000000000001100000000000000000000
000000010000000100000000000000000100000000000000111110001010000000000000000000000000000000000010000010000000000000010010000000000000000000000000000000000000000000000000000000000000000000000010100010010000000000000000001100000000000000000000
000000110000000000000000000000000000000000000000111000110001000000000000000000000000000000000000000000000000000000001100000000000000000000000000000000000000000000000000000000000000000000001111000011100000000000000000000000000000000000000000
011000000011000000000000000000000000000000000001000110010010000000000000000000000000000000000000111000000000000000000000000000000000000000000000000000000000000000000000000000000000000000011000000011000000000000000000000000000011100000000000
101000000000000000000000000000000000000000000000111110110001000000000000000000000000000000000000000000000000000000000000000000000000000000000000000010000000000000000000000000000010000000011000000000000000000000000000000000000000000000000000
110000000000000000000000000000000000000000000000110110000011100000000000000000000000000000000000000000000000100000000000000000000000000000000000000101000000000000000000000000000011000000000000000000000000000000000000000000000000000000000001
110000000000000000001110000000000000000000000000000000000000100000000000000011000000000000000000000000000001010000000000000000000000000000000000000101000000000000000000000000000101000000000000000000000000000000000000000000000000000000000001
000000000000000000000000000000000000000000000000000000000001000000000000000011000000000000000000000000000001010000000000000000000000000000000000000010000000000000000000000000000000000000011000000000000000000000000000000000000000000000000000
000000000000000000000000000000000011000000000000000000000000000000000000000000000000000010000000000000000000100000000000000001100000000000000000000000000000001000000000000000000000000000111000000000000000000000000000000000000000000000000000
000000000000000000000000011000000011100000000000000000000000000000000000000000000000000101000001100000000000000000000000000011100000000000000000000000000000001000000000000000000000000001111000000000000000000000000000000000000011000000110000
000000000000010000000000100100000011000000000000000000000000000001100000000000000000000101000010110000000000000000000000110000000000000000000000000000000000001000000000000000000000000110010000111000000000000000000000000000001111000001011110
000000000000010000011000011000000000000001000000000000000000000010010000000000001000000010001000000000011000000000000000100100000000000001010000000000000000000000000000000000000000000110101000000000000000000000000000000000010000100001011000
000000000000010000010100000000000000000001000000000000000000000001010000000000001000000000100001011000100000000000000000100010100000010111010000000000000000000000000000000000000000000010100000000000000000000000000000000000010011000010010000
000000000000000000001000000000000000000001000000000000000000000000100000000000001000000000100000010000111000000000000000000000100000010111100000000000000000000000000000000000000000000010100000000000000010000000000000000000001111000010100000
000000000000000000000000000000000000000000000000000000000000000000000000000000000000000000100100110000100000000000000000000100000000000100000000000000000000000000000000000000000000000001110000000000000011000000000000000000000100000010010000
000000000000000000000000000000001101100100000000000000000000000000000000000000000000000000011100100001100000000000000000000010000110000000000000000000000000000000000000000000000000000000100000000000000010100000000000000000000000000001011000
000000000000000000000000000000001101111010000000010100000000000000000000000000000000000000001010001011100000000000000000000000001110000000000000000000000000000011000000000000000000000000000000000000000001100000000000000000000000000000000000
000000000000000000000000000000000010001010000000110111000000000000000000000000000000000000000111001011000110100000000000000000001100000000000000000000000000000011000000000000000000000000000000000000000000000000000000000000000000000000011000
000000000000000000000000000000000000000100000000101011000000000000000000000000000100000000000000001010010110000000000000000000000110000000000000000000000000000000000000000000000000000000000000000000000000001100000000000000010100000000000000
000000000000000000010000000000000000000000000000100000000000000000100000000000001010000000000000110001000111101000000000000000001001000000000000000000000000000000000000000000000000000000000000000000000000001100000000000000001000000000000000
000000000000000000110000000000000000000000000000100000000000110001010000000000010010000000000000100000010000001000000000000000000100000000000000000000000000000000000000000000000000000000000000000000000000000000000000000000000000011000000000
000000000000000000110000000000000000001110000000010000001000110001010000000000001100000000000000000000000000000000000000000000000100100000000000000000000000000000000000000000000000000000000000000000000000000000000000000000000000011100000000
000000001100000000000001110000000000000000000010001100000100000000100000000000000000000000000001100001000100000000000000000000000000000000000000000000000000000111000100000000000000000000000000000110000111000101000000000000000000100100000000
000000001100000000000011001000000000000000000011000000000100000000000000000000000001000000000010010110000100000000000000000000000000000000000000000000000000000000001010000000000000000000000000001001000110000011000000000000000000101100000000
000000000000000001101101100100000000000000000001100001101100000000000000000000000001100000000011011110101000000000000111000000000000000000000000000000000000000000001001000000000000000000000000000110000101000010000000000000000000100100000000
000000000000000001000111111000000000000000000000000000110000000000000000000000000000010000000000100000000000000000000100100000000010000000000000000000000000000000000110000000000000000000000000000000011100000000000000000000000000000000000000
000000000000000001100000000000000000000000000010001000000000000000000000000001000001100000000000000000000000000000000100000000000100000000000000000000000000000000000000000000000000000000000000000011111000110000000000000000000100100000000000
000000000000000001100000000000010000000000000010001000000000000000000010000010000001000000000000000000001000000000000010010000000010000000000000110000000000000000000000000000000000000000000000100101100100010000000000000000001100001000000000
000001000011000010010000000000101000000000000001110000000000000000000101000000100000000000000000000000000010000000010110010011000010100000000011011000000000000000000000000000000000000000000000100110000000100000000000000000010000011000000000
000010100011000001100000000000101000000000000000000000000000000000000010000000100000000000000000000000000000000000100000011011011011110000000011011000000001100000000000000000000000000000000000000010111000000000000000000000001100000000000000
000110000011000000000000000000010000000000000000000000000000000000001010000000000000000000000000000000000000000000010011011000111000011000110011100000000001100000000000000000000000000000000000000001100000000000000000000000000100000010100000
100110111000011100000000000000000000000000000000000000000000000000001100000000000000000000000000000000000000011000100011100000000001001111001000000000000000000000000000000000000000000000000000000000100000000000000000000000000000000001000000
100100011100000100000000000000000000000000000000000010000000000001000000000000000000000000000000000000000000011100011000000000010000110110101000000000000000000000000111000000000000000000000000000000000011000000000001100000000000000000000000
100000001100000110000000000000000000000000000010010110000000000011100000000000000100000000000000000000000000000101100100000000000110011000010000000000000000000000000000000000000000000000000000000000000011000001000001100000000000000000000000
000010000100001100000000000000000000000000000110110110000000000110110000000110001010000000000000000000000011000110000110000000000100100000000000000000110000000000010000000000000000000000000000000001000000000110010000000000000000000000000000
000000110001000100000000000000000000110000001010111000000000001100010000000110001010000000000000000000000101000000000001000000000010100000000000000001010000000000010000000000000000010100000000000001000000000011101100000000000000111000000000
000000000011000011000000000000000000110000001100011000000000000110001000000000000100000000000000000000000001000000001000000000001000000000000000000000010000000000010000000000000000100010000000001100000000000000011000000000000000100000000000
010000011010000100100000000000000000000000000000111000000000000110010000000000000000000000000000000000000000000100000000010000010001000000000000000011100000000000000000010000001000000000000000010100000001000000000000000000000000011000000000
010000000000001000100000011100000000000000000000111000000000000010001000000000000001100000001000000000000000001010001000000000010001000001000000000011000000000000000000010000000001100010000000000001000010110000000000000001000000000000000000
000000000000010000100000110110000000000000000000110000000000000110001000000000000010010000010100000000000000010010001111000000010000100000000000000011000000000000000001110000001000001000000000100001000010010000000000000001000000000000000000
000000000000000000000010000011000000000000000010001000000000000100000000000000000010010000011000000000110000000000011000000000001011100001101000000001110000000000000000000000000000111000000000000001000001110011000000000000100000000000000000
000000000110000001000100100110000000000000000001001000000000000000000000000000000001100000000000000000110001000000110000000000000100000001101000000001110000000000000001100000000000111000000000001100000001100101000000000000100000000000000000
000000000001000101000100011100000000000000000001110000000000000000000000000000000000000000000000000000000001000100110000000000000100100101000000000010000000001100000000001100000000000000000000000010000001100010000000000101110000000000000000
000011001010000010000100011000000000000000000000000000000000000001110000000000000000000000000000000000000010000100110000000000001000100000110000000111000000001100000000001110000000000000000000000011100010110000000000000100100000000000000000
000100011100000000000000010000000000000000000000000000000000000001001000000000000000000000000000000000000001110000000000011000001000000110110000000101000000000000000000000000000000000100000000000010010000110000000000000011000000000000000000
000000000000000000000011100000000000000000000110000000000000000000000100000000000000000000000000000000100000100000000001111100000101000111100000000010000000000000000000000000011100001110000000000011000001100000000000000110000000000000000000
000011001000000000000000000000000000000000001001000000000000000001001000001100000000000000000000000001010000000000000011000010000000000101000000000000000000000000000000000000011100010001010000000000100001101100000000000110000000000000000000
000000110000000000000000000000000000000000000101000000000000000001110000010010000000000000010000000001001001000000000011001100000000001111010100000000000000000000000000110000000110010110100000000000000001101100000000000000000000000000000000
000000000000000000000000000000000000000000000010000000000000000000000000001010000000000001010000000001001011000000000001111000000000001000001100000000000000000000000110110010110000001000000000110000000000101100000001000000000000000000000000
000000000000000000000000000000000000000000010000000000000000000000000000000100000000000010000011000000011000000110000001110000000000011000011100000000000000000000010100010100110001000000000001110000000001110000011000100000000000000000000001
100000000000000000000000000000000000000000001100000000000000000000000000000000000000000001010001000001011000000010000001010000000001011000000000000000000000000000001000110100010001000000000001001100000001000000101000000000000000001000000010
000000000000000000000000000000000000000001101100000000000000011000000000000000000000000000010000000010010000001010000000110000000001000000000000000001100000000000000000110111100110000000000001100100000000000001001011100000000000011100001101
000000000000000000000000000000000000000001101100000000000000011000000000000000000000000000000000000001100000000100000000000000110011000000000000000101100000000011000000011111000100000000000000100100000000000000110000111000000000110110000100
000000000000100000000000000000000000000000000000000000000000000000000000000000000000000000000000000000000000000000000011100001000110000000110000110000010000000011000000000000000111000000000000011000000000000000000000100000000001100110010000
000000000011100000000000000000000000000000000000000000000000000000000000000000000000000000000000000000000000000000000011110000100010001100001101100011110000000000000000000000001000100000000000100000000000001000000000011000000011100000000110
000000000100000000000000000000000000000000000101110000000000000000000000000000000000000000000000000000000000000000000100001100011110000111110100001011000000000000000000000000000001000000000000100000000000000100000000000000000001100000111110
000000000100000000000000000000000000000000010111110000000000010000000000000000000000000000000000000000000000000000000010000100000000000010000100000000000000000000000000000000000000000000000001010000000001000000000000000000000000110000100000
000001000000000000000000000000000000000000000011010000000000010000000000000000000000000000000000000000000000000000000010000010000000000010100111010000000000000000000000000000001110010000010100100000000010000000000000000000000000011110000000
000011100111000000000000000110000000000001100010000000000000000000000110000111000000000001000000001100000000000000000000000110000000000011010111010000000000000110000000000000000011010000001110000000000010000010000000000000000000100100000000
000101000111000000000000000110000000000000000000000000000000000000001100000000000000000001011000001100011100000000000000000100000001100001011000000000000000011001000000000000000110000000001110000001011010000100000000000000000000101000000000
000011000010000000000110000000000000000000000000001010000000000010001000001000100000000010000000000000100010000000000000111000000010110000110000000000000000011011000001000000000110100000000000001110011001001000000000000000000001001000000000
000010000100000000000110000000000000000000000000011010000000000000000000001110010000000010111110000000100010000001110000010000000110100000000000000000000000000011000110110000000001011011000000111100110000111000000000000000000001000000000000
110001000100000011000101000000000000000000000001000010000000000000000000110000000000000100100100000000011100000000010110100000000011000000000000000000000000000000001000110000000001011000100000111111000000000000000000000000000001001000000011
100110110000000011000000000000000000000000000010001010000000000000000010010000000000000011000000000000000000000000000110011000000000000000000000000000000000100001100000111000000000000001110000100001101000000000000101000000000000000001010110
100010000000000000000000000000000000000000000010001101000000000000000010100100100011000000000000110000000001000000000110110111011000000000000000000000000011010101100001000000000000000001100000000010101000000000000100000000000000010100010000
000100000000000000000000000000000000000000000010010010000000000100000010010100000010100000000000101001110000110000000000001100110101100000000000000000000000001100010000000000000000000001000000000100000000000000000000010000000000110001011000
001000000000000000000000000000000000000000000001100000000000000100000000110110111100010000000000011000110110000000000000000000010000100001000000000000000000000101001101101000000000000000000000000100001000000000000001010000000000110000000010
010000000000000000000000100000000000000000000000000000101000000100000000001110011001011000000000011100001101000000000000000000001000010001000000000000000000000011000000101001100000000000000000001001101000000000000000000000000000001000000000
000000000000000000000001010000000000000000000000000001001000000000000000001010000101010100000000000001000010000000000000000000000000100001000000000000000000000000000000000001110000000000000000011100010000000000000000000000000000000000000000
000000000000000000000001000000000000000000000000000000101001110001110000000111000011010000000000011001000001000000000000000000000100100000000000000000000000000000000000000000010000000000110000000000000000000000000000000000000000000101000000
000000000000000000000011100000000000000000000000000000000000000000000000000110000001111000000001001000000000100000000000000000000111000000000000000000000000000000000000000000100010000000110000010001000000000000000000000000000000000101100000
000000000100000000000101000000000000000000000000000000000000000100000000000000000000000000000000100000000001111000000000000000000000000000000000000000000000000000000000000010001010000000000000001000000000000000000000000000000000000101000000
000000000100000000001100000000000000000000000000000000000000000100000000000000000000000000000000000000001100000010000000000000000000000000000000000000000000000000000000000010111110000000000000000000000000000000000000000000000000000010000000
000000000100000000000110000000000000000000000000000000000000000100000000000000000000000000000000000000000011110100000000000000011100000000000000001110000000000010100000000001000000000000000000000000001000000000000000000000000000000000000000
000000000000000000000000000000000000000000000000000000000000000000000000000000000000000000000000000000000001000000000000000000010100000000000000010000000000000010100000000000000000000000000000000000000000000000000000000000000000000000000000
000000000000000000000000000000000000000000000000000000000000000000000000000000000000000000000000000000000000000000000000000000110100000000000000011100000000000000100000000000000000000000000100000000000000000000000000000000000000000000000000
000000000000000000000001000000000000000000000000000000000000100000000000000000000000000000000000000000000000000000000000000000000000000000000000000000000000000001000000000000000100000000001010000000000000000000000000000000000000000000000000
000000000000000000000010100000000000000000000000000000000001111100000000000000000000000000000000000000000000000000000000000000100000000000000000000000000000100001000000000000000100000000001001000000000000000000000000000000000000000000000000
000000000000000000000001100000000000000000000000000000000010000010000000000000000000000000000100000000000000000000000000000000000000000000000000000000000000000110000000000000000000000000000110000000000000000000000000000000000000000000000000
000000000000000000000000000000100000000000000000110110000001000001000000000000000000000000001111010000000000000000000000000000000000010110000000001010000001110000000000000000000000000000000000000000000000000000000001100000000000000000000000
000000000000000000000000000001010000000000000000110110000001000010000000000000000000000000010000101000000000000000000000000000000001100001000000010001000000000000000000000000000000000000000000000000000000000000000001100000000000000000000000
000000000000000000000000000001001000000000000001000000100000101100000000000000000000000000110100010000000000000000000000111000000000000100000000010000101000000000000000000000000000000000000000000000000000000000000000000000000000000000000000
100001000000000000000000000000110000000000000001010000000000000000000000000000000000000000011000100001000000000000000000111100000100000011000000011000001000000000000000000000000000000011000000000000000000000000000000000000000000000000000000
010000100000000000000000000000000000000000000000110100000000000000000000000000000000000000001111000011010001000000000000000100111000000100000000011000001000000000000000110000000000000011100000000000000000000000000000000000000000000000000001
100000000000000000000000000101000000000000000000001110000000000000000000000000000000000000000000000100000000100000000000011110000000000000000000001010100000000000000001001100000000000011000000000000000000000000000000000000000000000000000011
000000000000000000000000000101000000000000000000000100000000000000000000000000000000000000000000000000000000100000000000000100010000000000000000000100000000000000000000000000000000000000000000000000000000000000000000011100000000000000000011
000000000000000000010011000001000000000000000000000000000000000000000000000000000000000000000000000001100001000000000000000001100000000000000000000000000000000000000010000000000000000000000000000010000000000000000000011100000000000000000110
000000000000000000110001000000000000000000000000000000000000000000000000000000000000000000000000000000000100000000000000000000000000000000000000000000000000000000000101011100000000000000000010000010000000000000000001000001000000000000010110
000000000001100000000001100000000000000000010000000000000000000000000000000000000000000000000000000000000000000000000000000000001110000000000000000000000000000000001101000000000000000010000001000010000000000000000001010101000000000000100100
000000000110010000101001100000000000000000101100000000000000000000000000000000000000000000000000000000000001100000000000000000001110000000000000000000000000000000001001100000000000000010000111000000000000000000000000000000000001000000100100
000000001011110000110100000000000000000001000110000000000000000000000000000000000000000000000000000000000000000000000000000000000110000000000000000000000000000000000111000000000000001010100010000000000000000011000000101010100001000000010000
000000000001110000010110000000000000000000110101000000000000000000000011100000000000000000000000000000000000110000000000000000000001000000000000000000000000000000000010000000000000011011000100000000000000000000001000100000100001000000000000
000000011100000000011100000000000000000000000100100000000000000000000000000000000000000000000000000000000000000000000000000000011100110000000000100000000000000000000000000000000000001010011100000000000000000100001000001110000000000000000011
100000000000000000001000000000000000000000000011000000000000000000000000000000000000000000100000000000000000000000000000000000011000100000000000100000000000000000001000000000001100000111010010000000000011000100001000001110000000000000000010
110000100100000010000000000000000000000000000000000000000000000000000000000000000000000001100000000000000000000000000000000000111100100000000000100000000000000001110100000000001100000101110001000000000010101000100001100000000000000000110000
000000010100000011000000000000000000000000000000000000000000000000000000000001110000000011010000000000000000000000000000000011000111000000000000000000000000000101101100000000000000000011010010000000000001000100000000000000000000000000110111
011100001000000001100000000000000000000000000000000000111000000000000000000000000000000110000000000000110000000000000000000100010000000000000000000000000000000100000010110000000000000011010000000000000000000000000000000000000000000000001001
011000000000111001000000000000000000000000000000000000111000000000000000000000000000001100000000001101110000110000000000000001011000000000000000000000000000000001000110000000000000000000000000000000000000000100100000000000000000000000000001
001000000000111010000000000000000000010001100000000000000000000000000000000000000000000110000000001100010000110000000000000111011000000000000001000000000000000000000000000000000000000000011000000000000000000000010011100000000000000000000100
011100000000000000000000000000000000101101110110000000000000000000000000000000000000000000000000000001000000000000000000000001001001000000000100010000000000000000010000000000000000000000000000000000000000000010001111000000000000000000000111
111000000000000000000000000000011000011000100000000000001100000000000000000000000000000000001100001011010000000100001110000000101000000000000000001000000000000000000000000000000000000000000000000000111000000000101100001100000000000000000000
110111000000000000000000000000000000001100010010000000001100000000000000000000000000000000001001011000110000000100000000010000011100100000001000000100000000000000001110000000000000000001100000000001000100000001111100010110000000000000000000
011110000000000000000000000000010110001011111000000000000000000000000000000000000000001110001000000000000000000100000000010001100000100000001011101100000000000000000000000000000001000001100000000001000010000010000110010100000000000000000000
001100000000000001100000000000001101001000100000000000000000000000000000000000000000000000010000010000000000000000000000000001000011100000001100000000000000000000000000000000110010100000000000000001000001000110110110101000000000000000000000
000000000000000010100000000000000011000000000000000001000000000000000000000000000000000000011000100000000000000000000000011100001100000000000000000000000000000000000000000000110010100000000000000000000101000010001100010000000000000000000000
000000000000000011000000000000010011000100100000000010000000000000000001100001000000000000000000000000000000000000000000011100001100000000000000000000000000000000000000000000000001000000000000000101100000000001110000000000000000000000000000
000000000000000000000000000000101101110001110000000000000000000000000010010010100000000000001011000000000000000000000000000000001100000000000000000000000000000000000000000000000000000000000000001110110100000000000000000100000000000000000000
000000000000000000000000000000101000111000111000000000000000000011000010100001100000000000000100000000000000011000000000000000000000000000000000001100000000000000000001000000000000000000000000001000110110000000000000001010000000000000000000
000000110000000000000000000000010000011000001110000000010000011100100001000000000000000000000000000000000000011000010000000000000000000000000000001100001100000000000011110000000000000000000000011010010110000000000000010010000000000000000000
000000000001100000000000000000000000000000000001000000011010111011000000000000000000000000000000010000000000000000101110000000000000000000000000000000011000000000000100010000000000000000000000101011111000000000000000001100000000000000000000
000000000000100000000000000000000000000000001001000000010000101000000000000000000000000000000000010000000000000001000010100000000000000000000000000000000100000000000011000011000000100000000001100110010000000001100000000000000110000000001100
000000000010000000000000000000000000000000110001000000001000111100000000000000000000000000000000010000000000000000101110000000000000000000000000000000000000000001000000000010010000100000000000100001000000000001100000000000000001000000001100
000000000000000000000000000000000000000001001001000000000011110100000000000000000000000000000000000000000000000000001011100000000000000000000000000000000000000110000000000000000000100000000000000001000000000000000000000000110101000000000000
000000000000000000000000000000000000000000101100100000000000110100000000000000000000000000000111000111000000000000000100000000000000000000000000000000000000000010010000001111101000000000000000000000000000000000000000000001011010000000000000
000000000000000000000000000000000000000000110000000000000000011000000000001100000011100000000000000000000000000000100000000000000000000000000000000000000000000001110000000100101100000000000000000000001010000000000000000001000000000000000000
000000000000000000000000000000000000000000001001000000000000000000000000001100000000000000000000010000000000000001000100000000110000000000000000000000000000000000100000000111111000000000000000000000000100000000000000000011010000000000000000
000000000000000000000000000000000000000000001110000000000000000000000000000000000000000000000000010000000000000010001000000000110000000000000000000000000000000000000000000011010000000000000000000000000000000000000000000001101100000000000000
000100000000000110001111100000000000000000000000000000000000000000000000000000000000000000000000010000000010000011100000000000000000000000000000000000000000000000000000000000100000000000000000000000000000000000000000000000010000000000000000
001010000000001001010010010000000000000000000000000000000000000000000000000000000000000000000000000000000110000000000000000000000000000000000000000000000000000000000000000000000000000000000000000000001000000000000000000000000000000000000000
011000000000001000001000100000000000000000000000000000000000001110000000000000000000000000000000000000000000000000000110000110000000000000000000000000000000000000000000000000000000000000000000000010001000000000000000000000000000000000000000
011001000000000110110000100000000000000000000000000000000000010010000000000000000000000000000000000000000111000000000011000110000000000001000000000000000000000000000001100000000000000000000000000010000000000000001100000000000000000001100000
001011000000000000010011000000000000000000000000000000000000000001100000000000000000000000000000000000000110000111111010000000000000000011100000000000000000000000000001101000000000000000000000000001000000000000010011000000000000000010010000
001000100000000001111100010000000000000000000000000000000000010101100000000001000000000000000000000000000111001111110100000000000000000000010000000000000000000000000010001000000000000000000000000000100000000000001011110000000000000001100000
000010100000000010001011001000000000000000000000000000100100010101000000000010100000000000000000000000000001000100110000000000000000000111011000000000000000000000000001000000011000000000000000000001111000000000000110001100000000000000000000
000001000000000011101111000100100000000000000000000000010000001001000000000010100000000000000000000000000000010110000000000000000000001000110000000000000000000000000001100010000100000000000000000001100100000000000000000010100000000000000000
000000000000001011000000111010000000000000000000000000010000000110001111000001000000000000000000000000000000011100000000000000000000000100000000000000000000000000010000010010000100000000000000000000000010000000000000111000010000000000000000
000000000000000001010000001111000000000000000011000000000110000000001001100000000000000000000000000000001000001010000000000000000000000101000000000000000000000000010000000000011000000000000000000000011000000000000000000110010000000000000000
000000000000000000000000000001000000000000000011000000000000000000001110110000000110000000000000000000001000000100000000000000000000000000000000000000000000000000010000001000000000000000000000000000001010000000000000000000000000000000000000
000000000000000000000000000000000000000000000000000000000000000000001011100000001001000000000000000000001000000100000000010000000000000000000000000000000000000000000000000101000000000000000000000000000000000000000000000000000000000000000000
000000000000000110000000000100100000000000000000000000000000000000011000000000000110000000000000000000000000000000000000111000000000000011000000000000000000000000000000000001000000000000000000000000000000000000000000000000000000000000000000
000000000000000010000000010000100000000000000000000000000000000000011000000001100000000000000000000011100001000000010001101110000000000011000000000000000000000000000000001111000000000000000000000000000000000000000000000000000000000000000000
000000000000000000000000100000001000000100000000000000000000000000000000000001100000000000000000000000000000001000101101001110000000000000000000000000000000000000000000001001100000000000000110000000000000000000000000000000000000000000000000
000000111000000000000000100010000101001000000000000000000000011000000000000000000000000000000000000000001010001000101110000010000000000000000000000000000000000000000000000101100000000000000110000000000000000000000000000000000000000000000000
000001111011000000000000010001000110000000000000000000001000011000000000000000000000001000000000000000001010000110010011001000000000000000000000000000000000000000000000001100000000000000000000000000000000000000000000000000000000001100000000
000110010010100000000000000000000100000000000000000000011100000000000000000000000000000100000000000000001001100010000000111101100000000000000000000000000000000000000000001100000000000000000000000000000000000000000000000000000000001010000000
000011111110100000000000110000111000000000000000000000111110000000000000000000000000001100000000000000000000010010000000001100100000000000000000010000000000000000000000000010000000000000000111000000000000000000000000010000110110000011000000
010001001000110000000001010001011000000000000000000001100011000000000000000000000001111000000000000000000000011100000000000101000000000000000000101000000000000000000000000000000000000000001111000000000000000000000000101000110100000010000000
101001001000100000000000010010110010100000000000000011100011100000000000000000000111000000000000000000000000000000000000000000000011001000000000101000000000000000000000000000000000000000010000000010000000000000000001000100001110000000000000
001001010001000000000000000001110011100000000000000001100011000000000000000000001000000000000000000000000000000000000000000000000000010000000000010000000000000000000000000000000000000000011111100010001000000000000011001100011110110000000001
000001100111000000000000000000100001000000000000000000111110000000000000000000001101000000000000000000000000000000000000000000001100010000000000000000000000000000000000000000000000000000010101000010001000000000000001101100000111000000000001
010000000101100000000000000000000000000000000000000000011100000000000000000000010010000000000000000000000110000000000000000000000111000000001100000001100000000000000000000000000000000000111000100000000000000000000000001100000000000000000010
010000000001100000000000000000000000000000000000000000001000000000000000000000001000000000000111000000001001000000000000000000000000000000001100000010010000000000000000000000000001100000000000111000000000000000000000010000000000000000000001
100000001111000000000000000000000000000000000000000000000000000000000000000000001100000000001000100000000110000000000000000000000000000000000000000001100000000000000000000000000001001011000000000000000000000000000000000000000000000000000000
000000001001000000000000000000000000000000000000000000000000000000000010000000000001110000001000010000000000000000000000111000000000000000000000100000000000000000000000000000000011000010100000000010000000000000000000000000000000000000000000
000000000111000000000000000000000000000000000000001100000000000000000010000000001111100000000000001000000000000000000000100000000000000000000001010000000000000000000100001100000000001011100000000010000000000000000000000000000000000000000000
100000000000100000000000000000000000000000000000010011000000000000000010000000000111000000000000000110000000000000000000110100000000000000000011011000000000000000001010000110000010010000000000000010011100000000000000000000000000000000000001
010000000011000000000000000000000000000000000000100001110000000000000000000000000010001100000000010110000000000000000000001100000000000000000001010000000000000000000000001100000011000000000000000000000000000000000000000000011000000000000010
111000000010000000000000000000000000000010000000010101010000000000000000000000000000010000000011100010000000000000000000000000000000000000000010001000000000000000000000000000000000000000000000000000101010000000000000000000011000000000000000
001000000000000000000000000000000000000010000000000000110000000000000000000000000000001001000001000000000000000000000000000000000000000000000111111000000000000000000000000000000000000000000000000000110110000000000000000000000000000000000000
100100000000000001000011000000000000000010000000000000000000000000000000000000000000000001000000000000000000000000111010000000000000000000000100010000000000010000000000000000000000000000000000000011000001100000000000000000000000100000000000
000100000000000010100100100000000000000000000000000000001000000000000000000000000000000001100000000000000000000000000101000000000000000000000010100000000000111100000000000000000000000000000110001001001001001000000000000000000001000000000001
101000000000000000000011000000000000000000000000000000001000001000000000000000000000000010000000000000000000000000000000100001100000000000000110110000000001000100000000000000000000000010000101001010010100101000000000000000000010001100000001
000000000000001000100000000000000000000000000000000000000000010100000000000000000000010110000000001000000000000000000011000010100000000000000010100000000010101100001100000001100000000111000100001000001000001000000000000000000001000111000000
000000000000010000000000000000000000000000000000000000001000110110000000000000001011010000000000011000000000000000000000000011000000000000000001000000000010010000001010000010011000001000100000000000000000000000000000000000000010000010100000
000000000000001000000000000000000000000000000000010100001000000000000000000000001000110001000000000000000000000000000000001100000000000000000000000000000010010000000100000011011000000110100010000000001100000000000000000000000001111000010000
011000000000000111000000000000000000000000000011010100010100000000000000000000000001000101000001010000000000000000000000010100011000000000000000000000000001010000000000000000000100000001111101000000000010000000000000000000000001000100100000
011000000000000010101100000000000000000000000001000010001000000000000000000000000011001101000001010000000000000000000000011000011000000000000000000000000000100000000000000011011100000000001101000000001110000000000000000000000000000111000000
000000000000000000100100000000000010000000000101010100001000000000110000000000010001100001100001100000000000000000000000000000000000000000000011100111000000000000000000000001001100000000000100100000001001000000000000000000000000000000000000
000000000000000000111000000000000010000000001000110100000000000000110000000000011000001101100000000000000000000000000000000000000000110000001000100000000000000000000000000001110000000000000010100001111101100000000000000000000000000000000000
000000000000000000010000000000000010000000001001000000000000011100000010100000000110000110110000000000000000000000000000000000000001001000001000000000000000000000000000000000101000000000000010100010110100010000111000000000000000000000000000
000000000000000000000001100000000000000000011011000000000000000100000000100000000010010000000000000000000000000000001100000000000001001000001010000111000000000000000000000000101000000000000000000010010100100011011000000000000000100000000000
000000000000000000000011010000000000000000010010000000000000011000000110100000001100000101110000000000000000000000010010000100100000110000000000000100000000000000000000000100010011010000000000000001100111000000100000001000000000100000000000
000000000000000000000011011000000000000000001100000000000000000000001010000000000100001000100001100000000000000000001100001000000000000000000000000000000000000000000000001000000010001000000000000000000000000000111111000001001100000000000000
001110000000000000000001001100000000000000000000000000000000000001001110111000000000000000000001011000000000000000000000010000100000000001100000000000000001000000000000000100000110110000000000000000010100000000000110101001010000000000000000
000000000000000000000011111000000000000000000000000000000000000010111011111000011110100000000000111000000000000000000000000001000000000010010000000000000001100000000000000001100000000000000000000000001000000001100100110000001001100000000000
000000000000000000000100100000000000000000000000000000000000000010100000001000101111000000000000001100000000000000000000000010000000000001100000000000000010111001000000000000000000000000000000000000000000000000100000000000000100100000000000
000000000000000000000101000000000000000000000000000000001100000001000000000001110001100000000000000000000000000000000000001100000000000000000000000000000010001001000000000011010000000000000000000000000000000000000000000000000001100000000000
000000000000000000000111000000000000000000000000000000010100000000000000010000000001101100000001010000000000000000000000000000000000010000000000011011000000000110000000000000111000000000000000000000000000111000000000000000000000000000000011
100000000000000000000000000000000000000000000000000000001000000000000101100000101000000010000001011000000000000000000000000000000000101000000000110111000000000000000000000000110000010000000000000000000000000000000000001100000000000000001000
010000000000000000000000000000000000000000000000000000000000000000000011001000011000011100000001000110000000000000000000000000000000101000001000110100100100100000000000000000111000101000000000000000000010000010000000010010000000000000001000
000000000000000010000000000000000000000000000000000000000000000000000000110000010000001100000001000110000000000000000000000000000000010000010100110110000101000000000000000001001000100100000000000000000010000010000000001100000000000000010000
000000000000000010000000000000000000000000000000000000000000000000000000000000000000000100000000101000000000000000000000000000000000000000010100111000100001100000000010000001001000011000000000001100000010000010000000000000000000000011011000
010000000000000010000000000000010000000000000000000000000000000000000000000001110000001010000000111000000000000001100000000000000000000000010011100110100000100000001111100001010000000000000000001100010000010000000000000000000000000000011001
000000000000010000000000000000010000000000000000000000000001001100000000000001110000001011000000000000000000000001100000000000000000000000000000010000010101000000010010010000011000000000000000000000101000101000000000000000000000000000000000
000000000000101000000000000000010000000000000000000000000110001000000000000000000000001000000000000000000000000000000000000000000000000000000000100000001111010000000000000000001100000000000000000000011000100100000001100000000000000000000000
000000000000101000000000000000000000000000110000000000000100001000000000000010000010001001000000000000000000000000000000000000110000000000001000110000011001011001000010000100001100000000000000000000000000010000000011100000000000000001110000
000000000000010000000000000000000000000000110000000000000100001001000000000010000001001101100000000000000000000000000000000000110000000000000100010000010100010000001111100010000000000000000000000000000000010001000100011000000000000000000000
000000000000000011000000000000000010000000000000000000000011000011000000000011100110000101000000000000000000000011100000000000000000000000000000100000001110100000100111001110000000000000000000000000000000000001000110100000000000000100000100
000000000000000011000000000000000101000000000000000000000000000100000000000000000000000010000000000010000000000000000000000000000000000000000111000000001100010001000000000000000000000000000000000000000000001000000010010000000000000000000100
000000000000000000000000000000000110000000000000000000000000001000000000111000000000000000000000000111000000000000000000000000000000000000000111000000000000011100000000000000000000000000000000000000000000001110000000010110000000000000000100
000000000000000000000000000000000000000000000000000000000000000000000000000000000000000000000000001101100000000000000000000000000000000000001001000000000000000000000000000000000000000000000000000000000000000000000000000000000000010000000000
000000000000000000000000000000000000000000000000000000000000000000000000000000000000000000000000000111000000000000000000000000000000000000000110000000000000000000000000000000000000000000000000000000000000000000000000001001000000100000110010
000000000000000000000000000000000000000000000000000000000000000000000000000000000000000000000000000010000000000000000000000000000000000000000000000000000110000000000000000000000000000000000000000000000000000000000000000001000000010110000101
000100000000000000000111000000000000000000000000000000000000000000000000000000000000000000000000000000000000000000000000000000000000000000000000000000000110000000000000000000000110000000000000000000000000000000000000000100100000001000000101
001010000000000000001001100000000000000000000000000000000000000011000000000000000000000000000000000000000000000000000000000000000000000000000000000000000000000000000000000000001101000000000000000000000000000000000000000011000000000000000010
000100000000000000010100100000000000000000000000000000000000000100100000000000000000000000000100000000000000000000000000000000000000001110000000000000000000000000000000000000001001000000000000000000000000000000000011000011000000000000000000
000000000000000000010001100000000000000000000000000000000000000011000000000000000000000000000100000001100000000000000000000000000000010001000000000000000000000000000000000000011010000100001110000000000000000000000011000011100000000000000000
000000000000000000010001000000000011000000000000000000000000000000000000000000000000000000000100000001100000000000000000000000000000010001000000000000000000000000000000000000010010000100011001000000000000000000000000000111100000000000000000
000000000000000000010001000000000011000000000000000000000000000000000000000000000000000000000000000000000000000000000000000000000001100000110000000000000000000000000000000000010100000000000100100000000000110000000000001000010000000000000000
000000000000000000001000000000000000000000000000000000000000000000000111000000000000000000000000000000000000011101100000000000000010000100001000000000000000000000000000000000110100000000010111000000000000110000000000000000000000000000000000
000000000000000000000010000000000000000000000000000000000000000000000111000000000000000000000000000000000000000000000110000000000010001010001000000000000000000000000000000000100000000000001110000000000000000000000000000100100000000000000000
000000000000000000000011000001110000000000000000000011100000000000001000101100000000000000000000000000000001101000000100000000000010000100001000000000000000000011000000000000111100000000001000000000000000000000000000000101000000000000000000