000000000000000000001101000000110000000000000000011000001100000000010011011000000000000000000000000000000111000000001000000000000001000000010000000000000000000000000000000001101001000000000000000000000000000000000000000000100000000000000000
000000000000000000001001000000000000000000000000100001000010000000001011011000000000000000000000000000000110000000010010000000000000000000000000000000000000000000000000000011111011000000000000000000000000000000000000000110000000000000000000
000000000000000000100011101100011000000000000000100010100010000000000000110000000000000000000000000000000010110000001100000000000000010101000000000000000000000000000000000010000010000000111000000000000000000000000000000100000000000000000000
000000000000000000111011001110111001000111000000100001000010000000000000000000000000000000000000000000000010110000000000000000000000001010000000000000000000000000000000000010000000000000000000000000000000000000111000000100010000000000000000
000000000000000000001001011110000110100111000000011000001100011000000000000000000000000000000000000000000001100000000000000000000000000000000000000000000000000000000000000001000100000000000000000000000000000000000000000011000000000000001100
000110000000000000100100001010010010100000000011000100010000000100000000000000000000000000000000000000000000000000000000000011000000000000000000000000000000000110000000000000111000000000000000000000000000000000000000000000000000000000010100
000110000000000000100000110100010001000000000011000100010000100100000000000000000010000000000000000000000000000000000000000011000000000000000000000000000000001001000000011000000000000000000000000000000000011000000000000000000000000000011000
000000000000000000010000001100001000100000000000000011100001110010000000000000001111100000000000000000000000000000000000000000000000000000000000000000000000011101101100101000000000000011000000000000000001111000000000000000001100000000000000
000000000000000000001001111000010000111000000000000000000011100000000000000000011100100000000000000000000000000000000000000000000001000000000000000000000000011011001100101000000000000011000000000000100010100100000000000001000000000000000000
000000000000000000000000011000000000000000000000000000000011100000000000000000001111100000000000000000000000000000000000000000000010100000000000000000000000001010000000000100000000000000000000000010100110010100000000000000000000000000000000
000000000000000000111100000000000000101000001100000000000000000000000000000000000101100000000000000000000000000010000000000000000010010000000000000000000110010011000000100010000000000000000000000001100110010100000000000100000000000000000000
000000000000000000110110000000000000010000001100000000000000000000000000000000000010000000000000000000000000000101000000000000000001100000000000000000000110000011000000000001000110110010100000000000000101011000000000001110000000000000000000
000000000000000000000101000000000000000000000000000000000000000000000000000000000001000000000000000000000000001000100000000000000000000000000000000000000000000000000000101001000000111110100000000000000011100000000000010010000000000000000000
000000000001000001011101000000000000000000000000000000000000000000000000000000000011100000000000000000000000000100100000000001110000000000000000000000000000000000000001100000101001000000100000000000000001000000000000011000000000000000000000
000000000010100001111110000000000000000000000000000000000000000000000000000000000011000000000000000000000000000100100000000010001000000000000000000011000000000000000000000010100000110111001100000000000000000000000000000000000000000000000000
000000000011000000000000000000000000000011100000000000000000000000001100000000110000100000000001100000000000000001000000000010001000110000000000000011000000000000000000000001111000000110000010000000000000000000000001000000000000000000000000
000000000000000000000000000000000000000000000000000000000000000000110010000000000000110000000000000000000000101000000000000010001000110000000000000000000000000011100000011010011100000100001100000000000000000000000000100000000000000000000000
000000000000000000000000000000000000000000000000000000000000000000110110000000010000000000000011100000000000100011000000000001110000000000000000000000000000000000000000011100000000000101111000000000000000000000000011000000000000000000000000
000000000000000000100000000000000000000000001000000000000000000000000001000000000000000000000000000000000000110001000000000000000000000000000000000000000000000010100000000000000000011100100000000000000000000000000010000000000000000000000000
000000000000000000011000000000000000000000010100110000000000000000011101000000000000000000000000000000000000001111000000000000000000000000000000000000000000000001000000000000000000010000100000000000000000000000000000000000000000000000000000
000000000000000000110000000010000000000000010100110000000000000000011000000001000000000000000000000000000000000110000000000000000000000000000000000000000000000000000000000000000000101000000000000000000000000000000000000000000000000000000000
000000000000000000000000000010000000000000001000000000000000000001000000000000001000100000000000111000001111100000000000000000000000000000000000000000000000000000000000000000000000110000000000000000000000000000000000000000000000000000000000
000000000110000000001000100010000000000000000000000000000011000001100000000001010110101000000000000000010111001100000000000000000000000000000000000000000000000000000000000000000000010000000000000000000000000000000000000000000000000000000000
000000000110000000000100010000000000000001100000000000001101001000000000000000100000101100000000100011000100011100000000000000000000000001110000000000110000000000000000000000000000000000000000000000000000000000000000000000000000000000000000
000000000000000000001001100000000000000010010000000000001000011011000100000000000000000000000110010000101000111000000000001110000000000011111000000000110000000000000000000000000000000000000000000000000000000000000000000000000000000000000000
000000000000000000001000000000000000000000111000000000001110001010001000000000000010100000001001000001100000100000000000010010000000000101111000000000000000000001100000000000001100000000000000000000000000000000000000000000000000000110000000
000000000000000000001010000000000000000000111000000000000000000000000000000000000000000000000110001100000000000000000000010001000000000110000000000000000000000001100000001000001100000000000000000000000000000000000000000000000110000110000000
000000000000000000000100000000000000000000000000000000000000000000000000000000000100000000000010000000000000000000000000010010000000000000010000000000000100000000000000001010000000000000000000000000010100000000000000000000000110000000000000
000000000000000000000000000000000000000000000000000000000000000000000000000000000111001110000000000000000000000001001000000000000000000100000000000000000100000000000000000001000000000000000000000000100100000000010000000000000000000000000000
000000000000000000000000001100000000101000000000000000000000000000000000000000000000001110000000000000000000000111001110000110000000001100100001000000000100000000000000001101000000000000000000000000100100000010001000000000000000001000000000
000000000000000000000000001100000000000010000000000000000000000000000000000000000000000010000000000001110000000001001010000110000000010010010001100000000000000000000111000100000000000000000000000001000100000100000100000000000000010100000000
000000000000000000000011000001000010011011100000000000000000000011000000000000000000000001100110000001110000000000000011000110000000010100000000100000000000000000010111000000000000000011100011100000001000000100000100000000000000010100000000
000000000000000000000010000111000100010000100110000000000001000010100000000000000000000010001010000000000000000000000010100000000000001000000110000000000000000000100111001000000000000000000010000000001000000010001000000000000000000100000000
000000000000000011000010110000000010100001110000011000000010100001000000000001000000000001000010000000000000000000000011000000000000000000000000110000000000000001100010000111100000000000000100000000011000000001000000000000000000010010000000
000000000000000011000011100011000001000000110011101000000010100000000000000001000000000000110000000000000000000000000001000000000000000000000110110000000000000000001011100000010000000000000010001111111100000000000000000000000000010100000000
000000000000000000000010000001000000000000110000010000000001000000000000000001000000000000000010000000000000000000000000000000000000000000000100110000000000000000001000010100010000000000000010100000010110000000000000000000000000001000000000
000000000000000000000000000000000000000000000000000000000000000000000000000000000000000000000110000000000000000000000000000000000110000000000011000000000000000000011000111000010000000000000000000000101110000000000000000000000000000000000000
000000000000000000000000000000001000000000000000000000000000000000000000000000000000000000000000000000000000000000000000000000001001000000000000000000000000000000000001000000100000000000000000000000100000000000000000000000000000000000000001
000000000000000000000000000000010100000000000000000000000000000000000000000000000000000000000000000000000000001100000000000000000110000000000000000000100000000000000011111111000000000000000000000000000000000000000000000000000000000000000001
000000110000000000000000000000010100000000000001000000000001100000000000000000000000000000000000000000000000010010000000000000000000000000000000000000100000000000000111111100000000000000000000000000000000000000000000000000000000000000000001
000000110000000000000000000000001000000000000010100000000001100000000000000000000000000000000000000000000000010010000000000000000000000000000000000000100000000000010001000000001110000000000000000000000000000000000000000000000000000000000000
011100000000000000000000000000000000000000000001000000000000000000000000000000000000000000000000000000000000001100000000000000000000000000000000000000000000000000100001000000000000000000000000010010000000000000000000000000000000000000011100
000000000000000000000000000000000000000000000000000000000000000000000000000000000000000000000000000000000000000000000000000000000000000000000000000000001100000000010001000000000000000000000000000000000000000000000000000000000000000000000000
000000000000000000000000000000000100000000000000000000000000000000000000000000000000000000000000000000000000000000000000000000000000000000000000000000001000000000000000010000000000000000000100000000000000000000000000000000000000000000000001
000000000000000000000000000000001010000001110000000000000000000000000000000000000000000000000000000000000000000000000000000000000000000000000000000001101000000000000000010000000000000000000100000000000000000000000000000000000000000000000001
000000000000000000000000000000001011011000000000000000000000000000000000000100000000000000000000111000000000000000000000000000000000000000000000000001011100000000000010010000000000000100001110000000000000000110000000000000000000000000000001
000000000000000000000000000000000100100100000000000000000000000000000000001010000000000000000000000000000000000000000000000000000000000000000000000001000000000000000110000000000000000100000011011000000000000110000000000000000000000000000000
000000000000000000000000000000000000011000000000000111000000000000000000000110000000000000000010000010000000000000000000000000000000000000000000000000000000000000000011000000000000000100000011001001010000000000000000000000000000000000000000
000000000000000000000000000000000000000000000000000000000000000000000000000000000000000000000010000010000000000000001100000000000000111000000000000000000000000000000000000000000000000000000000100000010000000000000000001100000000000000000000
000000110000000000000000000000000000000000000000000101000000000000000000000000000000000000000010000010000000000000010010000000000000000000000000000000000000000000000000000000000000000000000001001000001000000000000000001100000000000000000000
001000110000000000000000000000000000000000000001000010000000000000000000000000000000000000000000000000000000000000001100000000000000000000000000000000000000000000000000000000000000000000000100011000010000000000000000000000000000000000000000
011100000000000000000000000000000000000000000110110000000000000000000000000000000000000000000000111000000000000000000000000000000000000000000000000000000000000000000000000000000001000000000001000001110000000000000000000000000011100000000000
100110000000000000000000000000000000000000000001000001010000010000000000000000000000000000000000000000000000000000000000000000000000000000000000000010000000000000000000000000000001100000000000000000000000000000000000000000000000000000000000
111100000000000000000000000000000000000000000000000001010001110000000000000000000000000000000000000000000000100000000000000000000000000000000000000101000000000000000000000000000010100000000000000000000000000000000000000000000000000000000001
001000000000000000001110000000000000000000000000000000100000100000000000000011000000000000000000000000000001010000000000000000000000000000000000000101000000000000000000000000000000000000000000000000000000000000000000000000000000000000000001
110000000000000000000000000000000001000000000000000000000000000000000000000011000000000000000000000000000001010000000000000000000000000000000000000010000000000000000000000000000000000001000000000000000000000000000000000000000000000000000000
000000000000000000000000000000000010100000000000000000000000000000000000000000000000000011000000110000000000100000000000000000000000000000000000000000000000001000000000000000000000000011000000000000000000000000000000000000000000000000000000
000000000000000000000000011000000100010000000000000000000000000000000000000000000000000000100001001000000000000000000000111100000000000000000000000000000000001000000000000000000000000001000000000000000000000000000000000000000000000000001000
000000000000010000000000100100000010100000000000000000000000000001100000000000000000000000000001000100000000000000000001011000000000000000000000000000000000001000000000000000000000000011000000111000000000000000000000000000000000100010100100
000000000000010000011000011000000001000001000000000000000000000010010000000000001000000011010001100010100000000000000001011001000000000000000000000000000000000000000000000000000000000001000000000000000000000000000000000000000100010111000000
000000000000010000010100000000000000000001000000000000000000000001010000000000001000000000110101100001100000000000000000100000000000000000000000000000000000000000000000000000000000000001000000000000000110000000000000000000000101100100101100
000000000000000000001000000000000000000001000000000000000000000000100000000000001000000000110111001010000000000000000000000000000000001100000000000000000000000000000000000000000000000000100000000000000110000000000000000000001001000101011000
000000000000000000000000000000000000001000000000000000000000000000000000000000000000000000111000111101000000000000000000000000000000000010000000000000000000000000000000000000000000000001010000000000001001000000000000000000000000000100001000
000000000000000000000000000000001100111100000000000000000000000000000000000000000000000000000011000100000000000000000000000000000000000000000000000000000000000000000000000000000000000001011000000000000110100000000000000000000000000010001000
000000000000000000000000000000001010100010000000000000000000000000000000000000000000000000000101011100001000000000000000000000000000000000000000000000000000000011000000000000000000000000110000000000000110100000000000000000000000000010010000
000000000000000000000000000000001100001010000000000000000000000000000000000000000000000000000000010100010100110000000000000000000000000000000000000000000000000011000000000000000000000000000000000000000001000000000000000000000000000000100000
000000000000000000000000000000000010101100000000000000000000000000000000000000000100000000000000001010101100001000000000000000000000000000000000000000000000000000000000000000000000000000000000000000000000001100000000000000000000000000000000
000000000000000000000000000000000000001100000000000000000000000000100000000000001010000000000000001101010000001000000000000000000100000000000000000000000000000000000000000000000000000000000000000000000000001100000000000000000000000000000000
000000000000000000000000000000000000000000000000000000000001010001010000000000010010000000000000000100000010110000000000000000011000000000000000000000000000000000000000000000000000000000000000000000000000000000000000000000000000000000000000
000000000000000000001000000000000000001110000000001100001100010001010000000000001100000000000000000000000001000000000000000000001100000000000000000000000000000000000000000000000000000000000000000000000110000000000000000000000000010011000000
000000001100000000000000000000000000000000000000001100001000000000100000000000000000000000000010000110000000000000000111000000000000000000000000000000000000000111000100000000000000000000000000000110001001000000000000000000000000000000000000
000000001100000000000000000000000000000000000100000000001000000000000000000000000001100000000101111110000000000000000100100000000000000000000000000000000000000000001010000000000000000000000000001001000111000010100000000000000001011001000000
000000000000000000000000000000000000000000000111000000100011000000000000000000000001011000000000111001000000000000000000000000000000000000000000000000000000000000001001000000000000000000000000000100000011100001100000000000000001011010000000
000000000000000000100000001100000000000000000010000001000000000000000000000000000000011000000100010000000000000000000010100000000000000000000000000000000000000000000110000000000000000000000000000100000001110001000000000000000000000000000000
000000000000000000000000000000000000000000000001000000100100000000000000000000000001011000000011100000000000000000000001000000000000100000000000000000000000000000000000000000000000000000000000000000000011011000000000000000001100100000000000
000000000001000000000000000000010000000000000000000000010000000000000000000000000001100000000000100000000000000000000000101000000001010000000010011000000000000000000000000000000000000000000000000000000000000000000000000000110100100100000000
000000000011100101000000000000101000000000000000100000000000000000000001100000000000000000000000000000000000000000000001101001000010001000001110011100000000000000000000000000000000000000000000000100000000000000000000000000110000011000000000
000001101100000001000000000000101000000000000001110000000000000000001100100000000000000000000000000000000000000000000001001100110001010000110100011000000001100000000000000000000000000000000000001010000000000000000000000000110100000000000000
000000000101000000000000000000010000000000000001100000000000000000001000100000000000000000000000000000000000000000000000000001101000100001000010111000000001100000000000000000000000000000000000000110000000000000000000000000001100000000000000
100000001111101010000000000000000000000000000001100000000000000010001011000000000000000000000000000000000000000100000000000001001000000000100000100000000000000000000000000000000000000000000000000000000000000000000000000000000000000000000000
110111000010000000000000000000000000000000000010100000000000000110001100000000000000000000000000000000000000001000000000000000000100000000001000000000000000000000000111000000000000000000000000000000000011000000000001100000000000000000000001
000111100000000000000000000000000000000000000000110000000000001000001000000000000100000000000000000000000001010001000000000000011101010000000000000000011000000000000000000000000000000000000000000000000011000000011001100000000000000000000000
000001110011000000000000000000000000000000000111100000000000001100000000000110001010000000000000000000000010011000000000000000000000000000000000000000111000000000010000000000000000000000000000000000000000000000111000000000000000100000000000
000000111010010000000000000000000000110000000101000000000000000000000000000110001010000000000000000000000000110101000000000000000000010000000000000001000100000000010000000000000000000000000000000010000000000000100100000000000001000000000000
000000011000011000000000011000000000110000000011000000000000000000000000000000000100000000000000000000000000000010000000000000001100100000000000000000011000000000010000000000000000000000000000000010000000100001111110000000000000100000000000
000000001011001100100000010100000000000000000110000000000000000001010000000000000000000000000000000000000000000100000000000000101100100000000000000010011000000000000000110000000000000000000000000001000011100000111000000000000000000000000000
000000000000000101011000110000000000000000000010100000000000000010100000000000000001100000001000000000000000001010000000000000000001010000000000000011000000000000000000111000000000001000000000000000000010000000000000000000000000000000000000
000000000000000110110000011000000000000000000010100000000000000100110000000000000010010000010100000000000000000100000000000000000001011001100000000000000000000000000001001000000000111100000000000010000100000010000000000001100000000000000000
000000000000000000000001001101110000000000000000000000000000000100000000000000000010010000011000000000110000000000000000000000000000001010010000000000000000000000000000010000000001000100000000000000000000111101000000000010110000000000000000
000000000111000000000010100100100000000000000000000000000000000100010000000000000001100000000000000000110000000000000000000000010001011000100000000000000000000000000000010000000001001100000000000000000111111101000000000110000000000000000000
000001000111000000000100100111000000000000000001011000000000000000001000000000000000000000000000000000000111000000110000000000111011010000000000001100000000001100000000000000000000000100000000000101000011111110000000000010000000000000000000
000100100001000000000010110100000000000000000000001000000000000011000100000000000000000000000000000000000100010000110000000000100010000001000000010010000000001100000000011000000000100100000000000111000000000000000000000000000000000000000000
000100100000000000000001100100000000000000000100010000000000000000000010000000000000000000000000000000000000110000000000000000001100001010000000001010000000000000000000001000000000100000000000001101100000000000000000000000000000000000000000
000100100000000000000001011000000000000000000100100000000000000000010010000000000000000000000000000001000110000000000000000110000000000000000000000100000000000000000000000000110110000000000000000111110000001100000000000000000000000000000000
000011100000000000000000110000000000000000001001000000000000000000000010001100000000000000000000000001110010000000000000001001000000000001000000000000000000000000000001100001000111000111000000000011100000010010000000000000000000000000000000
000010100000000000000000000000000000000000011101100000000000000011000100010010000000000000000000000010110101000000000000011011000000000110000100000000000000000000000000010001111101010001000000000001000000011100000000000000000000000000000000
000001100000000000000000000000000000000000011101100000000000000010001000001010000000000001010000000001110000000011000000101000000000000110000010000000000000000000000100100000010010001000000001110000000000011000000000000000000000001000000010
000000000000000000000000000000000000000000010011100000000000000001110000000100000000000010010011000000100000000011000000101000000001100011011010000000000000000000000100000010100101000100000110100000000000011100000011000000000000011000001111
100000000000000000000000000000000000000000000011000000000000000000000000000000000000000001010011000000100000000000100001001000000000010000011100000001000000000000000110000010010101000000000111010000000000001000110111100000000000101100000000
010000000000000000000000000000000000000000101110000000000000011000000000000000000000000000000000000001010000000011000000000000000001100000001000000110110000000000000000001100000011000000000000001001000000000001000000010000000000100000001000
010000000000000000000000000000000000000000111100000000000000011000000000000000000000000000000000000001010000000011000000100000110000000000000000000110001000000011000000000111100100100000000000011110000000000000100011100000000011110111000000
000000000000100000000000000000000000000000101000000000000000000000000000000000000000000000000000000000100000000000000110010000000000000000001100111001001000000011000000000110000011100000000000000000000000000000110111000000000100101001000000
000000000000110000000000000000000000000000000000000000000000000000000000000000000000000000000000000000000000000000001110011100010000000000110110110011010000000000000000000000010011100000000000100100000000000000000000000000001101100010000100
000000000000110000000000000000000000000000001000011000000000000000000000000000000000000000000000000000000000000000010000001000000000000000110101100000000000000000000000000000001111000000000000101000000000000000000000000000000010011000000001
000001100000000000000000000000000000000000000110011000000000000000000000000000000000000000000000000000000000000000001110001000100000000000010001000000000000000100000000000000001010000000000001110000000000000000000000000000000000110010011110
000010110000000000000000000000000000000000000000000000000000000000000100000000000000000000000000000000000000000000000100000000100000001000001000100000000000001110000000000000001010000000000011100000010000000000000000000000000000111101001000
000000101000100000000000000110000000000000000000000000000000000000001010000110000000000000100000001100000000000000000000011000100001110110001001000000000000011001000000000000000000000000000000100010001000000000000000000000000001001010000000
101000000000100000000000000110000000000000000000011000000000000000010010000110000000000001011000001100011100000000000000100000000110100011000001000000000000011001100001100000000000010000001001100111000100001110000000000000000000100100000000
101000110000000000000000000000000000000000000000000001000000000000001100001010000000000100001100000000001000000000111001100100001010001111100110000000000000111010100000110000000000011000000111000100000100010010000000000000000000011000000001
000000111000000000000000000000000000000000000001100001000000000000000000001100000000001000101010000000000000000001101110100010000101101000101000000000000000000010110001100000000000011000000101000011111000100110000000000000000000010100000001
000000000010000011000000000000000000000000000001110100100000000000000000000000000000000100110100000000000100000001100011011000010000110000000000000000000000001110110001000000000000001110000001110010001000000000000000000000000000001100000000
000100011100000011000000000000000000000000000111000010100000000000000001100000000010000011000000100000011100000000011001000110101100000000000000000000000000001110111010001000000000000111010000000000100000111000000000000000000000001100000000
000000110000000000000000000000000000000000000110000000100000000000000010000000110111110000000001100001100000000000001110001000001100000000000000000000000000101000011110010000000000000110010000000000100000000000000000000000000000001001001000
000001000000000000000000000000000000000000000100001000000000000100000001000000110000011000000010000001111000000000000110011011011000000000000000000000000000100000101010010000000000000001000000000100000000000000000000000000000000110001100100
000000000000000000000000000000000000000000000000001011010000000100000001000000000001000100000001100000000100000000000001011000000000000001000000000000000000011111111101100000000000000000000000110000000000000000000000000000000000110001101000
000000000000000000000000000000000000000000000000000111111000000100000000100000000000011100000000110000000101000000000000000000000000000001000000000000000000001100010001100000010000000000000000000000101000000000000000000000000000000000110000
000000000000000000000000000000000000000000000000000001101100000000000000000000000000001100000000000000001101100000000000000000000001110001000000000000000000000001000000000000111000000000000001000010110000000000000000000000000000000001100000
000000000000000000000001000000000000000000000000000000111001110001110000001000110100101100000000110000000100000000000000000000000011010000000000000000000000000000000000000000000000000000110000101000110000000000000000000000000000000111100000
000000000000000000000001000000000000000000000000000000010000000000000000000110000001101100000000011000000001100000000000000000000001000000000000000000000000000000000000000000110110000000110000010000000000000000000000000000000000001000010000
000000000100000000000010000000000000000000000000000000000000000100000000000000000001011000000000000000000000000000000000000000001101100000000000000000000000000000000000000001100001000000000000000000000000000000000000000000000000001001100000
000000000100000000010011000000000000000000000000000000000000000100000000000000000000110000000000000000000100000000000000000000011000000000000000000100000000000000000000000001000100000000000000000000000000000000000000000000000000000111100000
000000000100000000010011000000000000000000000000000000000000000100000000000000000000000000000000000000000101110000000000000000010000000000000000011011000000000000000000000000000010000000000000000000000000000000000000000000000000000010000000
000000000000000000001010000000000000000000000000000000000000000000000000000000000000000000000000000000000100000000000000000000100000000000000000111110000000000000000000000000000000000000000000000000000000000000000000000000000000000000000000
000000000000000000000000000000000000000000000000000000000000000000000000000000000000000000000000000000000000000000000000000001110100000000000000110110000000000001100000000000111000000000000100000000000000000000000000000000000000000000000000
000000000000000000000001000000000000000000000000000000000000000110000000000000000000000000000000000000000000000000000000000000000000000000000000001000000000000010110000000000000000000000001010000000000000000000000000000000000000000000000000
000000000000000000000010100000000000000000000000000000000101000101000000000000000000000000000000000000000000000000000000000000000000000000000000000000000000100010100000000000000000000000001001000000000000000000000000000000000000000000000000
000000000000000000000001100000000000000000000000000000000000100100100000000000000000000000000000110000000000000000000000000000000000000000000000000000000001010001000000000000000000000000000110000000000000000000000000000000000000000000000000
000000000000000000000000000000100000000000000001000000000000110100100000000000000000000000111000110000000000000000000000000000000000001110000000010000000000000000000000000000000000000000000000000000000000000000000001100000000000000000000000
000000000000000000000000000011010000000000000010000000000100111101100000000000000000000001111000000000000000000000000000000000000000000001000000101000000001110000000000000000000000000000000000000000000000000000000001100000000000000000000000
000000000000000000000000000011011000000000000100100010000011101110000000000000000000000010000100000001000000000000000000111000000000011001000001101100010100000000000000000000000000000001000000000000000000000000000000000000000000000000000000
000000000000000000000000000011000000000000000010000110000000000000000000000000000000000001100100000110000000000000000001110000111000001101100001101100100100000000000000010000000000000010100000000000000000000000000000000000000000000000000000
000000000000000000000000000000100000000000000001100111000000000000000000000000000000000000110100000111000000000000000000000001101000000010000000100100010100000000000000001100000000000100010000000000000000000000000000001000000000000000000000
000000000000000000000000000011100000000000000000110001000000000000000000000000000000000000001000000000000001100000000000000000110000000000000000101000000000000000000000101100000000000010100000000000000000000000000000011100000000000000000000
000000000000000000000000000011100000000000000000010001000000000000000000000000000000000000000000000000000001100000000000000000110000000000000000000000000000000000000100100000000000000001000000000000000000000000000000011100000000000000000000
000000000001000000100010000000000000000000000000010010000000000000000000000000000000000000000000000000000000000000000000000001100000000000000000000000000000000000001000010100000000000000000000000010000000000000000000000000000000000000000000
000000000001100001101101000000000000000000000000000100000000000000000000000000000000000000000000000000000000000000000000000000000110000000000000000000000000000000010000010010000000000000000000000010000000000000000000001000000000000000010000
000000000010110011010000000000000000000000000000000000000000000000000000000000000000000000000000000000000000000000000000000000000110000000000000000000000000000000000010000100000000000000000001000010000000000000000001111010000000000000100000
000000000000011101110001000000000000000000000000000000000000000000000000000000000000000000000000000000000000000000000000000000000001100000000000000000000000000000000001111000000000010001111111100000000000000000000001110011100001000000100000
000000000000001100100000100000000000000000010000000000000000000000000000000000000000000000000000000000000000000000000000000000000001100000000000000000000000000000001100110000000000010001111100000000000000000000000000000101100001000000000000
100000000000011000100101100000000000000000000000000000000000000000000011100000000000000000000000000000000000000000000000000000000001100000000000000000000000000000000001100000000000100000010101100000000000000000011000000110000001000000000001
100000111000000000001000000000000000000000001001000000000000000000000000000000000000000000000000000000000000000000000000000000000000000000000000100000000000000000000011000000000000110010101000100000000000000000100100000110000000000000000100
010000000110000000001010000000000000000000000111000000000000000000000000000000000000000001000000000000000000000000000000000001110010000000000000100000000000000011000010000000001100110110001001000000000011000110011000001010000000000000001000
010000000110000110001100000000000000000000000011000000000000000000000000000000000000000101000000000000000000000000000000000000000101100000000000100000000000000100001110000000001100010011000000000000000010011100000000001110000000000001101110
111000110110001001001000000000000000000000000000000000010000000000000000000001110000001000000000000001100000000000000000000110000100100000000000000000000000000010001000000000000000001101111010000000000001111000000000000100000000000000101110
000000001000001001011000000000000000000000000000000000101000000000000000000000000000011000000000000011010000000000000000000100010011100000000000000000000000000001100000000000000000000000000100000000000000110000000000000000000000000000010000
000000000000110000010000000000000000001011100000000000101100000000000000000000000000111000000000000100010000110000000000000100100000000000000000000000000000000000111001000000000000000011100000000000000000000000000000000000000000000000000000
100000000000110011100000000000000000010001100000000000100000000000000000000000000000010010000000000011000000110000000000000110000000000000000000000000000000000000010010000000000000000000100000000000011000000000000000000000000000000000001111
100000000000000001000000000000000000010011101000000000100100000000000000000000000000001100000000000001000000000000000000000111000100000000000000010000000000000000001000000000000000000000000000000000110000000000000000010110000000000000001101
100000000000000000000000000000000100001001000110000000010000000000000000000000000000001100001100000000000000000100001110000011001100000000000000101000000000000000000000000000000000000000000000000000000000000001110000000101000000000000001101
000000000000000000000000000000000100000011100100000000001000000000000000000000000000000010011000000000000000000100000000000000001000000000001110000100000000000000001010000000000000000001100000000010000000000111110000110001000000000000000010
000000000000000000000000000000000100101111101000000000000000000000000000000000000000001100001000000000000000000100000000001000000000110000010001010100000000000000000100000000000001000001100000000110001000001001000000100001000000000000000000
000000000000000001100000000000001000000000111000000000000000000000000000000000000000000011010000000000000000000000000000111000111000110000010000001000000000000000000000000000110010100000000000000100000000001010000011000010000000000000000000
000000000000000010100000000000001000000100011000000000000000000000000000000000000000000000110000000000000000000000000000000011101000000000010010000000000000000000000000000000110010100000000000001100000000001000010100000000000000000000000000
000000000000000011000000000000000000111110000000000000000000000000000001100001000000000000000000000000000000000000000000100111100100000000000100000000000000000000000000000000000001000000000000000010110000000110010000001000000000000000000000
000000000000000000000000000000000000000000000100000000000000001100000010010010100000000000000000000000000000000000000000011110000000000000000000000000000000000000000011100000000000000000000000000000000000000000011100000100000000000000000000
000000000000000000000000000000000000000000111000000000000001110101100010100001100000000000000000000000000000011000000000000000000000000000000000001100011000000000000011100000000000000000000000000110110100000000000000001010000000000000000000
000000000000000000000000000000010010000000000000000000110110010101100001000000000000000000000000000000000000011000000000000000000000000000000000001100110000000000000000000000000000000000000001011011101010000000000000010010000000000000000000
000000000001100000000000000000001000000000010000000001001111000101100000000000000000000000000000010000000000000000000101000000000000000000000000000000001000000000000000000000000000000000000001001000011010000000000000001100000000000000000000
000000000001100000000000000000000000000001100000000001110000001001100000000000000000000000000000010000000000000000000100100000000000000000000000000000000000000011000000000011000000100000000010010000000100000001100000000000000110000000001100
000000000000000000000000000000000000000001100000000000000000000010000000000000000000000000000000010000000000000000000100100000000000000000000000000000000000000101000000000100011000100000000000000000010000000001100000000000100001000000001100
000000000000000000000000000000000000000011100000000000000000000000000000000000000000000000000000000000000000000000001110110000000000000000000000000000000000000100100000000100011111100000000000000000000000000000000000000000000100000000000000
000000000000000000000000000000000000000011000001100000000000111000000000000000000000000000000111000111000000000000001100100000000000000000000000000000000000000110110000001100000010000000000000000000000000000000000000000010001000000000000000
000000000000000000000000000000000000000001111100100000000000100100000000001100000011100000000000000000000000000000000111000000000000000000000000000000000000000010001000000100011011000000000000000000000000000000000000000100100000000000000000
000000000000000000000000000000000000000000111000100000000000111000000000001100000000000000000000010000000000000001000000000000110000000000000000000000000000000001001000000000111110000000000000000000000000000000000000000101000000000000000000
000000000000000000001000100000000000000000001000000000000000001000000000000000000000000000000000010000000000000110100000000000110000000000000000000000000000000000110000000000000100000000000000000000000000000000000000000111110000000000000000
000000000000000000110110110000000000000000000011000000000000000100000000000000000000000000000000010000001110000000100000000000000000000000000000000000000000000000000000000000000000000000000000000000000000000000000000000011000100000000000000
000000000000001001010100010000000000000000000100000000000000000100000000000000000000000000000000000000001001000000110111000000000000000000000000000000000000000000000000100000000000000000000000000000000000000000000000000000111000000000000000
000000000000001011001010110000000000000000000000000000000000011011000000000000000000000000000000000000000001000111010110100110000000000011000000000000000000000000000001010000000000000000000000000000000000000000001100000000000000000000000000
000000000000001000111110100000000000000000000000000000000000011011000000000000000000000000000000000000001011000011000000100110000000000101100000000000000000000000000000001000000000000000000000000011000000000000010010000000000000000001100000
000001110000000100111100000000000000000000000000000000000000010011000000000000000000000000000000000000000101000001100010100000000000000101000000000000000000000000000100010000000000000000000000000011000000000000010011110000000000000010010000
000000000000000100101110000000000000000000000000000000000000000000000000000001000000000000000000000000000000110001111001000000000000000000011000000000000000000000000000100000000000000000000000000000000000000000010001011000000000000001100000
000001010000000011000000010000000000000000000000000000011000011100000000000010100000000000000000000000000001011000011110000000000000010001001000000000000000000000000000100000000000000000000000000000000000000000001101000110000000000000000000
000000100000000000000000010000000000000000000000000000100100011010001111000010100000000000000000000000000000000000000000000000000000011001000000000000000000000000000010100000001100000000000000000000000000000000000001000110100000000000000000
000000000000000001010000000000000000000000000000000000011000000110110000110001000000000000000000000000000000000100000000000000000000001000000000000000000000000000010001100000001100000000000000000000000000000000000001000100110000000000000000
000000000000000110100011111000000000000000000011000000000000000000100000011000000000000000000000000000001000010000000000000000000000000111000000000000000000000000010000000000000000000000000000000000000000000000000000100001100000000000000000
000000000000000110000111111000000000000000000011000000000000000000011000101100000110000000000000000000001000011011000000111000000000000010000000000000000000000000010000000000000000000000000000000000000000000000000000001111000000000000000000
000000000000000000001111100000000000000000000000000000000000000000000011111000001001000000000000000000001000001010000011000000000000000000000000000000000000000000000000000111000000000000000000000000000000000000000000000110000000000000000000
000000000000000001000000000000000000000000000000000000000000000000000000100000000110000000000000000000000000000100000011011000000000000011000000000000000000000000000000011100100000000000000000000000000000000000000000000000000000000000000000
000000000000000110000000000000000000000000000000000000000000000000000000000001100000000000000000000011100000000000000100101100000000000011000000000000000000000000000000100111000000000000000000000000000000000000000000000000000000000000000000
000001001000000000000000110000001100000000000000000000001000000000000000000001100000000000000000000000000000000000111001010011000000000000000000000000000000000000000000011000000000000000000110000000000000000000000000000000000000000000000000
000010000100000000000000110000000010000000000000000000011100011000000000000000000000000000000000000000000100000001001000001010000000000000000000000000000000000000000000001110000000000000001001000000000000000000000000000000000000001110000000
000100101011000000000000000000100000000000000000000000101010011000000000000000000000000000000000000000001001000010100110101001000000000000000000000000000000000000000000001110000000000000000111000000000000000000000000000000000000001001000000
001111000111000000000000000000010010000000000000000000100010110000000000000000000000000000000000000000001010100110100001100000100000000000000000000000000000000000000000001110000000000000001000100000000000000000000000000000100000001000000000
001111000011000000000000000011010100000000000000000011000001100000000000000000000000001010000000000000000111001000100000011111100000000000000000010000000000000000000000000000000000000000001110100000000000000000000000110001100000000110100000
111011000000000000000000000011010000000000000000000100001000010000000000000000000000011010000000000000000011000100000000000110000010000000000000101000000000000000000000000000000000000000010000110000000000000000000000011111010000000001000000
000000000000000000000000000010001011000000000000001110010100111000000000000000000000100100000000000000000000110100000000000000000101000000000000101000000000000000000000000000000000000000100010110010000000000000000011000100000000000000000000
000010100000000000000000000000000010110000000000000100001000010000000000000000010000110000000000000000000000001000000000000000001001011000000000010000000000000000000000000000000000000000000000111010000000000000000011100000000001100000000000
000010000000000000000000000001110010010000000000000011000001100000000000000000101110100000000011000000000000000000000000000000001000000000000000000000000000000000000000000000000000000000000000011010000000000000000000001010000010010000000000
000010010000000000000000000000000000100000000000000000100010000000000000000001000111000000000110000000000110000000000000000000001001100000001100000001100000000000000000000000000000000000000001011000000000000000000001100010000001100000000000
000000000000000000000000000000000000000000000000000000101010000000000000000000000100000000000010000000001001000000000000000000000101000000001100000010010000000000000000000000000000000000011101001000000000000000000000100000000000000000000000
000000000011100000000000000000000000000000000000000000011100000000000000000000010110000000000000110000000110000000000000110000000010000000000001110001100000000000000000000000000111000000000000110000000000000000000000000000000000000000000000
000000001010010000000000000000000000000000000000000000001000000000000010000000010110010000000000000000000000000000000001001000000000000000000000000000000000000000000000000110000110000001110000000010000000000000000000000000000000000000000000
000000000110000000000000000000000000000000000000000001000000000000000010000000001100010000000001110100000000000000000011101100000000000000000001010000000000000000000000000101001100110010110000000010000000000000000000000000000000000000000000
000000000100100000000000000000000000000000000000110010100000000000000010000000000000000000000000110000000000000000000001101100000000000000000001010000000000000000000000000001000100100011000000000010001000000000000000000000000000000000000000
000000000010100000000000000000000000000000000000110010010000000000000000000000000000011100000001000011000000000000000000110100000000000000000001101000000000000000000000000101000011000000000000000000010100000000000000000000011000000000000000
000000000011000000000000000000000000000010000000000011010000000000000000000000000000011110000001010000000000000000000000011000000000000000000010100100000000000000000000000110000000000000000000000000010100000000000000000000011000000000000000
000000000000000000000000000000000000000010000000000011111100000000000000000000000000001110000001000000000000000000010000000000000000000000001000000100000000010000000000000000000000000000000000000000001000000000000000000000000000000000000000
000000000000000000000011000000000000000010000000000000000000000000000000000000000000000010000000000000000000000000101010000000000000000000001001010000000000101100000000000000000000000000001100000100100010010000000000000000000000000000000000
011000000000000011100100100000000000000000000000000000000000011100000000000000000000000000000000000000000000000000100011000000000000000000000101100000000001001100000000000000100000000111010010000100000100010000000000000000000001100000000001
011000000000000000000011000000000000000000000000000000000000011100000000000000000000001001000000000000000000000000011101000001100000000000000010100000000001110010000000000001010000001001010010000100001000010000000000000000000001111111000001
111000000000000000000000000000000000000000000000000000000000100010000000000000000000000001000000000000000000000000000000000010100000000000000010100000001111111110001100000010001000001000000010000001000010000000000000000000000111111000100000
000000000000011000000000000000000000000000000001000000011100110110000000000000000001000000100000010100000000000000000000000011000000000000000000000000001000010000001010000010001100011011000010000000111111000000000000000000000101000010000000
000000000000011000100000000000000000000000000010100001000010000000000000000000000001000010100001010100000000000000000000001100000000000000000011100000001101000100000100000110111100001010000110000000011100000000000000000000000000000000001000
011000000000000001001000000000000000000000000000000010000010000000000000000000000001001100110001110000000000000000000000010100011000000000000001000000000010000100000000000010011010000110011000000000001100000000000000000000000101001100001000
011000000000000000000110000000000000000000000011100100000010000000000000000000000001001000000010010000000000000000000000011000011000000000000001000010000010001000000000000011100000000011000000110000001110000000000000000000000000010000010000
000000000000000001100000000000000010000000000000000111101100000000110000000000000001000101000001000000000000000000000000000000000000000000000100110011000000100000000000000000100000000000000000010000000110000000100000000000000000001000100000
000000000000000001100010000000000010000000000000000110000000000101110011100000000000001111000001000000000000000000000000000000000000110000011000000000000000000000000000000000001100000000000000010011000000000000110000000000000000000011000000
000000000000000001001010100000000010000000011000000000000000000010000011100000000000100010000000000000000000000000000000000000000001001000010000000000000000000000000000000000010110000000000100100110000000000000111000000000000000000000000000
000000000000000000111001000000000000000000100100000000000000000100000100010000000000011001000000100000000000000000001100000000000001001000010100000000000000000000000000000000010010000000000011000111000000000000001110000000000000000000000000
000000000000000000000001000100000000000000010011000000000000000000001001100000011000001001000001010000000000000000010010000000000000110000000000000000000000000000000000000000010000000000000000000010010000000000000110000000000000000000000000
000000000000000000000000100110000000000000001001000000000000000000011000110000000000001101000011010000000000000000001100000000000000000000000000000000000000000000000000000000001001000000000000000001100000000001000010000000000000000000000000
001110000000000000000000010001000000000000001110000000000000000001000010011000011100000000100001011000000000000000000000000000000000000001100000000000000001110000000000000000000101000000000000000000100000000010001100000000101001100000000000
000000000000000000000000000110000000000000000000000000000000000010010110011111000000000000000000110000000000000000000000000010000000000010010000000000000010110000000000000000000000000000000000000000000000000010001100111000011001100000000000
000000000000000000001000000100000000000000000000000000000000000010110110111111000000010000000000000100000000000000000000000001000000000001100000000000000000001000000000000000000000000000000000000000000000000001000000100000011000010000000000
000000000000000000010101100000000000000000000000000000001100000001110110000010010000010000000000011000000000000000000000000010000000000000000000000000000000011010000000000000000000000000000000000000000000000000000000000000000000100000000011
100000000000000000001111000000000000000000000000000000010100000000000111011000001111110000000001000000000000000000000000000000000000010000000000111000000000001010000000000000001100000000000000000000000000111000000000000000000000000000000110
100000000000000000000111000000000000000000000000000000001000000000000111011000000101100000000001100000000000000000000000000000000000101000001000111000000000000100000000000000100100010000000000000000000000000000000000001100000000000000000010
000000000000000000000010000000000000000000000000000000000000000000000010010000000000110000000000000000000000000000000000000000000000101000011100000101000000000000000000000001110001101000000000000000000010000010000000010010000000000000010111
000000000000000010000000000000000000000000000000000000000000000000000010010000011100001100000000000000000000000000000000000000000000010000010100000101101000100000000000000000010011100100000000000000000010000010000000001100000000000001100000
000000000000000010000000000000000000000000000000000000000000000000000001100000000100000100000000010000000000000000000000000000000000000000111000000011111100010000000000000011101100011000000000001100000010000010000000000000000000000000101000
000000000000000010000000000000010000000000000000000000000000000000000000000001001000000000000000101000000000000001100000000000000000000000010100100000100000000000000000000010001000000000000000001100010000111000000000000000000000000000010000
000000000000010000000000000000010000000000000000000000000110011000000000000000111000000000000000110000000000000001100000000000000000000000011111100000100000000000000000000000001000000000000000000000101001000100000000000000000000000000100000
000000000000101000000000000000010000000000000000000000011011000000000000000010000000000000000000000000000000000000000000000000000000000000000100000000011101000100000000000000101000000000000000000000011010000010000010000000000000000000100000
000000000000101000000000000000000000000000110000000000010010000000000000000000000000000000000000000000000000000000000000000000110000000000000000000000001100011000000000011000000000000000000000000000000001000100001101000000000000000001110000
000000000000010000000000000000000000000000110000000000010010000000000000001110000000000011000000000010000000000000000000000000110000000000000000011000010000000000000000100110000000000000000000000000000000111000000001111000000000000000000000
000000000000000011000000000000000010000000000000000000001100000000000000000000100000000100100000000010000000000011100000000000000000000000000000000000000010000000000000000001000000000000000000000000000000000000000000000100000000000000000100
000000000000000011000000000000000101000000000000000000000000000000000000010111000000000000100000000010000000000000000000000000000000000000000000000000000010000000000000011011000000000000000000000000000000001000001001010100000000000000000100
000000000000000000000000000000000110000000000000000000000000000000000000110110000000000111000000000000000000000000000000000000000000000000011000000000000000011000000000000100000000000000000000000000000000010000000100010000000000000000001000
000000000000000000000000000000000000000000000000000000000000000000000000000000000000000000000000111000111000000000000000000000000000000000001111100000000000011000000000000000000000000000000000000000000000011100000011100000000000000000001010
000000000000000000000010000000000000000000000000000000000000000000000000000000000000000000000000000000000000000000000000000000000000000000000111000000000000000000000000000000000100000000000000000000000000000000000000000000100000101000001001
000000000000000000000111100000000000000000000000000000000000000000000000000000000000000000000000000010000000000000000000000000000000000000000010000000000110000000000000000000001010000000000000000000000000000000000000000001010000101000001001
000100000000000000000010010000000000000000000000000000000000000000000000000000000000000000000000000010000000000000000000000000000000000000000000000000000110000000000000000000001010000000000000000000000000000000000000000001010000010000000101
001010000000000000010010001000000000000000000000000000000000000011000000000000000000000000000000000010000000000000000000000000000000000000000000000000000000000000000000000000000001100000000100000000000000000000000000000000000000000000000110
000100000000000000010111001000000000000000000000000000000000000100100000000000000000000000000100000000000000000000000000000000000000001010000000000000000000000000000000000000000000010000011110000000000000000000000011000000000000000000000000
000000000000000000010000010000000000000000000000000000000000000011000000000000000000000000000100000001100000000000000000000000000000010101000000000000000000000000000000000001110001100000100101000000000000000000000011000000000000000000000000
000000000000000000000101000000000011000000000000000000000000000000000010000000000000000000000100000001100000000000000000000000000000000000000000000000000000000000000000000001101101100000100000000000000000000000000000001100000000000000000000
000000000000000000011010000000000011000000000000000000000000000000000111000000000000000000000000000000000000001000000000000000000001000000010000000000000000000000000000000001101111000000010001000000000000110000000000001110000000000000000000
000000000000000000010100000000000000000000000000000011100000000000001110100000000000000000000000000000000000001100000000000000000010000000001000000000000000000000000000000001101101000000000001000000000000110000000000000000000000000000000000
000000000000000000001100000000000000000000000000000100010000000000011000000000000000000000000000000000000000000000000000000000000001000000010000000000000000000000000000000001010001100000000001000000000000000000000000000111000000000000000000
000000000000000000001001000000000000000000000000000100010000000000111000100000000000000000000000000000000000000000000000000000000010000000001000000000000000000000000000000001011111100000000000000000000000000000000000000011000000000000000000