000011110001101001100001000010001110110010000100110011001000011000000111000000000000000100000111111010001001111100101000000011101110001000111100001000100001000100001000000000000100001001001101010000100100000010000000000010111000000000000011
100001011111111101100001010001000000100100000101000011111100101000000010000000000000001110001111100111101010000000001010000001101011000011001100000000001010000100001000000001011000001001110011001000000010101100000000001110010000010000100100
000000111100001011000010001100100000011000000000000011110100010000000011111110000001111011110110000000010101010100000110000000000001110011000000000000001000000011100011101000000000001000000000001000000011000000000000001000000000000001010011
000000000000000010000000000000100000000000000000000101011000000000010011000111001001101011111000001001000001010010010010000000001110100000000000010011110000000000000001100000000000011000000000000101001110000000000000000111000000000000010000
010111110000000100000000000100001000000001000000000000111000000000111001010000000100000010110000001001000000000010000011000110001000000000000000001100110000000000010100100000000000101000000100000010001110000000011100000100100000000011100000
111111111000000100000000001000001000000001000000001110100000101001100111110000001000001100000000010000000110000100010010000110001000100000000000000000000000000000001100001100000110001000001110000000010001000001111110000010010111000000000000
100111110100000000001001101001100000000011000000000010000000101000101000001000110000000110000010000001110010000111100011100111000100010001100001110000011000000000010110000000010001001000011001000000001111000001000001000100101000100000000111
100000000100100000001001101001000000001010000001110001101100110001001000000000000000001010000000100011001110001110000000000100000000011000100001110000001000010001110001000010001101001100011011100001101100000011111111000001001001000000001001
101010111001000010011000001000000000001010000001100000001001000001010000100000000000000000000011100001000010000010000000000011000000010000010000000000010000000010111000100101000100011100010000100000010000000111111100000001011010000000001000
010110011000000010000110100101111100000100011000000000001101100001000110000110001010001110000011001101001010100011100000000000000000000001001100000000000001000000001010000001000000000000001100010000000000001010000000000000001100000000000111
011100100010001111000100001100110010000010001000000000000100000010000000100010011110001110001110010010101011100000100000000000000000000011001010000000000111000100000001101100000100001000000000100001001001100001000000000001011000000000000110
000111100100010000000000001001000000100111100100000000000010111110000000000100011000000000000000101101110011100110100000000010100000000000110100000111100111000100100000010000001111100100001000000000011001101010000111000001110000000000000110
000011000100100000110000100000011101101000001000011110110001000000000000001010010000000000000001101011000010001011000000000000110000011000001100000000011001100011100000000000011001110000001001000101101110101010000101000011000000000000001110
000000001101000000000000000000011001001101110000011110001000000000000000100010000000000000000001110000000001000000000001100001011000101000000011000000000000000000100000000000000001110000010010000100000110000000000101000000000000000101000100
000000011001100000000101000000001000010001100000001000111000000000000000100010100011000000100000010000000001000100010001100000000100101000000011000000110000000000000000011100000111000010000010000111010100000000000000000010100000000101000000
000000111011100000000100100000001111000000110000010111110000000011111111000011101001000001000011000000000000010000010000000000100010010000000000000000000010010000000000001110000010000010000100000000011101001110111000000110110111000110110000
101011111011000000000100111000001000000000111000101100000000000101000001100001000001000000000001010100000000000000001100000000010100000001110000001001000001110000011010000010000001000100001000000000011001000110111000110000110111000000001101
100011000011000000000010011000001010000000100000011101000100000000000001100000010110010000000000011000000000000000000000000000101000000101001000000001000000011000010011000000000000000110110000000000001011000011000011111001100000000000011100
000000000000010000000011000000001100000000100000100001001110000000000110000000000011100000000000010001000000000000000100000001100000011100000001010000000000000100000001000000001011010000110000000000001010000000110001000000000000000000000000
001110001100100000000011100000000010000000110000000001010101100001000000000000000001100000000100000101000000000000011000000011100000010100001000110000110000000000100010000000001001111000010000000000010010000001110000010111001000000000000000
000110000101000000000100100000000000000110000010000010010011100111101100000000110000100001000011000000110000000000100100000000010000110100110001000000000010000100100000000000110000000010100000000000010010000000000000010100000000000010000000
000000000000000000001000110000100000000101101100000001111110000000101000001000011100010111101100000001110000001000011000000000000000100101100001000000100010000000000100000001011000011100100000001110110100000011000000000001000000001100000000
000000000000000000000000010000100000101001011000000110001110000000100000100100011111000100000101110010100100001000000000000000000001000001000001100100000010011100000000000011000000011001101100111110000100000011000000000011010000001000000010
000000000000000000000101100000000000101000000100000010000110010100010001100000000111000100001000111010000011001000000000010000000001000100000000111000001000010011110000000100000100000000100000000000111000000111000000000000100000010010000100
001000011000000000000000000000000001000000001101100111000110110000010001001000000001000000001000001000000110000000000011100000000001000100000000011001100000000001100000001101000010000000010000001000011000111110000000100000000000100000000111
000100101000000000000000000000010111001111000000010001001100010000100000111001100001101000010000000110100000000010000011011100000000010000000000110011010000000000000000001000000000000000000000010010100000110110000000110000000000100010000010
000001110000000000000000000000001100010011000011000001001110000111000000111111100010000000100000000001000000000100000101110100000000000111000001000000000000000001010000001111100000010000000100010111011000100110000001010000000000000001100000
000111100000000010000000000000000100010000001001110000000101000100000000000000000100000000101000000000000000000000000011001100000000001000000110000000000000000001010000001101100000001000000111000100001000100110000000001111010000001000010000
110010000000000001000000000000001101000000001110000010000000011000000000001000000100110000001100010000000000000000011101001100000000001000011010100000100000000000111000001101100100000110000000000010001011101100000001010000111000000000000001
000000000000000101000000000000001100000000000010001110000000000000000110000110000110001101010000010100000010000010011111001100100000001000001000000000100000001101111010010101100110101000000000000110000010000000000001101001000100000100000000
110000000000000110000010010000001100000000000011111100000001100000001011000000000000001100010000000000001000000100011110011001010000000000000010001011100000000000110111010000000001011000000000000000000110000000001111010110110110000100000001
110000000110000110110010010000101100001101000000011000000000001100010000000010000000001100100000000110001001000010010000000010010000000111100000010000000000010000000011000010000000101000001000000000001000000000001110000000000100101101000001
100000000000011101111100000001111000111000110011000000000000111100100010101101000000111011100000000100000001000001110000000001100000000110000000111000000000000001111100000000000000001100001100000000000000000000001100000000000101101001100010
000000001001110101101101001011110000010000001000100000000011100001000000100101100000110010000000000100010001000000010000000000000000000000001101100011100000100010001000001001000000000100001110000000000000001010000000000000000100001010000111
000000001101100001100101100010000001000010001000001110000011100000110000111101000000000010100000001000000110000100110000000000000000110000000000000111000000100010000000000111000000000100000110000000000000010010000000000000000110111010101101
000000010010110011100001110100001101011010001000000000011100000000100001011011000000000100010100011000000100001001100000000010000001010000001110000100110001010010000000000000000000001101100000000000000000100000000000000000000100000000111000
000000100000001001100000000010111111000000001000000000011111001100000001000101000000000100110101010010001000000100110000000010010001001000000000000101001111011000000000000000000000010101011000000000001100100100000000000000011011101110010000
000000110111000000000000000001000000111110000000000000110010000100001001000001000000000000100010110000101000000110011000000001001011000100000000010001101100010000000000000000000001000100001000000000000000101000000000000000100001011111011000
000000110000001000000000000001001110001110001000000000001100110111110001000000010000011000011001100000011000000000001110000001010001011000000000011000000000110000000000011000100010001000101100000000000110101000000000000000100010000001010010
000000000011100000001100000000000000100000010000000000001100100001001000000001110001100001001000011000000000000000000010001110000000110100111000000001101001000000000001100000100100010000100110000000000110110000000000000000000110000000010010
100000100001000000000011100001110110000000000000000000000100000000000000000011111011000001000000010010000011000000000000001000100000000000110010000011010000100111000011100001100101000000000110001100001101000000000000000111000000000000010010
011000010011000100000011100000000000000000000100110000000001010000000000000010010100010001000000011010000001100000110000001000010000000000110001010011000000101000111111100001100000100010000000000100011011100000000000000000000000000000111001
110000010000011110000001101000000000000000000101101010000000110000000001101100010110100110000100001010000000111000011000010100000000001111100000100001101010001000011000000001101100100010100000000000000011110000000000000011000000000000111001
100000000101011010010000011010000000000000001001101011000001010000000001110100010010110111000011000010100000010100000100010100000000000001110000110111110001101010111000000000000001100000000000000000010010000000000000010011110100001000101110
000000000010000001001000001000010000000000000101100001000001000000111111101100000011100000010101000110000000000000001000011011100000001100000010000101100000000001000000000000001111100000000000000110001010000000000000000101000100000111101100
000110000010000000001000000111111001000011000101111011000000110000000111000100010001001001101101100010100100000000010111000000100000000000011100000001000000000000000000000000000001100000000000011010000000000000000100001001000110001000110000
011001000100000000010000000011111000100011000001011000100000010000000011100100010000010101111000100100111000000011000100000000001110000000000000000101000000000000000000000000000001110100000000101100000111000000011010011000000000001001100000
011001001111000000000000000000110111001010000011011000011000000000000001100010110000010110010000000111000000000011100110001100010010000000100000000110000000000000000000000000000010111110000000010000000010000000011011010000000001000100111110
110000101101100000000010001110100010101000000111010010000000000000000000000000000001010100000000100000001000000001011111011100011001000010000100000100000000000001000000000000000000001001000000001110011010010000010001111100000001000111110001
010100100000000000000101011110000101001100000010101110000000000000000000000000000000000010110011000000000001100000111110100001100000000010101000000000000000000010100000000000000000010000100000001010011010000000010000001110000001000100000011
110100100000011000000100011100010110101110000000011111000000000000000001000000000000000010111000000000000000000000111001110010100000010000000001100000000000010010110000000000000000010000000000011000000000001000000000000000000000000100010000
110000000001001000000101011010001010111110000000110000000000000000000010001100000000000010000000000000111000000000000000000011100100001000000001100000000000011000000000000110000000100000000000000000000011011000100000000100000000001000010111
100000000011111000000101010100100001010000011000101000101000001100110010001010000000000000000000000001111000000000000000100010010110000100000000000000000000001100000000001101000000100101000000001100000001011000100011100000000000010001101100
100000000100111100001010010000010111000000011101001100010000011000011001000111100000000000000000001110001000000000000000000000010000000110000000001100000000000000000000011101100011101100000000000000000000110000010101001110000000100000100001
000000000100011000101110000000000111011100000111011000000000001000000000010011110000000000000001011100010000000000000000000110011100110101100000000100000100000000000000011000100010000000000000000000000000000000010100000000111000000010001100
000000000000000000001110000000000011100010000110010000000000000000000001110000001000000000000001001110010001000000000000000000011000110001100000111100001010000100001100001000000100000000011100000000011000000010010100000000111000011000001110
100000000100011010010000000000000001101100000011000000000000000000000001111001001000000000000000100000000010101000001110000110000001101010000001000000010011000000011110001000100000000000001000000000100000000001111010010001000000000000000000
110000000100100011100001110000000000000000000100000000000000000000000000111000000000000000011000100000000110111000011101100000000001100000000000100000011000000000011101000100000100000011111001000100011000000001010000100001010000000100011111
111110000101000000000000010001111110000001011100000000000000000000000000100001110000000000001100110000000001100000011011100000011001100000000000000111111010000001000000001000110100000001011000101110000000000000000001100000000100011000011111
010010000011000000000000100011001001100011000000000000000000000000000000000000010000000000011000000000000000011000111010100000011000100000000001000111011100001101101101000101100000000010000110011101000000000000100101010010000101000011011110
010010000010000000000000110000010001010000000000000001000000000100100000000000011000000000011111111000000000000100111000000000000000100010000011011001010100001010011111000010000110000000000011000000000000000000001100100100010101110010000000
100000110000000000000000001110000000110001000000000010100000011110101000000000100000000000111000000011000000100111010001000000000001100001010000010000110010010000011000100000000000000000000000010000000000000000010000001100000000100000100000
101000101001000000000000000100001000100011110000000000001100111010001000011000001000000000000001000101010000000011000000101000000000000001000000000001100011111000000110100000000000000000000000010000000000000001101100000100111100000001110001
100000000011000000000110000000000111101100010000000011100110001001110001010000000000000000001000000110001000000000000110001000000000000000000000000000000000101000000001000000000000000000000111000000000001000010000000000000010000111100010000
110000000110110000000110000000000001101001101000000010100000001110100000001000000100000000000000100001110010000010000110001000000001100001100000000000000001101000001000000110000000000000001011000000000011100000001111000000000001111000100001
000000000110000000000000011000000000000000000110000001100001111101110010001000100011000000001000110000110010000001000101100101001010000001001100000000100100001010100000010001000000000001111000001110010011000000101000110001000000000011000000
000000000100000011000000111000000000000000000000000010000001010000110001001000000111000000001110011000000010011100000000000000000010000001000000010000100100000011011110010011010000000000000001000000111110000000100000001001000001000000011000
000010001110000011000011110000010000000000000001000000000000001000101000100000000010100000011011000100001110000100100000000110000001101111010000010010100110000001000000110000100000000001100101000110000100000000010000001001100001000000000000
000101000000000000000010011100010000000000000000000011100001000111110001000000000110100000001110000010000011111011110000100110000010000000011000000110100111001110000000000100000000000000000111000110111100001000000000001001100101000011000111
000100001110100000000000011100000000000000000000001001100001110101000011000000000011100000011001000000010011110000100000011110000100000000101000000001100111000110000000000101000000000000000000000001110000001001000000000001000000000001100110
010000001100100000001101011110000000000000000001010101000000011011010000000000010001000000011111000100000000100001000000000000000100001100011000000000000010100000001100000000000000000000000000011101000000000001110000000000000000000011100110
101101100000000000001111100000011000000000000010000000110010000000101000000000011010000000001100110100000001000001000000000001011000010001011001000000001100101100010110000000000000000000000000000001100000000100000011000011110000000000011110
011100000000001000001100000001000010011000000100110111000000100001111000000000010001100000000000000000000010000000100000011000000000010000011011100000001101011000011110000000111000011100000110011001110000000010110000110011001001100011001000
011100000000010100000001000000100000000110011001000001001010000001010000000000000000000001000000000000001100000000001110001000010000001100001011100000100001110000000011000001000100001100000110011001110000000000000001010000011011100000100000
000000000000010010000011100000010000010001000010010000011001100001111000000000000000100101000010000011001101100000000000000010000000000011100000011100100101100000000110001101001000000100001000100001100000000000100000000000101000000000000000
000000000000011100000100100000000000010101000011110000000111001100100110000000001011001001001001100011000111110000000001100000010000000010000000001110000100001010001100000010011000000000000000100000000000000001111001100000111000000000010000
000000000000000000001110000000000000011000000011100000001110011000000001000000010010000110001001100001000100011000000001101100000000010101000000001011011000001000100000000000000000000000000000101000000011000001111100000001011000000000000000
000000000000000000000110000001110000010001110000000000000000000011110000001000000000000000001000000000011111100000000110011101000000000000001110111000010000000000000110000000000000000000000000100000000100100000001100000000000000000001000000
000000000000000000000000000001110000000010100000000000000000110001000100100000100100000000000110100000010001000000000101011011000000010001000110101110000000000000000001101000001100000000000000100010000011000000111100000011101000000000111000
000000001100000000000000000000000010000111000110000000000000100001000011101101100100000000000100010000000100010000000011100011000000010010000110110100000000000111010001001001111010000000000000000000000000000001001100000111100000000000001110
001100110011000000000000000001100010001000111111111000000000100100000000000101101100000000000000011000001111011000000000111011011000000000110100001000000001100000000000000000001011010000000000010010000000011110000000001010111000000000000110
001100101101100000000001110001101000010001111111111000000000001000000000001111010000000000000000001000000001010001000000100010011000101100110000000000000010010000100001110000110110100100000000000000000000010110000000101111010000000000001010
010101101100110000000111000000001100001000000000000000000000000000000000001100000111110000001111110000000000000010100000100011000110110001110000000000000001110001110000010110010000100000000110000000000000000101110000110000100000000000000101
100101100110110000000110000000000000000000000100000000000100000000000011100001000000010000000011110000000000000100010000010100111001000010000100100000000001100110001100111011100000000011011010000000000010000110001110110000100000000011100001
000000010110001000000000000000001000000000011110000000011110000000011000100101101000110000000011000000000000000010010000001100000000000011001000000000100000011010101001010001110001000011011100100000100100010010000000000010100000000111001010
101111000010001100000000000000001111000010110010000000001001000000000000001010110111000000000011000011101100000010110000001100000000000111010000100001010000001111111000100000011111000011000000000000111000001100000000000100100001100011001101
100000000011000010000000000000000000100100000110000000001011000000100001001000000000000000000000000100000000000010010000011100110000000000010100000000100000000000001011000000011110000100000000000000101010000000000000000100100000000010000000
000000000000101110000000000000110000000000010000000000011011000001000000100000000000000000000000001000011000000000100100011001001000000000000000000000000000000000000000000000001000111000000011000000011000100000000000000000000000011111011000
000000000000000000010000000011000000011000000000000000000010000000110110000000000000000000000000011010011000100000101110011011110000000110101000000000000000000000001010000001101100010000010100000000001000000000000000000000000000010000100000
010000000000000000111100001100001001110000010000100011100010000000110100000010100000010000000000000100001011011000101000001001000000100001010000110000000100000000011100000001000001101000011000000000010000110000000000000000000010101101011110
100000000000000000110110000101100101001101000000000011000000000000010001100011010000000100000000000001010000110100111000101001000000100000010001111000000100000000010100000000101010110000000000000000010011011010000000000001001101100100000000
000000100000100000100010001110101100000001010000100000010100110000001100100101001000000010001010000000100000011110110000100001000000100000000010001000000000000000001000000010000101110000000000000000001001010010000000000011001101001000000011
000011001000110110011100001100010110000011000101000000110101101000001110000110000100000110001001000000000000011001000001001001000000010000000011011000000000000000000000000000000000000000000000000000001000000100000000000011000100010000000011
000100010000111100001000000111010001000000000000000110000011000100001100100110101110000110011011000000000100010011100000000000011100011000000001010011000000000000000001000001110000010000000000000000000010000000000000000010010000100000000000
010101000001101000111100000101011011000111011011000011100011000000001001111001100000000000001011000000000110010000001000100000001100010000010000000001100000000000000000000000000000001010000000000000000110000000000000000010100001001101110111
111010110001110110101110000000101000000010000000100001010011010010001001111011000001000000000110000000000000111001001100000100000111010000100000000100100000000000000000000000000000001000100010010101101110001000011000000010110010000000001001
001000000000010101010110101110000101000000010001000010011100000110000101001001100110100000000000000000000100000000010000000000000011000000010000000101000000000001000000000000000000001000001111100010000110000110100100000110111100000000000001
001001000000010000000001011111001000000000010000000000011100010000000000001000010011011000000000000000000000000011100001110000000001000000011000001111000000000110110000000000000000000100011111111000000000110111011000000011110000000000010000
000010000000001100000001010000110001000000100100001000101000010010000000001011001010101000110000000000101111000010000010000000000000000000010000011000000010110000110000011100000000000000010110101000000000110110011000000100000000000000101100
000010000001100000000001110000000010000000011000011000000101010110000000000000001010100001110000000001001100000000000100110000000000000011000000110001100001100111000000000000011000000001100101010000001001000010110111101100000000100100001101
000100000110000100000000001101011000000000000000100000000000010110000000000000000000000010100100000010001100011100000100011100000000000000001100011011100000000000000000000000011100000001101000110010001011011000100011100100000001000100000100
100000001010000100000000000110010000000000000000001100011000000100000000011100010001010111000000000011001000001100000100000000000000000000001010001111000000000000000010000000000000000000000001011000000011000100100001011010000001000000010011
100000001000000000001000000011011000000000010100000100010000001100000010011100000101010011010000110000100000101000000000000100010000000000010000000001000010000000000101000000000001101000001110010100000000010000001000010000000000110110000011
000000000110110000101100000000000000000000010101100011101110110100000000111100000010100100000001100011100001011100000000000100001000000000001010100110000111000110000000000000000101100100000000000000000001000100000000001110000000000100000110
000111000010100010101100000011011000011000001000000000000100010000000000100011000000000111000000000100000001000110001111100001001000000000001010010111011011000110000000000000000000101101000000000000000001111000000000000010000000000000011011
000000000011010010101000000000001000011000000000000000000011000000000000111011000111000001011100000100110000110001001111000000110000000000000000000010001000000000000101011000000001110001100000000000000000111000000000001110100000000000010011
000000000010101110011000000000000010111000011111000000000100100000000000001011001010010000011000001011101000001101100000010000110000000001000000001111000000000000000010101100000000001010000000010000000000000000000000011101010000100000001000
000000000110001000010000100000000011011000011111110000000110000000000000000100001000100000000001001100011000001001000000011100000010000100110000001111011101000000011011010010000001101100000010111000000000000000010000101011010000110000000011
010011000011110000000000100000000000000000000011100000000011001000000000000000001100110100001000100000000000001000010000011011000011001001100000101000000011000101000110010010000001000000000100101000000000000000101000011000100000101000101011
011101110000000000000000000000000000101000110001100000000011010010001100000000001001010000001101000000000000000001001101110001000110110001100001100000000001001000010001001111100000000000000100100000011100000101110000011000000000001000011100
001000110000000000000000000000100000010001100011100010101001010000100000000000001000110010000100000000000000110001110011111010000000111010000000000001010001001000110000000010000000000000000000000000000110001100100000111000000000001001011000
000000110000010001100001100000110000000000000001100000000001000000000101100000001011000010011000000000001000000011100000011111000000001000000001101010000010010001000110000010001101100000000000000000011110001100010000011000000000000101000000
100000000000000001010001010100010000000000000001001000000000001100000010000111000000001010011000000110011000001100001010100000000100000000000010000100000101000001000000011010100010000000000000000000010100000111110000101100000000000100100001
000000000000010000110001110001100000000000000101010000101001000100100000100111000000000000000000110000010000000100000010110010001010000000000000000010100010001010000110000111000000010000000000000000001100000111110010101000000000000011000000
000100000000000000000000001011100000000000010000001100000100000100000000000100001000000000000000010110001000000000010000000000000000000000000010000011011001001010001001000011000010000000000000000000011100000000000001011100000000000011000010
000010000000011101000000011100000000000000000000000000000001001110000000100111110110000000000000001000000000000000100000000000000010000011000000101000001001100000001100000100100001100000000000000000011000110000000000000100000000000000000010
000000110000000110000000001100011000000001100000100000000001100100000001100010010000001100011000000000000000000001010000000000001100011000100100001000010111010000010100100000000011101110000000000000011000110000000001110000000001110000000010
111010001000000000000000000000011000000010000000000000000000011010011100000000001110000010111000000111000000000000100011110000000000011010010000001000000110110010110000100100000010011110000000000000011000000000011011011000000000101000000001
000000001000000000000000000000000000000110010010100000000000000110011000000000000000000110010000000101000000111000101101110000000000100001100000001000000000011010000001000011000000011000000000000000010000001000001110000000000000010100000100
000000001000011000011000000000000000000110011000001000000000001010000000000100000000010100001000111111000000111000000000110000000010101010110010000000100001110000000001000010001100000000000000000111000001000000000000000011100000010100000010
000010000000011100000000100000000000000010000001000100001000001010000000001110000000101100000001111010000000001000111000000000010100000000000001000000010000101101000000000001000000000000000000111110000010010000000000000111111000111000100010
000010000000110111000000010000010100100000000001000100001000001100000000001001000001100100001101101000000100000001000110000001011010101101101000000000000000000010000001100000111100100000000000001010000100001000000000011001011000100000100010
001101000110000000000000110000010000001000111001000000000000010100000011100000100001100000010000011010001110001100010100001100010001000000000000011010000000000000000000000000000000010000000000001010000100110010000000001100100001010000011100
100110001110111110110100110000000000000000011011000000000000011100000001000111000001100011011000010011011011001100110100001000110000000000000000001001110000000000000001000000000000000111000000000110000001110011100000000000010000000000000000
000110100110110100110100100010000000001100010001010000000000001000000000101100001000000001011000010010010011010010110110001111100000000000100001000000011100000001100000100000000001110110100000000000000000000100011010000010000000000000000010
011000000100110000000010010111000110000100000000110000000011000000000000100000010000010011011001100010011000001111010000000001100000011000110011010110001011000001001000100000000110111001110000100000000000000111010101110000000000000010000000
100001011010100000001001001011000011010110000000000000010111000000000000100100010010100000000001001100001111001100000010000001000100010000000100010000011011000010000100000000110001000000010010010000000000000000000001000000000000000010000000
000001111000010000111000100111000001010110110000000000010000000000000000000100010011100010000001011100000010000000001100000000110110111000000001000000011111000001000100000010000010000110001100000000000000000001110001000000000001010001100000
000001000000010000010001100111000011011000110000100101100100000111000000001000000000100000000001010000000000011010000001110000001001000000010111001100001101000001011000000100000010000100010000010000000000000001101011101111100110010000000000
000110001000000000100001110011000000010000000000100001101100011001011010000000000000011100000001110001111000001001000000010100000111000000000010011000010101100000100000000100101100001010000001111000000000000000000011010000000110000001000000
000100001110000000001110110000101001000000010000011001100000100010011100010000000000000000000001110011011000000000000001101010000111000000000010000101010100010000000011100000011100010000000010011000110000010000010110000000000001101011000000
001000111111100000001111000010100111000001100000011101001100010010001001011000000110001000000000100100110000000001110101100001000000000000000110000111000101010100000011110011000000001111110000000100001101111000110000001000000000111000000000
111100111000100000001100000011011000000000110000000000100000011011100001111111011000001000000000000001000000000000011110000000000000000000010000110000010100100110000011010000000000001100010010000100001110001000111000011000100001000001000000
100001110000000000001010000011000000000001110000001000100000000001100010011011111100100110000000000001000000000000000000000000011000000000100000000000000011100001000000000000000000000000011110001111100000010000010000010010100000110000100000
101101010000010100001011000000000001000001001011000000000000000011000110011101000010101100000000000000010000000000001100111011111000011100101010000000010000100011100010000011000001100011000110011000011100010000110100001000000000110000010000
100000001101001100000001100000000100100000011000110010010000000011000110010010001110001000110000100001110000000000001010000000001111000100011101000000001010110000000100000000011000110000000110000000010000000011100110000000000000100000000011
000001100011000000000100000000000100000000010110101000001000100000101011011111001001100111110000101011110000000011110110000001110111111000000110000001011110000000000100010100010000110000000101011001001111111111010110000000000010000101011100
010000110001001010000100000000000101100111000000100101010000100000100110000111110000111100000000001010111100000000011111000000100000000000000000000000100000001001100100010110100000101111001111011110000010001110010100000001110000011000010010
010100011111010011110100000000001100001001000001110001100000110001101011000000000010001001100000011000000000000010000000100001011100110000000000000000100011111001110011000001000001101000001000001110000001011000000110000000001010000000011100
111000000010001100000110000000010110001001000111100010000000001001000010000000000100000100011011000000110010000001001111100000011000010000000000000000010010111001010000000000000001000000101111111110000000001000100110000000001010110001100100
111000000000000000011101000000011000000001000100101011000000000000000000000000001100001011000111000001000001000000011010100000000000100000000000000000000001000000010110000000000011000001100011000000000011011000100000000001010001010000000000
100000000011000000000000000000010000000001000110101010000000000110000000110011000110000010101000000011010101000000000001100000000100100000000000000000000001010000100110000000000100000101100000100000000110011010110000000000100001010100100010
000000011010100000000000000001100000001000000001100000100000000001111000010100100000011010110000001110010101100000000001100000000010000000110000000000000010000001100000000000001000111101000000000011000110000000000000000000000001100101100011
001101000010000001000110000001100100010101011000000000100000000001111101010100000000010111000000001100001010000000000011100000000000000000100111000000000000000000001010000000000100110011000000001011100000011010100000000000000000101110000000
010111000000001111000110000000101100001100001000000000100000000000110111111101000000010001000000000000001011000000000000100000000100110000100110001100001100000000000011000001000000111110000110001111010000001010100010000000000000101000000000
011010000000000001010000000000010000000010010000000000000000001100000001111010000000000000000101000000010001111110100000100100000101100000000000000000000000010000000001000011000000001110001000101110110000101000000010000011100001000100100100
000000100001010000000000000000000000000011110011110000000000010010000000011010000000000000000000010000100000011110011000001000001000000100011000000011010000010000000000110010100000000000000100011000101000010000000100001000100000100011101010
100001000000100000000000110000000000000000000010001000000000010010000000001010000000110000001000011000011101000111011010000000000011011100000000001111010000000000000000000000000000000000001000001011111000101101000000001000110000011000000000
000001011000001100000010110000000110000000010001000100000000001100000000000000011111101100010001000000000000100000001010001000001100000000000100100000000000000000000000000000000000001010000100011000111000000000000000001000111000000010001000
000010000010000100000100001000000101000100000000010000000000000000001100000000011110001010010101000100000011000001110010000100000001000000000000000001000000010000000000101000000000001000000100110110000000001100000000000101010100010000010000
010001000110100010000010011000000000010000000000001110000000000100000110000000111101000110000101000100010000010100001000000100000000001101100000000010101011100000000001001000000000000000000000100100000000000000000000000011000100000000110000
011011100110101100000000011000000010110001110000000110100000000010010100000000011000000000000001001100001000000010000011000000001000000000000010100011000100000000000000000000000011001000100010010001100000000000000000000000110110000000111000
000111010111000100000011000000000000100001110000000001101010100010100000000000011100000100111001111001110011000010000100001110101000000000000000110000000000000100000000000100000011001001000101010101000000001000000000000000001010000000101000
000001111000011000001101100000000001100000111000000000110000101100000000000000010100000100010010111100000000000010000010101010001000000000000001110000001100001110000001000010000100101001000011010101100000001000011100000000001110000000010000
001010000000000000000111110000111001100000001100001000110101110000010100000000000010000001011000010000000001000001100000110100000000000010100000000000010010010001000001101000011010100110000000001000000000000000011100000000000100000000011000
001000000000000010000101100000001001101000001100111110101110110100000000000000000000100000000000110011100000001100100011011011101100010010100000000001100000001001000010111011001001100000011000000000000000000001101000000000001011000010000000
001110000000000001000101011000101000100100011001110000101100010100000000000001001110100000000001000001010111100000100010001011111001001110000000000000000100000001000010100100001001000000011110000000000000000001001000000011000110000100001000
000100000000000110001001000000000000100011011001101010100001000010000000100011000111000011100001000000110100000000000011010100000000001010000000000000010000000100000001010110011000000000010001000000000000000000010111100010100101000100000000
000000000000000100000110001110000001101101010000111100110000000100000010010100010000000011000010001000100000000000000001011000000000000111000000000000000000000000000000010110011111000101100110100000000111011100110000010001100010001001011100
000000010000000000000000000110011000110000100000010000100100000100000000010011100000000111010001000000100010000001000000000000010010010101100000000000101000000000000000100010000101001010000110110000000000110010100000010000100011101110001000
000000100100000000000000000110000000100000000000000000100000010000000000011001000000000001100000111000000010000000111111110000101111100000111000000000000100000001001100000100000010010000000101010000000000101101110001100000000001101110000000
100000000001100000000000000000001000000000000000001001000011000001110000110000000000000000000000011000000010000000010110000000111100001001000100000000111100011000001010000100000000001101011011000000010001000001001000000000000000000000000000
010000010000101100010010000000000000000000000000001110000011000001100000000000000010100000000000111110000010000100010000000010010000001010010100000000111000011010100001110000000000001101000000000100000001000101000000000000000000000000000011
011000001000000000001001000000000100100001100000001100000000000000001010000000000010100001100100000001011100000100000100001000010110001001010000000000100000000100110000000000000000000001111000001100000010000111011000000000000000000101000001
011000000001100010000010000000000001100000010000000011000000001000010000000111000000010001100111110000000000000000000010001001000010001001000000011000111001000000000000000000000000000001100000010001100010000000101001100000000000000011000001
111000000001000001000010000010001000000011010000001000110000011000100010000010100111111110010001100011000011000110100010000000000000001001000000011000000000100000000010100000000000001010000000111101000010000000010001100000000000000111000000
111110000000001110001001000111001110000001001001010110101000010100111000000111100100101000110101000100100100100000001000000001000010001000000000000100000100100010000000100000000000001000000000100000000001110100000000000000010000000100000001
110110000000000101000001010001010010100100111001010110010000000100001000000010000000011110000001001000010100100011110000000000100100000101000000000000000111000001100000000000000100000000000000011010011010100010000000000001110000000000000001
011010000000000000001101000000011111110010000001000111000000100100001110010011000011100110111101000000100011100000100000000000000010000100100000000000000111000000100000000000010000000000000000010000010100100111000000110001101000000000000001
001001000000001000111000100000100011000010000001001011000000000010001010000010000001100001000010000001000000000000000000000000001011000000000000000000000000000000000000000000010010001000000001111000010001000110000001010000000000000000000111
001010000001101000111000001000011100001001100001000011000000100110001010100111000000000000010000000000000000001000000000000000001000110000101110010000000000100000000010100001100011110000011010000000010110000100000000000000000010000000000111
000000001011001100101000000010000000000010011110000100011000000100000010110000000011111111110000000000000000011000001000000001000000000000111000001000000111100000000110100011100000001000100000001001010000010000100000100000000000000000000110
000000001011100101100110011010000000000000001000001100011100001000000110110000001111111111100000000000001000101100110000000010010001000111100010010000001000000011000010010000010000000000010000000000011000010111000000001100000000000111000000
000001001000000100010100001100101011100010000000000100000000010000000010001001111101000101100000000000110101110000110000000100010000110000000010100000010001100000000001100000010000000000000000000100111000010000000101100001000000000100100000
100010111100000000011100000000110101100000010010100100010100100000000000000101110000000000000000000010000011110000101000010100010000011100111001000000110110000100000000101100000010100001000010101100000000000001111111000000000000000010100001
000010011100000000000000000110000000000010000010000010000000011000000000101100110000000000010110000100000101010000101011010111000000000101001111001000110000101100000000011000010010100001000001000100000000001010011101000001110000000000100000
010000000000010000000000001111000110110000110001100000001000000000000000011100110000000000010001000100000000111000101000011000000000000010010011010000000001001100000000000001000001100000000000010000000001101000001011000001110000000011000001
100000000000101000011100001000001100001000100001000000000011000000011100000110100000000001000000000111000000001100101000000000000101000110101000110000000000001000000011100000000000000000000000010100000110001000010110001001110100000011000000
000000100000011000000000001010100000111000110000001000000011000000011010000110101101100011101000100011101000000000010111000000110000100010010000011011000100001000000010100000000000010000000000000000001110110100010010001000000000000000000000
100011010000011100001010001010110000000000100000100011000000000000001110000000000011100011001001000000101000000000000000000000100001000110000000010001001000010000000011100000000000100000000110000011000001000111010101011000110000000000000011
001111010000000100000110000000100000000000000000110011001000010000001000000000000000000110010111000000011000000000001011000001110010001000000000001010000100010011100000000000000001100000001101000001100100000010010100000000000000000000000010
000001010000001000000000000101111000000000000110000110001000110000000000001001000001000101111100000100001000000101000111000010000000011000000010000000000011000110100000000010100001100000000100000010100000000001000000000000110011000000000010
101100111000000110000000000000100100000000000010111100100000010000001000001110000001000110110000000100001100000001011000000100011100011000111010000000000000011000000000000000000001100000000110101100010100000000010000000000001110000000000001
000001011000000000000000000000001110000000000001111000110000000000000000000000010000000011000010110000010010000100001011100101001010110000000010000111100000000100000000000000000000000000000010101010001000000001100000011000101100000000000000
000000000000111010000000000000111010000000011100110001000000000011100000000000100000000001100110010000010000000011001000100001000001100110000000001000000000000000011011110010000100000000000000000011000000000110111111000111101100000100000000
010000000000010111100000000011111101000000100100000010011000100110111110001000100001000001101100010000001100000000111110000101001001001000000010000000010000000010000001110000000110000000000001000000000000000111111100000001110010000100000000
001000000001010100010000000110001100000111011011000001010100011101101111111100000001000001000101100000110000000000000000000101111010000000000101000000000000000000000001000001111100010000000000000000000010011101110000000000000001101100000110
000000010100000000110000001000001100001111000001000000100000001100000000011100001000000000110100100110001010000100000000011111000000000000000101111101011111000001000000000001000000010100000000000001000100001100000100010110001101010110001010
000000010100011000110000010001000010001101100000000000000010001101010000000000000110100000000011010111100100110000000001000010000000000000000011100000001010100001100000000100110000000000000000001000000100111100011111100000000011011100011100
010000101000000000000000110000100000000011100000000000000001001000111100000110000100010000100010010100111110000000000001000010000000110100000011100000000110000000100000110000100000000101000000001000000001110000000001100000000001101000010000
001000101100000100001000100001000000000001000000000000011000100010010110000110000010100000000110000000000100010000000010000010000001110000000000000000101100001000000001000000101100010001110000101100000000000000000000000000000000101000000000
000001001000000110000000010100000000000001100000000000111000110011100011001000000001000001100000001000000011000000000011100100000010010000100010000001111000011000000010001010110000000001111001000100011010000000010001110000000001000100000000
000001000010001100110000001000000111001101100000001111100000010001100000011100000000000000000000000000001101000000000110101100000010000000101100000000000101100000000110000111111001110000100100000100010001001100011001000100000010000011100111
000000110001000100010000000000000010111100000000011111110000011000100100000000000000100000000000011110001010000000001111110000000000000110001110000010001010000001110000000001000101100000000111000110001010001000101010000100000000000101111110
000000000000110000100011000000000011111101000010110000000000010001101100000000000001010000000000011010001000000000000111100000000000000000001110000010000000000001000000000000100100110000000011000001000000001000001010000000010100011001000000
000000000000010000000010100000000110010000000010010001110011100111100000001101101010001000000000100010000000000000000010000000000000000000000000000010000000000000011101110000000100000000000001000101100000001000100000110000010101010110011100
000000100000000001000010010000001001011000000000011001000101000100010100010001100111010000000000000000000000000000000011100110000000000001000000000000000110000001110000011000000000000100000001000000101100000000100110110000100010101101011100
001011100000001001000010000000000001010110000011010101001101110000001100001000000010100000000110000000000000000000110011101110100000000010100000000000111001000001111000001110110000001001000001000100000000001000000000000000111110000110001110
001000100000000110000110000000000100011001000010000111000111110000000011000111100000000000111100000000000001000001001011101000000000000000100000000000010010000000010100000000000000001101100010011010000010010100100000000000111010110001000010
100110000000000000001100011010000000111111000001111001110000000000000011100011100011000001011100000000000010100000011100000000110000000000000000000100000100000000000011000010011000001000100110110010000110001100100000000000000010100010000000
010000000000100010001110101010000001100011110001100000010000000100000000011110001000100001001000110001011110000000101000101101100000000000000000000000000000000000011001000000001000000110010111110101000000001101100000000000000011100000000001
011000000000100010011011011000000011000000101111000000000000001011100000100001100011001111000001000001100011000100010000011001101000000000000000000000010000000000010000100100001000000011010001100001001000011000000000000000110000000101000001
001000010000000010001111001000000000001000000000100000000000000001100000001000011000010011011111100000000000000000000000000000111100000001000000000000101000000000000000010101001011010100000000000010000000000001110000000000110000000100000001
000000011101010000000000101101110001010100111110100000000000000010000000001000000110110000000010011100000011000000000000001000000110000001100000000000000100000000001100100001011001111110100010000000000000000000000000000000010000011000100001
001000011111100000001001010011110010000010000011000000000000000001111100000100010000111000011000010010000001000001100001000101000110001000000000000000101000000000000011011101001111000100000110000111100000000000000000001100000001111111100001
000000000000100000000110010000001001110110010100000110000000000000000000100000001000100000000000000001000000000001000010100001011000100010010000001000100100000100000000010101000000110000001000000000001010001110000011010000000001000000100000
001000000111111000000000000010001100110101000000000111110000000000010110001110010001000010000000100000000000110001000100010001110001000010100000000000000000000110000101100001000001101000000110011000000000000001100010111010001110100011100010
001000000101011000000001110100011011010111101000000100111000000000100000000110001100001000010001000000100000001110001000000000010000000010100000000000000110000011001000001111100001100100010011000000000000000000010010110010000110000001001100
011100000011000100000010001000000100001011111000000010011000111010000100000100101100000000110000000010101100000000010100000010010010001101110000000000000000000000011000000000100000100010000000000011011010001000010000100000000010000001101000
000110010000011000000000010000000001101100000000001010000000111010101000001000011000010000010100100101101110000000000011000010010010001000001010000000000000000000011101100000100000100010101001000010010000100001100000000011111010000001100110
001001001000000000000010100000000001111000000000000000000000110110001000000000100000110101100110101100101001010000011010000010010100101100010011000000000000011100011100000000000000000000001000000011110001010000000000000000111000000001100000
000100011000000001000000000000000010000010000000010000100000011010110000000000100000111001110000111101101101010111000110000001100010000100110000110000000000000000000000000001100111010000110101100001110001001000000000000001100111000000000000
000110000000000011100000000000000010110000000000100000011000011001000000000011000000000000011000010111011010110011000000000000000110111011010010110000000010000000000110000001000111001101111110001100001000110111011000000000000111000000000000
100100011100000001010011100000000001111110000001110101010100011000000000000011001100111000100000100000000110100111000000000000001100000001100110100000010101001100000111000010010000000000010100110010011000001000000100000000000111000000000000
011101100000000010011001000000000000000111000000000000100100001100000000000000010010010000100010110000000111000010001100000000001100000001000000000110101001111100000000100001100000000000110101000000000000001000010100000000000110000000000000
000001000000000000000011011000000000000010100000110000010000011100000000000000110100000001000000100001000010100111001100000000000000000010000000000101110111010010110001100000101000000001000001010000101000000100010110000000000100000000000100
000000001100011101100011010000011100000100100010010000001000011100000000001010110000000011000001000011000000000100000000000000000001011010000110000101111000001100110101000000000010000000101000100000111000000001100000000000001010000000001010
000000000000001101100000010000111101110011000101100000000000001000000000010010110000000001000011000010000011100001100000000000000001011010001011000000000000000011010010000000000000000000010011000001010100000000000000000000111100000000001100
011000001000001001101000100000000000000100010000010000000000001100000000000110001000000001000001001000000011000001011100001100111000000000000000100000011111000010000000000111000000000000000001001101101110000000000111000000001000001100000000
001100001110000110001000000000000000101000100000100000000000011100000000000000000000000000101110010100000001011110010010001011111000000000100000011000011000000001010000001000100011000000000000111001000100000111001011001000110000010000100000
001010000000000011001001000000011001000000010001010000000000011010000000000000000000010000000000110110010000100000001100000001110000000000000000000000100001000001001000000010100011101110000000000000011000011111000100000000010000111100010000
000101101001000001100111000000010101111100011100000000001100000110000010000000000000101000000000001000001000110110000000000000000000001001000111100100010000010000100100000010010000100100000000011101110000111001000100110000011101101000100010
000011000000000001100011000101100000000110000000100100011001000010000101000000000000110000000000000000001000100100000000000000000000001000000000000100011100101000100000000100011111001000000000110001000000110000100110110000000000110100000101
000101000000000001010001100000000110111110001010110100001000100010001000000001100000000000000000000000100100010000000001000000000101000011110000010110001001001000010100000011110000000000000011010000000001101001001110100000000100110110000100
010110001100000000100101100011100010101000010101000100000111010100000101000000100000000000000000001000100100010000110001110000000000000011011000000000000000001001000000000000110001110000000011011000000000000001010001000000000000000000000100
000001000000000000100110000011101110110000100110111000000011101000000010000001000000000000000000101100001000000000000010101100000000000000001011101010000111000010000100000000101001110000000011100000100000000000100000000000000000100000000000
010101100000000000011000000101000000011000010000011000010000000000100000000100100001000001110000011000001011000001000001000110000000000000000110000010011110000100000100001000110100000000000000010001010000000000000000000000000001110000011001
010100000000000000000000000100101100110001010000011000010000000001010000001001100001111000010000000000001011000011100011001101000000000000000000110010011000000010000000010000010000000110000001111001010000110000000000000011100010001000011011
101000000100000000000000000001010001100010000000011000000000000001100110000000001001000000000000000000011100001001011001010011000000000000001110011111010010000000000001100000110001100010000001000000000000000000000000000011011000010000111011
001000000000000000000100000011110001000010001000110101000010100001100110001000001000110000001000000000110000001101001011010000000000000000001110000000000110000000000010000000111000110111000000000100000000000000000000000010110001100000011000
000100000011000000001110000000000001000001000000000001001000001000100000000000100000000010000010000000000000010000001000001000000010000000000010001010001100000000000100000110010000000000011100000000000000000000011000000000010000000000000010
000100000111000001001101110000000000000010001000000000011100000100010000000010010000010001000100011001001000001011000000001010001110000000001100000000000000000000000010010001000000000000000000000000000100110001101010000110000010000001111000
000000110000000001000010010000000000000010010000000011000000000000110000000100010000010000000010111110001000011100001000011001010010000000011010000011100100000000000001110100000000100000000010001000000000110010101011000010100100000001001000
000001110000000010100000000000000000000010100001100011111100100000100011000000010000000010000000110110000000000000000000000110110000000001110011000000110110000100000000000100000001110000011010100100110100000000001010000000101100101111110000
010000100000000001000000010000000000000000000000000000001001110000011000110010000000000010000000101000101100000000100010000000110000000001100000000000100000011010000000011000000001101100000000010110000000011000000100000000000000110111000000
001000000000000001100000010011100000000000000010001100000110000100011000101001000100000010001000001011101000000000000010010001100000000001100100000000001010001001000000000000101000001100000001110100000000000000000000000000000001000110000001
011000000000000000110101001000000000000000000010000010000000000100000100101000100100000011010000001001111110000011100001100001110000000010001100000000001000000111010100000000000000000000000000000100010001110001100000011101000000100010000000
000000000000000000000100110000110111000000000011000001100001100001001000111000000100000100000000000101001100001010111000000001001000010110001100000000000000000001000000000000000000010110000000000000000000110000001000110000110000100111100000
000100000000000001000110101000111011011000000000000000110001100000110001100000011000100011000000000000000100001000011000000000111000010000010100000000011100000011000100000001000000001110010000000010010001000000010100010000100000011100000010
000110000111100001001000100011000010011011000001110110101000110000000011000000011100010010010000100000010110110000011100000010110000010000011000000100011110000001010000000001000100000101101000100001110010101100011000001100010000001100000000