000000000000000010011010000000000000000000000000010000000100000000100011011000000000000000000000000000000100100000000000000000000000000000000000000000000000000000000000000010000110000000000000000000000000000000000000011100000000000000000000
000000000000000000001011000000000000000000000000100000000010000000000001011100000000000000000000000000000110010000000000000000000000000100000000000000000000000000000000001110000101000000000000000000000000000000000000011000000000000000000000
000000000000000000001000110001110011000010000000100000000100000000000110011000000000000000000000000000000000111000000000000000000000001010000000000000000000000000000000001001000011000000111000000000000000000000000000011000000000000000000000
000000000000000000001000000010001111110101000000100000000010000000000000000000000000000000000000000000000001010000000000000000000000001010000000000000000000000000000000001000000010000000000000000000000000000000111000001010000000000000000000
000000000000000000001001110000000110000001000000000000000100000000000000000000000000000000000000000000000001010000000000000000000000000100000000000000000000000000000000001000000100000000000000000000000000000000000000001100000000000000001100
000110000000000000101100000010010001000010000000001000000000000010000000000000000000000000000000000000000001100000000000000011000000000000000000000000000000000000000000001010101000000000000000000000000000000000000000000000000000000000010100
000110000000000001101000000010100000101000000000001101010001011001000000000000000000000000000000000000000000000000000000000011000000000000000000000000000000000000101000010000001000000000000000000000000000000000000000000000000000000000011000
000000000000000000000000000000000000000000000000000010100010111010000000000000010000000000000000000000000000000000000000000000000000000000000000000000000000000001100100001010110000000011000000000000000000000000000000000000000000000000000000
000000000000000000000100000000000000000000000000000000000100000100000000000000101000010000000000000000000000000000000000000000000001000000000000000000000000000000000100000010000000000011000000000000011100001000000000000000000000000000000000
000000000000000000000010000000000000000000000000000000000010100000000000000000000000101000000000000000000000000111000000000000000010100000000000000000000000000000011000001000000000000000000000000000101000101000000000001110000000000000000000
000000000000000000000001000000000000101000001100000000000001000000000000000000000000011100000000000000000000000000100000000000000010010000000000000000000110000000000000011000000000000011000000000000010101010110000000010001000000000000000000
000000000000000000000100000000000000010000001100000000000000000000000000000000000000111000000000000000000000000100010000000000000001100000000000000000000110000000000000010000000001000100100000000000000100000110000000100001000000000000000000
000000000000000000000000000000000000000000000000000000000000000000000000000000000000100000000000000000000000000100001000000001110000000000000000000000000000000000000000010111000000101000001000000000000001000000000000100110000000000000000000
000000000001000000000100100000000000000000000000000000000000000000001000000000000011000000000000000000000000000001001000000000000000000000000000000000000000000000000000010110000000110100000000000000000010011000000000011000000000000000000000
000000000010100000000101000000000000000000000000000000000000000000010100000000000000000000000000000000000000001111001000000100000100000000000000000011000000000000000000100010100000111001000100000000000000100000000000000000000000000000000000
000000000011000000000010000000000000000011100000000000000000000000000100000000000000111000000000000000000000000110100000000100000101110000000000000011000000000001000000000011100000011101000000000000000000000000000000000000000000000000000000
000000000000000000000000000000000000000000000000000000000000000001001000000000000000000000000000000000000000111100110000000100000101110000000000000000000000000011100000001000100000010000011000000000000000000000000000000000000000000000000000
000000000000000000000000000000000000000000000000000000000000000010010001100000000000000000000000000000000001010000100000000000000000000000000000000000000000000110110000010010000000001010011100000000000000000000000010000000000000000000000000
000000000000000000000000000000000000000000001000000000000000000000000001000000000000000000000000000000000011001001110000000001110000000000000000000000000000000011100000001010000000110100001000000000000000000000000010000000000000000000000000
000000000000000000000000000000000000000000010100110000000000000001011001000000000000000000000000000000000000110001100000000000000000000000000000000000000000000001000000000000000000111110000000000000000000000000000000000000000000000000000000
000000000000000001101100000010000000000000010100110000000000000000010110000000000000111000000000000000000000001100100000000000000000000000000000000000000000000000000000000000000000101000000000000000000000000000000000000000000000000000000000
000000000000000001101100000010000000000000001000000000000111010000110100000001110100111000000000100000000000010011000000000000000000000000000000000000000000000000000000000000000000101100000000000000000000000000000000000000000000000000000000
000000000110000000010010000010000000000000000000000000001100101100000000000010001001100100000011110000110000011110000000001110000000000000000000000000000000000000000000000000000000111000000000000000000000000000000000000000000000000000000000
000000000110000000001000100000000000000000000000000000011010100000101000000001011110001100000100000011001100000000000000010010000000000000000000000000110000000000000000000000000000100000000000000000000000000000000000000000000000000000000000
000000000000000000010000100000000000000000100000000000111010000001110000000000100010001000001010110010011000000000000000011011000000000000000000000000110000000000000000000000000000000000000000000000000000000000000000000000000000000000000000
000000000000000000010011000000000000000001001000000000010010000000000000000000000000000000001000000010000000000000000000101001000000000000000000000000000000000001100000000000001100000000000000000000000000000000000000000000000000000110000000
000000000000000000011000000000000000000001001000000000001100000000000000000000000000000000001011000001100000000000000001110001100000000000000000000000000000000001100000000100001100000000000000000000001100000000000000000000000110000110000000
000000000000000000011000000000000000000000101000000000000000000000000000000000000110000010000010000000000000000000000000111000100000000000000000000000000100000000000000011010000000000000000000000000100000000000000000000000000110000000000000
000000000000000000000000000000000000000000000000000000000000000000000000000000001001000011000000000000000000000010001100011101100000000000000000000000000100000000000000001000000000000000000000000001000100000000000000000000000000000000000000
000000000000000000000000000010000000000010000000000000000000000000000000000000000110000011000000000000100000000100000000011001100000000000000001100000000100000000000011000000000000000000000000000001110000000000000000000000000000000000000000
000000000000000000000010100011000000000111000000000000000000000000000000000000000000000000000011000001010000000010000010001001000000110110000000100000000000000000001001000110000000000000000011000001110000000000011000000000000000001100000000
000000000000000000000000010001100000000111000000000000000000000011000000000000000000000010011001000001010000000000010010000110000000110110000000000000000000000000011100000010000000000011100011000000011010000011000000000000000000000110000000
000000000000000000000100100011100100000000000001110000000001000010100000000000000000000011111000100000100000000000001010000000000000001000000010000000000000000001100100110010000000000000000000000110010010000000000000000000000000000000000000
000000000000000011000000000011100101000000000001101000000010100001000000000001000000000011001011100000000000000000000101000000000000000000000101110000000000000001000110100110000000000000000000001001001010000000000000000000000000000110000000
000000000000000011000100000101100001100000000000001000000010100000000000000001000000000001010001100000000000000000000010000000000000000000001000110000000000000000100101001000001000000000000000001010001100000000000000000000000000001100000000
000000000000000000000000001111000011000000001111110000000001000000000000000001000000000000111001000000000000000000000010000000000000000000000101010000000000000000010011001000010100000000000000000100000000000000000000000000000000000000000000
000000000000000000000010111110000000000000001110110000000000000000000000000000000000000000000010000000000000000000000000000000000110000000000110100000000000000000000000000001000100000000000000000000000110000000000000000000000000000000000000
000000000000000000000000000000001000000000000000000000000000000000000000000000000000000000000000000000000000000000000000000000001001000000000011100000000000000000010010001001011000000000000000000000010100000000000000000000000000000000000001
000000000000000000000000000000010100000000000000000000000000000000000000000000000000000000000000000000000000001100000000000000000110000000000001000000100000000000001110001001100000000000000000000000001000000000000000000000000000000000000001
000000110000000000000000000000010100000000000001000000000001100000000000000000000000000000000000000000000000010010000000000000000000000000000000000000100000000000001001000010000000000000000000000000000000000000000000000000000000000000000001
000000110000000000000000000000001000000000000010100000000001100000000000000000000000000000000000000000000000010010000000000000000000000000000000000000100000000000000111000000001110000000000000000000000000000000000000000000000000000000000000
011100000000000000000000000000000000000000000001000000000000000000000000000000000000000000000000000000000000001100000000000000000000000000000000000000000000000000000000000000000000000000000000000000000000000000000000000000000000000000011100
000000000000000000000000000000000000000000000000000000000000000000000000000000000000000000000000000000000000000000000000000000000000000000000000000000011000000000000000000000000000000000000000000000000000000000000000000000000000000000000000
000000000000000000000000000000000000000000000000000000000000000000000000000000000000000000000000000000000000000000000000000000000000000000000000000010011110000000000000000000000000000000000000000000000000000000000000000000000000000000000001
000000000000000000000000000000001000011001110000000000000000000000000000000000000000000000000000000000000000000000000000000000000000000000000000000010010111000000000000000000000000000000000000000000000000000000000000000000000000000000000001
000000000000000000000000000000001000110100000000000000000000000000000000000100000000000000000000111000000000000000000000000000000000000000000000000010011010000000000110100000000000000100000000000000000000000110000000000000000000000000000001
000000000000000000000000000000001000000100000000000010000000000000000000001010000000000000000000000000000000000000000000000000000000000000000000000000001100000000001001100000000000000100000011111000000000000110000000000000000000000000000000
000000000000000000000000000000000100001000000000000111000000000000000000000110000000000000000010000010000000000000000000000000000000000000000000000000001000000000001001000000000000000100000000010000000000000000000000000000000000000000000000
001000000000000000000000000000000010001000000000001101100000000000000000000000000000000000000010000010000000000000001100000000000000111000000000000000000000000000000101000000000000000000000001100010000000000000000000001100000000000000000000
011110100000000000000000000000000000100000000011100111000000000000000000000000000000000000000010000010000000000000010010000000000000000000000000000000000000000000000000000000000000000000000001100000000000000000000000001100000000000000000000
100110100000000000000000000000000000000000000100010010000000000000000000000000000000000000000000000000000000000000001100000000000000000000000000000000000000000000000000000000000000100000000000001100000000000000000000000000000000000000000000
010000000000000000000000000000000000000000000100010000000000000000000000000000000000000000000000111000000000000000000000000000000000000000000000000000000000000000000000000000000000110000000000110000110000000000000000000000000011100000000000
010000000000000000000000000000000000000000000100010000000000111000000000000000000000000000000000000000000000000000000000000000000000000000000000000010000000000000000000000000000001010000000000000000110000000000000000000000000000000000000001
000000000000000000000000000000000000000000000011100000000001000000000000000000000000000000000000000000000000100000000000000000000000000000000000000101000000000000000000000000000000000000000000000000000000000000000000000000000000000000000001
000000000000000000001110000000000011100000000000000000000001001000000000000011000000000000000000000000000001010000000000000000000000000000000000000101000000000000000000000000000000000000000000000000000000000000000000000000000000000000000001
000000000000000000000000000000000000000000000000000000000000110000000000000011000000000000000000110000000001010000000000000000000000000000000000000010000000000000000000000000000000000000000000000000000000000000000000000000000000000000000000
000000000000000000000000000000001000001000000000000000000000000000000000000000000000000001000001110000000000100000000000010000000000000000000000000000000000001000000000000000000000000001010000000000000000000000000000000000000000000000000000
000000000000000000000000011000001000001000000000000000000000000000000000000000000000000001100000110000000000000000000001101100000000000000000000000000000000001000000000000000000000000001000000000000000000000000000000000000000000000001110000
000000000000010000000000100100001000001000000000000000000000000001100000000000000000000000010000000000000000000000000011011000000000000000000000000000000000001000000000000000000000000000000000111000000000000000000000000000000110000011111000
000000000000010000011000011000000000000000000000000000000000000010010000000000001000000001010000010011000000000000000001011000000000000000000000000000000000000000000000000000000000000000101000000000000000000000000000000000000110000010001000
000000000000010000010100000000000011100011100000000000000000000001010000000000001000000001100111001010000000000000000000110000000000000000000000000000000000000000000000000000000000000001000000000000000011000000000000000000001000110010001100
000000000000000000001000000000000000000001000000000000000000000000100000000000001000000000011111011010000000000000000000000000000000000000000000000000000000000000000000000000000000000110101000000000001011000000000000000000000100001111100100
000000000000000000000000000000000000000001000000000000000000000000000000000000000000000000010111000000000000000000000000000000000000000000000000000000000000000000000000000000000000000000001100000000111000100000000000000000000100000001110010
000000000000000000000000000000000000100011000000000000000000000000000000000000000000000000000000000000000000000000000000000000000000000000000000000000000000000000000000000000000000000010000100000000011000000000000000000000000001101100100100
000000000000000000000000000000010100100110000000000000000000000000000000000000000000000000000000000000111100000000000000000000000000000000000000000000000000000011000000000000000000000000000100000000001111100000000000000000000000000110101000
000000000000000000000000000000001110000111000000000000000000000000000000000000000000000000000000000010010110000000000000000000000000000000000000000000000000000011000000000000000000000000101000000000000111000000000000000000000000000000010000
000000000000000000000000000000001100011000000000000000000000000000000000000000000100000000000000000001110011111000000000000000000000000000000000000000000000000000000000000000000000000000010000000000000010001100000000000000000000000000000000
000000000000000000000000000000000000011011000000000000000000000000100000000000001010000000000000010001110000100100000000000000000000000000000000000000000000000000000000000000000000000000000000000000000000001100000000000000000000000000000000
000000000000000000000000000000000000001001000000000000011000000001010000000000010010000000000001001101110001111000000010000000001000000000000000000000000000000000000000000000000000000000000000000000000000000000000000000000000000000000000000
000000000000000000000000000000000000000110000000001100101000000001010000000000001111100000000001000111010000000000001100000000110000000000000000000000000000000000000000000000000000000000000000000000000000000000000000000000000000000000000000
000000001100000000000000000000000000000000000000001100000000000000100000000000000011110000000110000101100000000000001110000000011000000000000000000000000000000111000100000000000000000000000000000000001000000000000000000000000000000000000000
000000001100000000000000000000000000000000000110000000001000000000000000000000000011011000001000001010000000000000000000000000000000000000000000000000000000000000001010000000000000000000000000001100001110000000000000000000000000000000000000
000000000000000000000000000000000000000000001110000001001000000000000000000000000000001100001000000000000000000000000000000000000000000000000000000000000000000000001001000000000000000000000000010000000110000110010000000000001000000000000000
000000000000000000000000000000000000000000000110000000010000000000000000000000000000001110001000110000000000000000000010000000000001110000000000000000000000000000000110000000000000000000000000001100000000010001110000000000011100110000000000
000000000000000000000000000000000000000000000000000000100000000000000000000000000000001100000000001000000000000000000011000000000000000000000000000000000000000000000000000000000000000000000000000000000000010110100000000000110110100000000000
000000000000110000000000000000010000000000000000110000000000000000000110110000000011011000000001110000000000000000000001000000000100000100010000110000000000000000000000000000000000000000000000000000000000001000000000000001100000001000000000
000000001101101000000000000000101000000000000000011000000000000000001000110000000001110000000000100000000000000000000000000000000000000100111110001000000000000000000000000000000000000000000000000100000000000000000000000011100000011000000000
000000010000001000000000000000101000000000000000100000000000000000000000001000000000100000000000000000000000000000000000101000001000000100010100100100000001100000000000000000000000000000000000001010000000000000000000000001100000000000000000
000000010001000000000000000000010000000000000000000000000000000010010000110000000000000000000000000000000000000000000000101100000100000000000010000000000001100000000000000000000000000000000000000110000000000000000000000000110110000000000000
000001000101110000000000000000000000000000000000000000000000000111000000110000000000000000000000000000000000000000000000111000000100010000000001001000000000000000000000000000000000000000000000000000000000000000000000000000011100000000000000
000001000000000000000000000000000000000000000000000000000000011000110000000000000000000000000000000000000000111000000000000000000010100000000001110000000000000000000111000000000000000000000000000000000011000000000100000000001000000000000000
000000000000000000000000000000000000000000000110000000000000010011100011000000000100000000000000000000000001000110000000000000001000100000000000000000000000000000000000000000000000000000000000000000000011000000000101000000000000000000000000
000000011000000000000000000000000000000000000101000000000000011100001000000110001010000000000000000000000001000000000000000000011111110000000000000000111110000000010000000000000000000000000000000000000000000000000010000000000000000000000000
000000001100000000000000000000000000110000000000000000000000000000000000000110001010000000000000000000000001000000100000000000000110000000000000000000110001000000010000000000000000000000000000000000000000000000000000000000000000000000000000
000000010100000001110000000000000000110000000101000000000000000000000000000000000100000000000000000000000000111100100000000000100000110000000000000000110110000000010000000000000000000000000000000000000000000000000000000000000000000000000000
000000100011000001110000000000000000000000000010000000000000000000000000000000000000000000000000000000000000000000100000000000111000010000000000000000001100000000000000000000000000011100000000000000000111111110000000000000000000000000000000
000000010100000111101000000000100000000000000000000000000000000000100000000000000001100000001000000000000000000101000000000000000000001010000000000000000000000000000000000000000000011110000000000000001101011111000000000011100000000000000000
000000000100000110001100000011011000000000000000000000000000001100101000000000000010010000010100000000000000000110000000000000000000110001000000000000000000000000000000001100000000110000000000000000001110100001100000000100010000000000000000
000000000001000110010110000000001000000000000000000000000000001100001000000000000010010000011000000000000000000000000000000000110000000000000000000000000000000000000000010000000000000000000000000000001001000011100000000000100000000000000000
000000000000100001001100000011110000000000000000000000000000000000000100000000000001100000000000000000000001000000000000000001001110000101000000000000000000000000000001100100000000000001000000000000000111000011100000001011000000000000000000
000000000010100000000000000110000000000000000000011000000000000000011010000000000000000000000000000000000001000000110000000000000001011000000000001100000000001100000001101000000000000110000000000000000110000011000000000100000000000000000000
000000000001000000000000001001000000000000000000011000000000000000000010000000000000000000000000000000000110100000110000000001100101000000000000010010000000001100000001000100000000000000000000000000000001000000000000000000000000000000000000
000000000000000000000001001000000000000000000000000000000000000000000000100000000000000000000000000000001010000000000000000110011011100000000000001010000000000000000001000100000010000000000000000000011000011100000000000000000000000000000000
000110000000000000000010001100000000000000001100000000000000000000000000010000000000000000000000000000010001000000000000010110000000000000000000000100000000000000000001000000000010110111100000001000101000000100000000000000000000000000000000
001110111000000000000001110100000000000000000100000000000000000000100000001100000000000000000000000000001010000000000000100001000000000000000000000000000000000000000000101000100111110101100000010010101000000100000000000000000000000000000000
000100001000000000000000111000000000000000001100000000000000000011000111110010000000000000110000000000000100000000000001101000100000000110000000000000000000000000000000000001111100100001000000010111000001000000000000000000000000000000000000
000011110000000000000000010000000000000000011100000000000000000100000000001010000000000001111110000000000000000011100001100011000000001000011000000000000000000000000100000011001100010110000010110111000000101100000000000000000000000000000000
000001000000000000000000000000000000000000001000000000000000000010001000000100000000000011010101000001100000000010010000001010000000000101010110000011000000000000001010000011010100001100000100000001000000100100000100000000000000000000000000
110000000000000000000000000000000000000000001000000000000000000010010000000000000000000001101101000010001000000000001001100000000000000110010000000000110000000000001010000111001000000000000101000110000000001100000100010000000000000100000000
110000000000000000000000000000000000000000010010000000000000011001110000000000000000000000100010000100011000000010010011100000000000000000011011011010110000000000000100000111011000110000000010001001000000000000000100101000000000001001000000
000000000000000000000000000000000000000000001010000000000000011000000000000000000000000000000000000010001000000011100111000000000000000000000001011010000000000011000000000001111101110000000001011000100000000000000000110000000000001001000000
000000000000000000000000000000000000000001110010000000000000000000000000000000000000000000000000000001110000000000001011000000000000000000011100010011000000000100000000000000000110110000000001001011000000000000000111100000000011000000100000
000000000000000000000000000000000000000000111000000000000000000000000000000000000000000000000000000000000000000000111000000000000000000000001101010001000000000000000000000000000000000000000000010000000000000000000111000000000000010101101000
000000000000000000000000000000000000000000011000011000000000000000000000000000000000000000000000000000000000000000100000000000000000000000000100110110000000001011000000000000001100000000000000010000000000000000000000000000001000000011001100
000000110000000000000000000000000000000000000000011000000000000000000000000000000000000000000000000000000000000000000011000000100000000000000101000000000000011011000000000000001000000000000010000000000000000000000000000000000100101100000100
000001001000000000000000000000000000000000000000000000000000000000000100000000000000000000000000000000000000000000000010010000100000000011000111000000000000000011000000000000000000000000000010001110001000000100000000000000000000000000011000
000001011000000000000000000110000000000000000000000000000000000000001010001110000000000000000000001100011100000000001001010000111111000011000110000000000000000011000000110000000000000000000000001101010110001010000000000000000000000000110000
100000011000000000000000000110000000000000000000010000000000000000010010011001000000000000000000001100010100000000000100000000001001001010000010000000000000000000000011001000000000000000000000000001000000000111000000000000000000000001100001
010000111000000000000000000000000000000000000000011010000000000000001100100010000000001100110000000000001010000000000100011010001110010001001001000000000000000101000000001100000000000000011000001110010001000011100000000000000000000011100010
100000111000000000000000000000000000000000000000100011100000000000000000011100000000001010000000000000010110000000001101110011000100100011010110000000000000000110000100011000000000000000000110111110000010000011000000000000000000100001000001
000110100000000011000000000000000000000000000000000000110000000000000000001000000000011000110000000000110000000001100110000000000001100001010100000000000000001100000110000000000000000000110100110000000000111010000000000000000000110110000000
000011000000000011000000000000000000000000000000000110101000000000000000000000000000001011100000100001000110000001111000000110000010100000000000000000000000001100000000001000000000000000110001000000000000000000000000000000000000100000000000
000011000000000000000000000000000000000000000000000001010000000000000110000000110000011001101010000001010100000001111101001001000001000000000000000000000000011000000101000000000000000000000000000000000000000000000000000000000000100010001000
000000100000000000000000000000000000000000000000000110000000000100000100000000110000010110000100000000010101000000000001101110110110000000000000000000000000100101001100010000000000000000000000000000000000000000000000000000000000100100010100
000000000000000000000000000000000000000000000000000110000000000100000100100000000000001110000000000000000111100000000001111100011111000001000000000000000000101110000000000000010000000000000000000000000000000000000000000000000000111000000000
000000000000000000000000000000000000000000000000000110000001000100000011000000000000011000000000000100100000100000000000010000001111100001000000000000000000011110000011100001000100000000000000000000000000000000000000000000000000000000000000
000000000000000000000000000000000000000000000000000000000010100000000000000000000001010101000000000000000000100000000000000000000101010001000000000000000000000000000001000001000010000000000000110000000000000000000000000000000000000000000000
000000000000000000000000000000000000000000000000000000000000010001110000000000000001110010000001101100000000100000000000000000000000110000000000000000000000000000000001000000000010000000110001001000110000000000000000000000000000000000010000
000000000000000000000010000000000000000000000000000000100001100000000000000000000100110000000001101100000100000000000000000000000001110000000000000000000000000000000000000010100011000000110000110000110000000000000000000000000000000000101000
000000000100000000001110000000000000000000000000000000010000000100000000000000000011100000000000010000000010000000000000000000000001100000000000000100000000000000000000000010000111000000000000000000000000000000000000000000000000000010100000
000000000100000000011100000000000000000000000000000000010000000100000000000000000011001000000000000000001111100000000000000000000001000000000000001000000000000000000000000010110100000000000000000000000000000000000000000000000000000100100000
000000000100000000010010000000000000000000000000000000000000000100000000000000000000110000000000000000001100010000000000000000000000000000000000000110000000000000100000000000000000000000000000000000000000000000000000000000000000000000000000
000000000000000000001001000000000000000000000000000000000000000000000000000000000000010000000000000000001111100000000000000011011000000000000000001010000000000001010000000001100000000000000000000000000000000000000000000000000000000000000000
000000000000000000001000100000000000000000000000000000000000000100000000000000000000000000000000000000000000000000000000000011000000000000000000000000000000000010001000000000110000000000000100000000000000000000000000000000000000000000000000
000000000000000000000100100000000000000000000000000000000000001101100000000000000000000000000000000000000000000000000000000011011000000000000000010100000000000010001000000000000000000000001010000000000000000000000000000000000000000000000000
000000000000000000000010010000000000000000000000000000000000001000000000000000000000000000000000000000000000000000000000000000100000000000000000011100000000100010001000000000000000000000001001000000000000000000000000000000000000000000000000
000000000000000000000001100000110000000000000000000000000011000011011000000000000000000000001000110000000000000000000000000000000000000100000000000000000001010001010000000000000000000000000110000000000000000000000000000000000000000000000000
000000000000000000000000000011110000000000000000000000000010010011011000000000000000000011010100110000000000000000000000000000000000011111000000001100000011001000100000000000000000000000000000000000000000000000000001100000000000000000000000
000000000000000000000000000100000000000000000100000000000000101011011000000000000000000101010100000000000000000000000000000000100000100100000000100100001100010000000000000000000000000011100000000000000000000000000001100000000000000000000000
000000000000000000000000000111010000000000001000000000000000000010100000000000000000000100101000000000000000000000000000111000111000101110100000011000011100010000000000000000000000000000000000000000000000000000000000000000000000000000000000
000000000000000000000000000110010000000000001010000010100110110010000000000000000000000111100000000000000000000000000001110000000100001000010000000000100000000000000000000100000000001000001000000000000000000000000000001000000000000000000000
000000000000000000000000000000000000000000000111000100010001000000000000000000000000000001111100000000000000000000000000000001100000000110100000000000011011000000000000001010000000001000001000000000000000000000000000011100000000000000000000
000000000000000000100000000000100000000000000001101100010000000000000000000000000000000000011100000000000001100000000000000001001100000010100000000000011000000000000000011010000000001000001000000000000000000000000000100010000000000000000000
000000000000000001110000000000100000000000000000110000110000000000000000000000000000000000000000000000000001100000000000000000000100000000000000000000000000000000000000000100000000000000000000000000000000000000000000100010000000000000000000
000000000001100010101100000000100000000000000000110101000000000000000000000000000000000000000000000000000000000000000000000001000100000000000000000000000000000000000001100000000000000010001000000010000000000000000000110001000000000000000000
000000000001100010001001000000000000000000000000000010000000000000000000000000000000000000000000000000000000000000000000000000100010000000000000000000000000000000000001100000000000000001101111000010000000000000000000010010000000000000000000
000000000000000001011000100000000000000000000000000000000000000000000000000000000000000000000000000000000000000000000000000000011000000000000000000000000000000000000011100000000000000000011010100010000000000000000000000100000000000000000000
000000000000001000011000000000000000000000000000000000000000000000000000000000000000000000000000000000000000000000000000000000000001000000000000000000000000000000000001000000000000110000001010110000000000000000000000001100000001000000000000
000000010000001000011111010000000000000000000000000000000000000000000000000000000000000000000000000000000000000000000000000000000001100000000000000000000000000000000001010100000001010000011101000000000000000000000000000000000001000000000000
000000101100000100010000010000000000000000000010000000000000000000000011100000000000000000000000000000000000000000000000000000000000000000000000000000000000000000000100011000000000000000100010000000000000000001111000000000000001000000000011
000001000110001111100000010000000000000000000101000000000000000000000000000000000000000000000000000000000000000000000000000000000011100000000000100000000000000001101100110000000110010000010110000000000000000100000100000000000000000000000101
000000110101000011110100100000000000000000001000100000000000000000000000000000000000000000000000000000000000000000000000000011011111000000000000100000000000000010010000000000001010000000010000000000000010000100011000000000000000000000110000
000000111001101111000010000000000000000000000101000000010000000000000000000000000000011000000000000011000000000000000000000001000100000000000000100000000000000010000110000000000001110000000000000000000100000001010000010011000000000001010110
001100000011001100001000000000000000000000000010000000100100000000000000000001110000111111000000000101000000000000000000000010100000110000000000000000000000000000001000000000000000000000101110000000000010000000000000001110000000000001000000
000000110111001000110000000000000000001110000000000000100010000000000000000000000000100000000000001000000000000000000000000000010100110000000000000000000000000000011000000000000000000011001000000000000000000000000000001110000000000001000110
000000011101100110100000000000000000001111100000000000010000000000000000000000000011100000000000001000000000110000000000000000000001100000000000000000000000000000001000000000000000000011011000000000010000000000000000000110000000000000100011
000000001000110100000000000000000000010010110000000000000000000000000000000000000001001100000000001001000000110000000000000000000001000000000000000000000000000000000000000000000000000011000000000000101000000000000000000010000000000000011010
000000000000000001100000000000000000001010000000000000100110000000000000000000000000111011110100000001000000000000000000000000000000000000000000000000000000000000000000000000000000000000000000000000101000000000000000110101100000000000011000
110000000000000000000000000000001100000000000000000000000000000000000000000000000000010000000100000000000000000100001110000000010100000000000011100000000000000000000000000000000000000000000000000000010000000000000000111011100000000000000000
100000000000000000000000000000001100001001000000000000111000000000000000000000000000001000010010000000000000000100000000001100100100000000000000000000000000000000001110000000000000000001100000000110000000001000000000110010010000000000001111
000000000000000000000000000000010100010000001000000000000000000000000000000000000000000000010010000000000000000100000000010010000100110000000011000000000000000000000000000000000001000001100000001010000000011000000000000001100000000000000111
000000000000000001100000000000000000110000010100000000000000000000000000000000000000000111000000000000000000000000000000000110011100110000000000000000000000000000000000000000110010100000000000011000000000110000011100000001100000000000000010
000000000000000010100000000000000000000100010110000000000000001100000000000000000000000001100100000000000000000000000000100100010100000000000000000000000000000000000000000000110010100000000000001010000000011000010000000000000000000000000000
000000000000000011000000000000000000110000011011000000000000001110000001100001000000000000101000000000000000000000000000101000001100000000000000000000000000000000000001000000000001000000000000001110000000001000100100011000000000000000000000
000000000000000000000000000000000000110011000010000000000000000001100010010010100000000000000000000000000000000000000000000100001000000000000000000000110000000000000010100000000000000000000000000000001000000000100100011100000000000000000000
000000000000000000000000000000000000000001011110000000000010000001010010100001100000000000000000000000000000011000000000110100000000000000000000001101100000000000000010100000000000000000000000100010101110000000011000110010000000000000000000
000000000000000000000000000000000000000000001000000000000011010000010001000000000000000000000000000000000000011000000000011000000000000000000000001100010000000000000001000000000000000000000001010100001011000000000000010010000000000000000000
000000000001100000000000000000000000000001010000000011001001000000001000000000000000000000000000010000000000000000000101010000000000000000000000000000000000000001100000000000000000000000000001010000011010000000000000001100000000000000000000
000000000001100000000000000000000000000001000000000010010000000010110000000000000000000000000000010000000000000000001100000000000000000000000000000000000000001000000000000001100000000000000000101100010100000001100000000000000000000000001100
000000000000000000000000000000000000000000000000000011100000011100000000000000000000000000000000010000000000000000000000000000000000000000000000000000000000000000100000000001010001110000000000000010000000000001100000000000000000000000001100
000000000000000000000000000000000000000000000000100000000001111000000000000000000000000000000000000000000000000000000011000000000000000000000000000000000000001001000000000000100001000000000000000000000000000000000000000000000000000000000000
000000000000000000000000000000000000000000000000100000000000001100000000000000000000000000000111000111000000000000000011100000000000000000000000000000000000000000001000000000000000010000000000000000000000000000000000000100000000000000000000
000000000000000000000000000000000000000000000111010000000000001100000000001100000011100000000000000000000000000000000100110000000000000000000000000000000000000001111100000011100010000000000000000000000000000000000000000100000000000000000000
000000000000000000011000000000000000000000001111100000000000001001000000001100000000000000000000010000000100000011101100100000110000000000000000000000000000000010000100000011100010100000000000000000000000000000000000000011000000000000000000
000000000000000001010110011000000000000000011101100000000000000000000000000000000000000000000000010000011010000010111011000000110000000000000000000000000000000010000000000000000001000000000000000000000000000000000000000011000000000000000000
000000000000000000000010010100000000000000001110000000000000000000000000000000000000000000000000010000000010000000001000011000000000000001000000000000000000000001110000000000000000000000000000000000000000000000000000000100100000000000000000
000000000000010000000000000100000000000000000100000000000000000000000000000000000000000000000000000000100011000000110111111100000000000010100000000000000000000000000000110000000000000000000000000000000000000000000000000011100000000000000000
000000000000100001000010011100000000000000000000000000000000001110000000000000000000000000000000000000011010000000010111111010000000000010010000000000000000000000000000100000000000000000000000000000000000000000000000000000000000000000000000
000000100000000000000011010000000000000000000000000000000000111000000000000000000000000000000000000000001011001100000000000110000000000001100000000000000000000000000000000000000000000000000000000011000000000000011000000000000000000001100000
000001110000000010000110000000000000000000000000000000000001010010100000000000000000000000000000000000000100110000000000000000000000000000110000000000000000000000000000000000000000000000000000000011000000000000011000000110000000000010010000
000011011000000000000111000000000000000000000000000000000000000000010000000011000000000000000000000000000110000100000000000000000000010000110000000000000000000000000000000000000000000000000000000000000000000000010000010110000000000001100000
000001110000000001000000000000000000000000000000000000011000100011100000000010100000000000000000000000000011101000000100000000000000010001000000000000000000000000000000000000000000000000000000000000000000000000000000110000000000000000000000
000000100000000000000000000000000000000000000000000000100100010101100000000001000000000000000000000000000000100000001000000000000000010100010000000000000000000000000000100000001100000000000000000000000000000000000011010000011000000000000000
000000000000010001000000000000000000000000000000000000011000000001100001010000000000000000000000000000000000001000000100000000000000000011010000000000000000000000010001110000001100000000000000000000000000000000000011100000001100000000000000
000000000000001001000000011100000000000000000011000000000000001000000010001000000000000000000000000000001000110110000010100000000000000010000000000000000000000000010000000010000000000000000000000000000000000000000000100001101000000000000000
000000000000001011100000000000000000000000000011000000000000000000100001000100000110000000000000000000001000100001000010010000000000000010000000000000000000000000010000000111000000000000000000000000000000000000000000001101110000000000000000
000000000000000101100000000000000000000000000000000000000000000001000000111100001001000000000000000000001000100000000100110110000000000010000000000000000000000000000000001011100000000000000000000000000000000000000000001000000000000000000000
000000000000000110100111000000000000000000000000000000000000000000000000000111000110000000000000000000000000010001001100010110000000000010010000000000000000000000000000001100110000000000000000000000000000000000000000000000000000000000000000
000000000000000000000000000000000000000000000000000000000000000000000000000001100000000000000000000011100000001101100110110110000000000011000000000000000000000000000000000101000000000000000000000000000000000000000000000000000000001110000000
000000000000000000000001000000000000000000000000000000000010000000000000000001100000000000000000000000000000000000100011100000000000000000000000000000000000000000000000000001000000000000001100000000000000000000000000000000000000001010000000
000000110001000000000000000000000000000000000000000000011001000000000000000000000000000000000000000000000000011011000000001001100000000000000000000000000000000000000000000000000000000000010010000000000000000000000000000000000000110010000000
000000110010100000000000000000111000000000000000000000010100000000000000000000000000000000000000000000000010100000100100000000000000000000000000000000000000000000000000001100000000000000010101110000000000000000000000000000000000100000000000
000001010010100000000000000011010100000000000000000000000000100000000000000000000000011000000000000000000010000001100010100000100000000000000000000000000000000000000000011010000000000000001001110000000000000000000000010000000000101000000000
001000100011000000000000000101000000000000000000000000000001010000000000000000000000011100000000000000000010100001100100000100000000000000000000010000000000000000000000001110000000000000000000110000000000000000000000111000000000011000000000
010001100000000000000000001100001110000000000000000110000000011000000000000000000001000000000000000000000000010010011000101000000001100000000000101000000000000000000000000100000000000000000000000000000000000000000011000100000000000000000000
011000000000000000000000000100110111110000000000000110000000001000000000000000001011000000000000000000000000000010000000000000000001010000000000101000000000000000000000000000000000000000000000000000000000000000000100010000000000000000000000
000000000000000000000000000100110111001000000000000110000000010000000000000000100101011000000110000000000000000000000000000000101000001000000000010000000000000000000000000000000000000000000000000000000000000000000000110110000001100000000000
000000000000000000000000000001000000110000000000000000000000000000000000000000100001010000001010000000000000000000000000000000100101001000000000000000000000000000000000000000000000000000000000000000000000000000000000010000000010010000000000
000000000000000000000000000000000000000000000000000000000000000000000000000000010001000000001000000000000110000000000000000000101000001000000001000001100000000000000000000000000000000000000000000000000000000000000011011000000001100000000000
000000000001110000000000000000000000000000000000000000011100000000000000000000000000000000000110100000001001000000000000010000000001010000000000110010010000000000000000000000000101000000000000000000000000000000000001100000000000000000000000
000000000000010000000000000000000000000000000000000000100100000000000000000000000000000000000110010000000110000000000000111000000001100000001111110001100000000000000000000011111100100000000000110000000000000000000000000000000000000000000000
000000000100110000000000000000000000000000000000001110101100000000000010000000000100000000000000000000000000000000000000000100000000000000000101001000000000000000000000000111111110100000000000000010000000000000000000000000000000000000000000
000000001111000000000000000000000000000000000000011111100000000000000010000000000010000000000000101000000000000000000010110100000000000000000110001100000000000000000000000101110000000001000000000010000000000000000000000000000000000000000000
000000001000000000000000000000000000000000000000101100000000000000000010000000000100000000000001101100000000000000000110000100000000000000000101100100000000000000000000000000000010100110110000000011111100000000000000000000000000000000000000
000000001010000000000000000000000000000000000000100001001000000000000000000000000000000000000001010000000000000000000110000110000000000000000100100000000000000000000000000100000100100010100000000000100100000000000000000000011000000000000000
000000001010000000000000000000000000000010000000011100000100000000000000000000000000000000000000100000000000000000000111001100000000000000001000000000000000000000000000000110000100100010000000000001000010000000000000000000011000000000000000
000000000110000000000000000000000000000010000000001111100100001000000000000000000000000000000000000000000000000000000000001000000000000000001000000100000000000000000000000011000000000011000000000001110000000000000000000000000000000000000000
000000000000000000000011000000000000000010000000000100001100011100000000000000000000000000000000000000000000000000110000010000000000000000000000000100000000110010000000000001100000001100001000000111110000100000000000000000000000000100000000
000000000000000011100100100000000000000000000000000001100000100110000000000000000000000000000000000000000000000001100001100000000000000000000001001000000000000000000000000001110000000000001000001101000000111000000000000000000000001001000000
010000000000000000000011000000000000000000000000000000000101000011000000000000000000000000100000000000000000000000110011000001100000000000000101011000000100000000000000000010010000000000000000000000001100011000000000000000000000001001000000
010000000000000000000000000000000000000000000000000000100100111001100000000000000000111111010000000000000000000000010111000010100000000000000111000000011111000000001100000011111100000101000000000011100110000000000000000000000000000010000000
010000000000011000000000000000000000000000000001000000100100000011000000000000000010000010001001110000000000000000000000000011000000000000000001110000010000011000001010000000000100001001100000000001100010000000000000000000000000000000000000
000000000000011000000000000000000000000000000011100000011000000010000000000000000100000000100110001000000000000000000000001100000000000000000000110000001111000010000100001101111000111011000000100001100000000000000000000000000000010100000000
101000000000000000111000000000000000000000000110001000000000000000000000000000000100000011100000000100000000000000000000010100011000000000000000000000000000011000000000000010001000000010000000110000000000000000000000000000000000010000011000
011000000000000001110110000000000000000000000011101000000000000000000001000000000100001000110000001000000000000000000000011000011000000000011010100011000000001000000000000000110100000011000000010000000000000000000000000000000000011011011000
000000000000000010000010000000000010000000000001101010000000000011110001100000000010000010101000000000000000000000000000000000000000000000000000000011000000000000000000000000110010000000000000000100000000000000000000000000000000000010000000
000000000000000010001111000000000010000000011000000100000000000101110001010000000001100000010000010000000000000000000000000000000000110000100010000000000000000000000000000000000001000000000000001110000000000000000000000000000000000001000000
000000000000000000000000100000000010000000001000000000000000000100011111011000000000000000010000010000000000000000000000000000000001001000010000000000000000000000000000000000000001000000000000000100000000000000000000000000000000000000000000
000000000000000000000000010000000000000000001010000000000000000011101111110000000000010000010000000000000000000000001100000000000001001000000000000000000000000000000000000000000101000000000000000010100000000000000010000000000000000000000000
000000000000000001010000110100000000000000000000100000000000000011101000100000000000010000100100001000000000000000010010000000000000110000000000000000000000000000000000000000000001000000000000000010100000000000011110000000000000000000000000
000000000000000000000000010100100000000000000000000000000000000001001111000000011000001110000110000100000000000000001100000000000000000000000000000000000001110000000000000000000000000000000000000000100000000001111110000000000011100000000000
001110000000000000000000000000100000000000001000000000000000000001110111000000011000001100000010001000000000000000000000000000000000000001100000000000000001001100000000000000011100000000000000000000000000000010000100000000000111100000000000
000000000000000000000000001100100000000000001001000000000000000010010011000000011000000010000001010000000000000000000000000000000000000010010000000000000001100000000000000000000000000000000000000000000000000010111000111000001000000000000010
000000000000000000000000000100000000000000001110000000000000000111000000000000000000110000000011010000000000000000000000000000000000000001100000000000000000010100000000000000000000000000000000000000000000000001111000000000001010000000000111
100000000000000000000000000000000000000000000000000000001100000010100000000000101100111000000011000000000000000000000000000000000000000000000000011000000000000100000000000000000110000000000000000000000000000000000000000000000100000000001001
100000000000000000000000000000000000000000000000000000010100000001100000001000111000010100000011010000000000000000000000000000000000010000001111100010000000011000000000000001000100110000000000000000000000111000000000000000000000000000000010
010000000000000000000010000000000000000000000000000000001000000000000000000000110011101100000001100000000000000000000000000000000000101000001111010010000000011000000000000011100100001000000000000000000000000000000000001100000000000000010110
100000000000000000000001000000000000000000000000000000000000000000000000000000000000111100000000000000000000000000000000000000000000101000000001110001001000000000000000000010010011000100000000000000000010000010000000010010000000000000100000
000000000000000010000010000000000000000000000000000000000000000000000001000000000100100000000000000000000000000000000000000000000000010000000100000101100100000000000000000100100000010100000000000000000010000011000000001100000000000000010011
000000000000000010000000000000000000000000000000000000000000000000000001100000000000000000000000010000000000000000000000000000000000000000000000000101000100000000000000000101000010001100000000001100000010000010000000000000000000000000000010
000000000000000010000000000000010000000000000000000000000000000000000000000001001010000000000000101000000000000001100000000000000000000000000010100000000000000000000000000101000111010000000000001100010000110000000000000000000000000000011100
000000000000010000000000000000010000000000000000000000010001100000000000000001100010000000000000110000000000000001100000000000000000000000000000110000010100000000000000000000010001000000000000000000101000000000000000000000000000000000110000
000000000000101000000000000000010000000000000000000001101011100000000000000001000000000000000000000000000000000000000000000000000000000000000001100000010000000000000000000000010100000000000000000000001100000000000110000000000000000001100000
000000000000101000000000000000000000000000110000000001000011100000000000000000000000000010000000000000000000000000000000000000110000000000000001000000000100000000000000000010001000000000000000000000011000000000000110001000000000000011000000
000000000000010000000000000000000000000000110000000001000100000000000000000000000000000111000000000010000000000000000000000000110000000000000000000000001110000000000000000101000000000000000000000000000000000000000000010100000000000001000000
000000000000000011000000000000000010000000000000000000111000000000000000010000000000001100100000000010000000000011100000000000000000000000000000000000000000000000000000000100000000000000000000000000000000000000000001111100000000000000111000
000000000000000011000000000000000101000000000000000000001000000000000000101000000000001101110000000010000000000000000000000000000000000000000000000000000000000000000000000100100000000000000000000000000000011000000001110000000000000000010000
000000000000000000000000000000000110000000000000000000000000000000000000110000000000001111100000000000000000000000000000000000000000000000011000000000000000011000000000000010000000000000000000000000000000000000000011110000000000000000000000
100000000000000000000000000000000000000000000000000000000000000000000000000000000000000010000000111000111000000000000000000000000000000000011000000000000000011000000000000000000000000000000000000000000000100000000110000000000000000000000001
100000000000000000000000110000000000000000000000000000000000000000000000000000000000000000000000000000000000000000000000000000000000000000000000000000000000000000000000000000000000000000000000000000000000111000000010100000000000000000000011
011000000000000000000000110000000000000000000000000000000000000000000000000000000000000000000000000000000000000000000000000000000000000000000111000000000110000000000000000000000110000000000000000000000000000000000000000000000000000000000100
010100000000000000001011000000000000000000000000000000000000000000000000000000000000000000000000000010100000000000000000000000000000000000000110000000000110000000000000000000000100000000000000000000000000000000000000000000000000000000000000
011010000000000000001001010000000000000000000000000000000000000011000000000000000000000000000000000100000000000000000000000000000000000100000010000000000000000000000000000000001101100000000100000000000000000000000000000000000000000000001000
000100000000000000110100001000000000000000000000000000000000000100100000000000000000000000000100000100100000000000000000000000000000001010000000000000000000000000000000000000101000100000010100000000000000000000000011000000000000000000000100
000000000000000000011000010000000000000000000000000000000000000011000110000000000000000000000100000010100000000000000000000000000000001010000000000000000000000000000000000010100000000000100100000000000000000000000011000000000000000000000000
000000000000000000000000010000000011000000000000000000000000000000001001000000000000000000000100000000000000000000000000000000000000000100000000000000000000000000000000000000000000000000110000000000000000000000000000001110000000000000000000
000000000000000000111101100000000011000000000000000000000000000000001111000000000000000000000000000000000000001100000000000000000000000000000000000000000000000000000000000000000000000000000000000000000000110000000000001110000000000000000000
000000000000000001010110000000000000000000000000000010100000000000111001000000000000000000000000000000000000001100000000000000000011000000011000000000000000000000000000000010000000000000000000000000000000110000000000010100100000000000000000
000000000000000011100000000000000000000000000000000101010000000001001111100000000000000000000000000000000000000000000000000000000100100000100100000000000000000000000000001101100000000000000000000000000000000000000000000000000000000000000000
000000000000000011000110000000000000000000000000000000000000000001010010000000000000000000000000000000000111000000000000000000000011000000011000000000000000000000000000000000000100000000000000000000000000000000000000011001000000000000000000