000000000000000000110000000000000000000000000000000000000000000000110101010100000000000000000000000000001000110000000000000000000000000000000000000000000000000000000000000000001010000000000000000000000000000000000000101000000000000000000000
000000000000000001000000000000000000000000000000000000000110000000010000011100000000000000000000000000001101110000000000000000000000000100000000000000000000000000000000000111000110000000010000000000000000000000000000010000000000000000000000
000000000000000000000100000001110000000000000001010000001001000000000011111100000000000000000000000000000000110000000000000000000000001010000000000000000000000000000000010111000001100000010000000000000000000000010000000000000000000000000000
000000000000000000000100100000111000000000000000100000000110000000000001000000000000000000000000000000000000000000000000000000000000001010000000000000000000000000000000000000001101100000010000000000000000000000010000000000000000000000000000
000000000000000001100100100000100000000000000000000000000000000000000000000000000000000000000000000000000010000000000000000000000000000100000000000000000000000000000001110000000110000000000000000000000000000000010000000000000000000000001100
000110000000000000000111000000000000000000000000000000000001000010000000000000000000000000000000000000000011000000000000000011000000000000000000000000000000000000000000110000001000000000000000000000000000000000000000000000000000000000010100
000110000000000001110000000000000000000000000000000001100011110101000000000000000000000000000000000000000001000000000000000011000000000000000000000000000000000000000000011010110000000000000000000000001000000000000000000000000000000000011000
000000000000000000000000000000000000000000000000000000100100001001000000000000000000000000000000000000000000000000000000000000000000000000000000000000000000000000000000001010010000000011000000000000010100000000000000000100000000000000000000
000000000000000000000000000000000000000000000000000001001111101110000000000000000000000000000000000000000000000011000000000000000001000000000000000000000000000000000100000101100000000011000000000000100010010000000000001100000000000000000000
000000000000000000000000000000000000000000000000000000000100110000000000000000000000001000000000000000000000000000100000000000000010100000000000000000000000000000001000001110000000000001000000000000100010100000000000011110000000000000000000
000000000000000000000000000000000000000000001100000000000011000000000000000000000000001100000000000000000000000000000000000000000010010000000000000000000110000000000000001010000000000010000000000000011010100100000000110000000000000000000000
000000000000000000000000000000000000000000001100000000000000000000000000000000000000000100000000000000000000000011011000000000100001100000000000000000000110000000000000000110000000011110000000000000011010000111000001110011000000000000000000
000000000000000000000000000000000000000000000000000000000000000000000000000000000001100000000000000000000000000001100100000000100000000000000000000000000000000000000000110110000001101000000000000000000000010000000000110011000000000000000000
000000000001000000000010000000000000000000000000000000000000000000000000000000000011010000000000000000000000000010000000000000100011000000000000000000000000000000000000111000100001101010000000000000000000110000000000010100000000000000000000
000000000010100000000101000000000000000001000000000000000000000000001100000000000000010000000000000000000000000100000000000000000101100000000000000011000000000011100000011111010000000001000000000000000000010000000000000000000000000000000000
000000000011000000000010000000000000000001000000000000000000000000001100000000000000111000000000000000000000110000000000001110000100010000000000000011000000000000000000000010001000001000101000000000000000000000000000000000000000000000000000
000000000000000000000000000000000000000001000000000000000000000000000001000000000000000000000000000000000001100000010000000000000011010000000000000000000000001000001000000110010000010010100110000000000000000000000000000000000000000000000000
000000000000000000000000000000000000000000000000000000000000000000000111000000000000000000000000000000000001000000010000000000100001100000000000000000000000001000001000000000100001000111100010000000000000000000000000000000000000000000000000
000000000000000000000000000000000000000000001000000000000000000000010100100000000000000000000000000000000000011010000000000000100000000000000000000000000000001000001000000000000001010100011010000000000000000000000000000000000000000000000000
000000000000000000000000000000000000000000010100110000000000000000000000000000000000011000000000000000000000001011000000000000100000000000000000000000000000000000000000000000000011001110001100000000000000000000000000000000000000000000000000
000000000000000001101100000000000000000000010100110000000010110000110011000001010000000100000000000000000001000001100000000100000000000000000000000000000000000011100000000000000011001010000000000000000000000000000000000000000000000000000000
000000000000000001000100000111000000000000001000000000011010101000011110000010010011000010000000100000001000100001100000001010000000000000000000000000000000000000000000000000000000000000000000000000000000000000000000000000000000000000000000
000000000110000000111100000000000000000000000000000000100011101000011100000010011100000010000100011011001000110001100000010001000000000000000000000000000000000000000000000000000001100010000000000000000000000000000000000000000000000000000000
000000000110000000010000000000000000000000000000000001000101100000001000000011001010000010001100101101000100000000000000010001000000000000000000000000110000000000000000000000000000111000000000000000000000000000000000000000000000000000000000
000000000000000000000000000000000000000000110000000001000101100000010000000000111100111000010000001100110000000000000001000011000000000000000000000000110000000000000000000000000000100000000000000000000000000000000000000000000000000000000000
000000000000000000000000000000000000000001011000000000010001000000110000000000000000000000000000000110011000000000000010000010100000000000000000000000000000000001100000001000001100000000000000000000000000000000000000000000000000000110000000
000000000000000000100000000000000000000001000100000000000000000000100000000000000000000000011011000011110000000000000010000011110000000000000000000000000000000001100000001000001100000000000000000000000000000000000000000000000110000110000000
000000000000000000010000000000000000000001111000000000000000000000000000000000000110000000000111000000000000000000000001001101100000000000000000000000000000000000000000100100000000000000000000000000011000000000000000000000000110000000000000
000000000000000000000000000000000000000001010000000000000000000000000000000000001001000100000010000000000000000000000000000000100000000000000000000000001110000000000000110000000000000000000000000001100100000000000000000000000000000000000000
000000000000000000000000000011000000000111000000000000000000000000000000000000000110001100000000000000100000000000000000000000100000000000000001100000000000000000010000001010000000000000000000000010000100000000000000000000000000000100000000
000000000000000000000000000011000000000101000000000000000000000000000000000000000000001101000000000001010000000000000110000000000000110110000010100000000000000000111000110000000000000001000011000001000010000000000000000000000000001010000000
000000000000000000000001110000000000000111000000100000000000000011000000000000000000000110000001100001010000000000000110101001000000100010000010100000000000000001011100011000000000000001000011000010010001000000000000000000000000000000000000
000000000000000000000000000000000001100000000001001000000001000010100000000000000000000101000000110000100000000000000110100110000000011100000100000000000000000011100000000000000000000001000000001110001000000000000000000000000000000000000000
000000000000000011000000000000000011100000000001000100000010100001000000000000000000000001000001010000000000000000000001100000000000011100000000011000000000000000101100010100000000000000000000001010000100000000000000000000000000000000000000
000000000000000011000000000000000010010000000100000100000010100000000000000011100000000010000000100000000000000000000111000000000000000000000000000000000000000000001100010000000000000000000000001010000110000000000000000000000000001010000000
000000000000000000000000000000000011100000001100010100000001000000000000000000000000000000000111100000000000000000000010000000000000000000000000000000000000000000000000010000001000000000000000000100000111000000000000000000000000000100000000
000000000000000000000000011000000001100000001100000000000000000000000000000000000000000001000001000000000000000000000000000000000110000000000000000000000000000000000000000000001000000000000000000000000111000000000000000000000000000000000000
000000000000000000000000011000001000000000000000000000000000000000000000000000000000000000010000000000000000000000000000000000001001000000000100010000000000000000011100000000111000000000000000000000000110000000000000000000000000000000000000
100000000000000000000000011000010100000000000000000000000000000000000000000000000000000000000000000000000000001100000000000000000110000000000010010000000000000000100001000010000000000000000000000000000000000000000000000000000000000000000011
000000110000000000000000000000010100000000000001000000000001100000000000000000000000000000000000000000000000010010000000000000000000000000000011100000110000000000010000100000011000000000000000000000000000000000000000000000000000000000000000
001000110000000000000000000000001000000000000010100000000001100000000000000000000000000000000000000000000000010010000000000000000000000000000000000000000000000000000101100000001100000000000000000000000000000000000000000000000000000000001000
001000000000000000000000000000000000000000000001000000000000000000000000000000000000000000000000000000000000001100000000000000000000000000000000000000110000000000000101000000000100000000000000000000000000000000000000000000000000000000001000
001000000000000000000000000000000000000000000000000000000000000000000000000000000000000000000000000000000000000000000000000000000000000000000000000001110000000000000010000000000000000000000000000000000000000000000000000000000000000000001000
000000000000000000000000000000000000011000000000000000000000000000000000000000000000000000000000000000000000000000000000000000000000000000000000000010001001000000000000000000000000000000000000000000000000000000000000000000000000000000000000
100000000000000000000000000000001000011101100000000000000000000000000000000000000000000000000000010000000000000000000000000000000000000000000000000100000001000000000000000000000000000000000000000000000000000000000000000000000000000000000011
000000000000000000000000000000010101100111100000000111000000000000000000000100000000000000000000010000000000000000000000000000000000000000000000000010000001000000000000000000000000000000000001010000000000000110000000000000000000000000000000
000000000000000000000000000000010010110100000000000000000000000000000000001010000000000000000000010000000000000000000000000000000000000000000000000001000000000000001000100000000000001110000011011100000000000110000000000000000000000000000000
000000000000000000000000000000001100110000000000001000010000000000000000000110000000000000000000000000000000000000000000000000000000010000000000000000000000000000001001000000000000000000000110011000000000000000000000000000000000000000000000
100100000000000000000000000000000000001000000000000010010000000000000000000000000000000000000111000111000000000000001100000000000000010000000000000000000000000000001001000000000000000000000100011000000000000000000000001100000000000000000000
100000000000000000000000000000000000000000000000000000010000000000000000000000000000000000000000000000000000000000010010000000000000010000000000000000000000000000000000000000000000000000000000001000000000000000000000001100000000000000000000
100100000000000000000000000000000000000000000000000100000000000000000000000000000000000000000000010000000000000000001100000000000000000000000000000000000000000000000000000000000000111000000011010000000000000000000000000000000001000000000000
011000000000000000000000000000000000000000011100000011000000101000000000000000000000000000000000010000000000000000000000000000000000000000000000000000000000000000000000000000000000001000000000001000110000000000000000000000000001000000000000
000000000000000000000000000000000000000000000000000000000001001000000000000000000000000000000000010000000000000000000000000000000000000000000000000010000000000000000000000000000000010000000000000000110000000000000000000000000001000000000000
000000000000000000000100000000000001000000000001000000000001000100000000000000000000000000000000000000000000100000000000000000000000000000000000000101000000000000000000000000000000000000000000000000000000000000000000000000000000000000000000
000000000000000000000100000000000001000000000001000000000001001000000000000011000000000000000000000000000001010000000000000000000000000000000000000101000000000000000000000000000000000000000000000000000000000000000000000000000000000000000000
000000000000000000000100000000000001000000000001000000000000111000000000000011000000000000000001110000000001010000000000011000000000000000000000000010000000000000000000000000000000000000000000000000000000000000000000000000000000000000000000
000000000000000000000000000000000000000000000000000000000000000000000000000000000000000001100011001000000000100000000010000000000000000000000000000000000000000000000000000000000000000000000000000000000000000000000000000000000000000000000000
000000000000000000000000011000011100011100000000000000000000000000000000000000000000000010011000000000000000000000000010001000000000000000000000000000000000011100000000000000000000000000000000010000000000000000000000000000000010000000100000
000000000000000000000000100100000000000101000000000000000000000001100000000000000000000100000010000011000000000000000100001000000000000000000000000000000000000000000000000000000000000000000000010000000000000000000000000000000111000000001000
000000000000111000011000011000000001000110100000000000000000000010010000000000000000000011000101000000000000000000000010010000000000000000000000000000000000000000000000000000000000000001110000010000000111000000000000000000011000011001110110
000000000000000000010100000000000001000100100000000000000000000001010000000000011100000001001001000001000000000000000010001000000000000000000000000000000000000000000000000000000000000001111000000000000111000000000000000000011010010001001110
000000000000000000001000000000000001000100000000000000000000000000100000000000000000000000010001000110000000000000000000010000000000000000000000000000000000000000000000000000000000000011000000000000001000100000000000000000011010001000010100
000000000000000000000000000000000000000100100000000000000000000000000000000000000000000000000011010000011000000000000000000000000000000000000000000000000000000000000000000000000000000010101000000000111000110000000000000000000100111000100000
000000000000000000000000000000000111000100100000000000000000000000000000000000000000000000000001000000100100000000000000000000000000000000000000000000000000000000000000000000000000000010011000000000110000100000000000000000000000011010001100
000000000000000000000000000000000111000010000000000000000000000000000000000000000000000000000000000000100100000000000000000000000000000000000000000000000000000011000000000000000000000000110110000000110100000000000000000000000000001000001100
000000000000000000000000000000001001000011000000000000000000000000000000000000000000000000000000000000011011000000000000000000000000000000000000000000000000000011000000000000000000000000110100000000001000000000000000000000000000000100011000
000000000000000000000000000000000000010111000000000000000000000000000000000000001100000000000000000000001010001100000000000000000000000000000000000000000000000000000000000000000000000000011000000000001000000100000000000000000000000011100000
000000000000000000000000000000000000011000100000000000000000000000100000000000010010000000000000010100010000011100000000000000000000000000000000000000000000000000000000000000000000000000000000000000000111010100000000000000000000000000000000
000000000000000000000000000000000000000001000000000000011000000001010000000000010100000000000000000000010101001100000000000000000000000000000000000000000000000000000000000000000000000000000000000000000000000000000000000000000000000000000000
000000000000000000000000000000000000001110000000001100011000000001010000000000001000000000000111110001010010000000000000000000100000000000000000000000000000000010000000000000000000000000000000000000000000000000000000000000000000000000000000
000000001100000000000000000000000000000100000000001100011000000000100000000000000000000000000100010000100000000000001100000000101000000000000000000000000000000010000100000000000000000000000000000000001000000000000000000000000000000000000000
000000001100000000000000000000000000000000001110000000101000000000000000000000000000001110010010001000100000000000000100000000110000000000000000000000000000000010001010000000000000000000000000000000001000000000000000000000011011000000000000
000000000000000000000000000000000000000000001010000000000100000000000000000000000000001001110100000011000000000000000111000000000000100000000000000000000000000000001001000000000000000000000000000000000000000000010000000000100111100000000000
000000000000000000000000000000000000000000001110000000101000000000000000000000000000001001011100101000000000000000000111000000000000100000000000000000000000000000000110000000000000000000000000000000000000000111001000000000110001100000000000
000000000000100000000000000000000000000000000000011000010000000000000000100000000000001001000001101100000000000000000100100000000000100000111000100000000000000000000000000000000000000000000000000000000000000001111000000011000011110000000000
000000000000110000000000000000010000000000000000101000000000000000000001010000000011000110000011111000000000000000000011000000000000000010111101010000000000000000000000000000000000000000000000000000000000001011000000000100100011101000000000
000000000000011000000000000000101000000000000000001000000000000000000011001100000010011000000001110000000000000000000000000000000000001100000101010000000000000000000000000000000000000000000000000100000000000100000000000100100001111000000000
000000010000011000000000000000101000000000000000000000000000000001000001101100000001001000000000100000000000000000000000000100000100000010101010100000000001100000000000000000000000000000000000001010000000000000000000000100100000000000000000
000000100100011000000000000000010000000000000000000000000000000011100001101100000001110000000000000000000000000000000001100010000111000000100000000000000001100000000000000000000000000000000000000110000000000000000000000011000110000000000000
000000000000110000000000000000000000000000000000000000000000010001000001000000000000000000000000000000000000000000000001001100001000100000000000000000000000000000000010000000000000000000000000000000000000000000000000000000110010000000000000
000000001100000000000000000000000000000000000000000000000000111000100000100000000000000000000000000000000000001000000000111100001000000000000001011000000000000000000010000000000000000000000000000000000011000000000000000000100100000000000000
000000001100000000000000000000000000000000000110000000000000100000110000100000000100000000000000000000000000001110000000000000111011100000000001110000010100000000000010000000000000000000000000000000000011000000000000000000011100000000000000
000000010010000000000000000000000000000000000110000000000000101101000000000110001010000000000000000000000111001100000000000000000000000000000000100001001111000000000000000000000000000000000000000000000010010000000000000000000000000000000000
000000110010000000110000000000000000110000000000000000000000011100000000000110001010000000000000000000000000000000000000000001001000000000000000000001001011000000111000000000000000000000000000000000000000001000000000000000000000000000000000
000000000100000000100000000000000000110000000000000000000000000000000000000000000100000000000000000000000000011000110000000001100000010000000000000001000111000000000000000000000000000000000000000000000100000100000000000001000000000000000000
000000111000000000000100000000000000000000000000000000000000000000000000000000000000000000000000000000000000000000110000000001100001101100000000000000100010000000000000000000000000010110000000000000001100000000000000000010100000000000000000
000000010000000100000010000001110000000000000000000000000000000000000000000000000001100000001000000000000000001110000000000001110000101000000000000000011100000000000000000000000000011110000000000000000001000000000000000010110000000000000000
000000000000001000000011000000011100000000000000000000000000001100001000000000000010010000010100000000000000000000000000000001100000010000000000000000000000000000000000111000000000011100000000000000011000001000000000000001110000000000000000
000000000000001000000001000000001000000000000000000000000000001100110000000000000010010000011000000000000000000000000000000000000011101000000000000000000000000000000000110000000000000000000000000000011101100000000000000000110000000000000000
000000000000000110100001000111110000000000000000000000000000000000010010000000000001100000000000000000000000000000000000000000000010011000000000000000000000000000000001001000000000000000000000000000011100010100000000000001100000000000000000
000000000000000000001110011010110000000000000000011000000000000000001011000000000000000000000000000000000111000000110000000110000011001000000000001100000000001100000011100000000000000000000000000000001100000011000000000000000000000000000000
000000000000000000000000000100000000000000000000011000000000000000000110000000000000000000000000000000001111000000110000000110000000010000000000010010000000001100000000111000000000000011000000000000000000000011000000000000000000000000000000
000010000000000000000000010100000000000000000000000000000000000000000000001000000000000000000000000000011110000000000000000110001011010000000000001010000000000000000000000000000000000000100000000001101010001001000000000000000000000000000000
001101011000000000000000001000000000000000000100000000000000000000000000001100000000000000000000000000110000000000000000011000111011100000000000000100000000000000000000000000000000001100000000000001100100001010000000000000000000000000000000
001000000100000000000011101000000000000000000100000000000000000011100000000110000000000000000000000000010101000001000000011001101000000000000000000000000000000000000000000000000000000101100000000000001000011010000000000000000000000000000000
000000001000000000000011011000000000000000000000000000000000000000100000000010000000000000000110000000001110000011100000111001110000000000111000000000000000000000000000000000000000000001100000000000010000101110000000000000000000000000000000
000000010000000000000000000000000000000000000000000000000000000001001101101010000000000101001001000001000100000110110000100001100000000100110110000001000000000000000100000000000100000010000011010000000001110110000000000000000000000000000000
000111000000000000000000110000000000000000001000000000000000000010110011111100000000000100000001000011110000000000001000000111000000011010000101000011100000000000001010000000001011000000000011100000010000110110000000000000000000000000000000
110000000000000000000000000000000000000000001000000000000000000000110011111000000000000100000001000100111100000000000000100010000000001011110000111000010000000000001010000000001010110000000101000000110000000000001110000000000000000100000000
110000000000000000000000000000000000000000010010000000000000001011001000000000000000000000000110001110000110000000000000010000000000000100000000001010001000000000000100000000000100000000000110000001110000000000000100111000000000001111100000
000000000000000000000000000000000000000000001000000000000000001011110000000000000000000001110000000110001000000000000000000000000000000000010101011010000000000000000000000000101010101000000000000000100000000000001010000000000000000111110000
000000000000000000000000000000000000000000110110000000000000000000100000000000000000000000000000000011011000000000001100000000000000000000001111111010110000000000000000000000111010010000000000001111000000000000001010000000000000000000011000
000000000000000000000000000000000000000000000000000000000000000000000000000000000000000000000000000001110000000000001110000000000000000000000100110001000000000100000000000000100011000000000000001100000000000000001010000000000000000000000100
000000000000000000000000000000000000000000000000011000000000000000000000000000000000000000000000000000100000000000000001000000000000000000001100111110000000010011000000000000001010000000000000010010000000000000000000000000000000000011000110
000000101000000000000000000000000000000000000000011000000000000000000000000000000000000000000000000000000000000000001101000000000000000000000000001100000000011110100000000000001100000000000000010000001000000000000000000000000000000100100110
000000100100000000000000000000000000000000000000000000000000000000000111100110000000000000000000000000001000000000000011000001101100000000001000000000000000001110110000110000000000000000000000010000011100000000000000000000000000000010111100
000000000010000000000000000110000000000000000000000000000000000000001000100111000000000000000000001100110110000000000000000000001100110101000000000000000000000010100001111100000000000000000000001000000000000000000000000000000000000000010000
100000010010000000000000000110000000000000000000000000000000000000010000010011000000000000000000001100110101000000000000000010001000010001010100100000000000000011100110101100000000000000000000000000010001000001010000000000000000000100000001
010000001010000000000000000000000000000000000001100011000000000000001100100011000000000001000000000000110001000000000000000011001000000001111001100000000000000000000110110010000000000000000010000100100001100010010000000000000000000000100010
100000001000000000000000000000000000000000000000111101000000000000000110110110000000000110100000000000000111000000000000000001110000000100000001000000000000000000000111010110000000000000001101100011000001001110010000000000000000001000100001
000011010000000011000000000000000000000000000000011100010000000000000000011100000000010000110000000000001000000000000110000001110011000011111110000000000000000000000000100000000000000001110000000000000000100010000000000000000000010000000000
000010010000000011000000000000000000000000000000000100001000000000000100001000000000001110010000000000101110000011010000111000100100100001000100000000000000000000000000000000000000000000111000000000000000000111000000000000000000000000000000
000010110000000000000000000000000000000000000000000000010000000000001100000000110000001000011100000000000101100010000001110010111111100000000000000000000000000000000000000000000000000000010000000000000000000000000000000000000000001010000000
000000000000000000000000000000000000000000000000000011000000000000010000000000110000000000000000000000000101100001000001010110000000000000000000000000000000110000000000000000000000000000000000000000000000000000000000000000000000000110000000
000000000000000000000000000000000000000000000000000101000000001110001101000000000000110000000000000000001001000000110000000110011000000000000000000000000000000100000000000000000000000000000000000000000000000000000000000000000000110100000000
000000000000000000000000000000000000000000000000000110000001100000000111000000000000111110000000001000001110000000000000000000011100000011100000000000000000100010000001100000000000000000000000000000000000000000000000000000000000111000000000
000000000000000000000000000000000000000000000000000000000010010000100000000000000010101001000000011100000011100000000000000000010100000000000000000000000000010010000000000000000110000000000000110000000000000000000000000000000000010000000000
000000000000000000000000000000000000000000000000000000000001000000100000000000000100000110000001010010000000100000000000000000001100000000000000000000000000000000000000000000001110000000110001001000110000000000000000000000000000000001110000
000000000000000000000000000000000000000000000000000000000000000000100000000000000011000000000001000100000000000000000000000000000000000000000000000000000000000000000000000001010000000000110000110000110000000000000000000000000000000001010000
000000000000000000010000000000000000000000000000000000000000000000000000000000000010100000000000111000000000000000000000000000000001100000000000000000000000000000000000000010010110000000000000000000000000000000000000000000000000000001110000
000000001110000000101100000000000000000000000000000000000000001110000000000000000011110000000000111000010000000000000000000000000001100000000000000000000000000000100000000010010110000000000000000000000000000000000000000000000000000000000000
000000000000000000000111000000000000000000000000000000000000001110000000000000000000001000000000000000000001110000000000000011000000000000000000000111000000000001110000000001001100000000000000000000000000000000000000000000000000000000000000
000000000000000000010011100000000000000000000000000000000000001110000000000000000000000000000000000000010011110000000000000011100000000000000000001000000000000011111000000011011000000000000000000000000000000000000000000000000000000000000000
000000000000000000010000010000000000000000000000000000000000001010000000000000000000000000000000000000000101000000000000000100100000000000000000010001000000000110001100000001010000000000000100000000000000000000000000000000000000000000000000
000000000000000000001100111000000000000000000000000000000000011010110000000000000000000000000000000000000000000000000000000010010000000000000000110010000000001110001110000000100000000000001010000000000000000000000000000000000000000000000000
000000000000000000000111010000000000000000000000000000000001000000001000000000000000000000000000000000000000000000000000000010010000000000000000110110000000110110001100000000000000000000001001000000000000000000000000000000000000000000000000
000000000000000000000001100000010000000000000000000000000010000010000100000000000000000000001000110000000000000000000000000001110000000000000000110100000010111111111000000000000000000000000110000000000000000000000000000000000000000000000000
000000000000000000000000000000111000000000000000000000000010000011000100000000000000000111010100110000000000000000000000000000000000000000000000010110001100101101110000000000000000000001000000000000000000000000000001100000000000000000000000
000000000000000000000000001100010000000000000000000000000001000001000000000000000000001001010110000000000000000000000000010001110000001000000000010100010110110000100000000000000000000001000000000000000000000000000000000000000000000000000000
000000000000000000000000001101010000000000000110000000000000111001001000000000000000010000010010000000000000000000000001001001110000000100000000001000111111110000000000000000000000000001000000000000000000000000000001001000000000000000000000
000000000000000000000000000111100000000000001001101100011111110001010000000000000000001100010000000000000000000000000001001011100000011010110000000001100100000000000000001100000000000000000000000000000000000000000000000100000000000000000000
000000000000000000110000000000100000000000000101011100011011100000000000000000000000000000010010000000000000000000000000100010100000001000010000000000110110000000000000001010000000011100011100000000000000000000000001101011000000000000000000
000000000000000000111000000000000000000000000010111000011111000000000000000000000000000000001010000000000001100000000000000001000000000111100000000000011100000000000000000110000000000000000000000000000000000000000001110111000000000000000000
000000000000000000000100000001110000000000000000011000011000000000000000000000000000000000000000000000000001100000000000000000100000000010000000000000001000000000000000000000000000000000001110000000000000000000000001110100000000000000000000
000000000001100000000010000000000000000000000000011100010000000000000000000000000000000000000000000000000000000000000000000000111000000000000000000000000000000000000011000000000000000000101100100000000000000000000000010000000000000000000000
000000000001100000011000000000000000000000000000010100000000000000000000000000000000000000000000000000000000000000000000000000000000000000000000000000000000000000000001100000000000000011001000110011000000000000000000010100000000000000000000
000000000000000000000111000000000000000000000000000000000000000000000000000000000000000000000000000000000000000000000000000000111011000000000000000000000000000000000000000000000000000001100110110100000000000000000000011010000000000000000000
000000000000000000000000100000000000000000000000000000000000000000000000000000000000000000000000000000000000000000000000000000000001100000000000000000000000000000000000000000000000110000010000011000000000000000000000000110000000000000000000
000000000000000000100001010000000000000000000010000000000000000000000001000000000000000000000000000000000000000000000000000000000000110000000000000000000000000000000010000000000001010000110001100000000000000001100000000100000011100000000000
000001110000111001000001101000000000000000000111000000000000000000000001000000000000000000000000000000000000000000000000000000000010100000000000000000000000000000000010110000000101100000101001100000000000000001101100000000000000000000000011
000001010001111000000110011000000000000000001010100000000000000000000001000000000000000000000000000000000000000000000000000001010111010000000000000000000000000000000000011000001000000001100110000000000000000001111100000000000000000000000011
000001100000010000110100010000000000000000011101110000000000000000000000000000000000000000000000000000000000000000000000000011110101100000000001110000000000000000000010100000000100110001100010000000000000000001111100000000000000000001100000
000001100000100100000000000000000000000000001010100000000000000000000000000000100000001110000000000111000000000000000000000000000101000000000000000000000000000000000000000000000000010001100000000000000000000001101000000000000000000011111100
000000101011011100000000000000000000000000000111000000110000000000000000000000100000111001000000001101000000000000000000000000011001010000000000000000000000000000000000000000000001010000111000000000000000000000110000000000000000000110001001
000001100000000100000000000000000000011000000010000000110000000000000000000000100001001100000000010110000000000000000000000000010000010000000000000000000000000000001000000000000000000000000000000000000000000000000000000000000000000000001011
100000101000000100010000000000000000011100110000000000000000000000000000000000000001000000000000010000000000110000000000000000000000000000000000000000000000000000001000000000000000000100001000000000010000000000000000001000000000000000000000
100000011000100100000000000000000000001001010000000000000000000000000000000000000001000100011000001000000000110000000000000000000010100000000000000000000000000000000000000000000000000010010000000000101000000000000000001000000000000000010001
110000011000100100000000000000000000000010100000000000000000000000000000000000000000111100001100000000000000000000000100000000000011000000000000000000000000000000000000000000000000000011000000000000101000000000000000000000000000000000110000
010000000000010000000000000000000100011001000000000000111000000000000000000000000000001011000010000000000000000000000100000000000010000000000000000000000000000000000100000000000000000001100000000100010000000000000000111010101000000000110001
010000000000000000000000000000000111111100000000000000111000000000000000000000000000000101011010000000000000001110000100000011000011100000000000000000000000000000000100000000000000000001100000001110000000011000000000111010001000000000010100
000000000000000000000000000000000001101100011110000000000000000000000000000000000000001000000100000000000000000000000000000011100000010000000000000000000000000000000100000000000001000001100000010010000001101000011000000110001000000000010000
100000000000000001100000000000000001110000110000000000000000000000000000000000000000000001001000000000000000000000000000000001010000010000000000000000000000000000000000000000110010100000000000100100000001100000010100000001100000000000000000
000000000000000010100000000000000000010111110100000000000000000001000000000000000000000111011000000000000000000000000000000000110111100000000000000000000000000000000000000000110010100000000000011100000001101000001110000000000000000000000111
000000000000000011000000000000000000000100001110000000000000000111000001100001000000000001010000000000000000000000000000000000110001000000000000000001100000000000000001000000000001000000000000001011001000011000001110001000000000000000000000
000000000000000000000000000000000000000001011000000000000000000111000010010010100000000000100000000000000000000000000001101100001110000000000000000001110000000000000010100000000000000000000000000111110000000000110100000010000000000000000000
000000000000000000000000000000000000000000000000000000000000000011001000100001100000000000000000000000000000011000000001111100000000000000000000001100100000000000000010100000000000000000000000110110110001000000011000100001000000000000000000
000000000000000000000000000000000000000000000000000000001110110011100001000000000000000000000000000000000000011000000101001000000000000000000000001100000000000000000001000000000000000000000001011000010000100000000000000010000000000000000000
000000000001100000000000000000000000000000000000000000000010111000101100000000000000000000000000000000000000000000000111000000000000000000000000000000000000000000000000000000000000000000000001000110001011000000000000100100000000000000000000
000000000001100000000000000000000000000000000000000100000000100100010000000000000000000000000000111000000000000000000100100000000000000000000000000000000000000000000000000001100001100000000000110110000011000001100000001000000000000000001100
000000000000000000000000000000000000000000000000000100100000001100000000000000000000000000000000000000000000000000000000000000000000000000000000000000000000000000000000000010010011000000000000110110000000000001100000000000000000000000001100
000000000000000000000000000000000000000000000000000010100000011000000000000000000000000000000010000010000000000000001011100000000000000000000000000000000000000000001000000001001001000000000000000000000000000000000000000000000000000000000000
000000000000000000000000000000000000000000000000111001000000110000000000000000000001000000000010000010000000000000001000111000000000000000000000000000000000000000001110000000001000000000000000000000000000000000000000000000000000000000000000
000000000000000000011100000000000000000000000000001000000000100100000000001100000001000000000010000010000000000001100001101000000000000000000000000000000000000011000110000000000001000000000000000000000000000000000000000100000000000000000000
000000000000000000101100000000000000000000101000101000000000010100000000001100000001000000000000000000011100000010110110100100110000000000000000000000000000000111000000000000110000000000000000000000000000000000000000001001000000000000000000
000000000000000000011001111100000000000000100010110000000000000000000000000000000000000000000000111000000010000010001001011000110000000000000000000000000000000001000000000001000000000000000000000000000000000000000000000001110000000000000000
000000000000000000001110100010000000000000100001000000000000000000000000000000000000000000000000000000000000000011011001110000000000000001000000000000000000000000110000000000000000000000000000000000000000000000000000001100010000000000000000
000000000000000000001001110001000000000000000001000000000000001100000000000000000000000000000000000000100111000001000110000000000000000010100000000000000000000001110000110000000000000000000000000000000000000000000000000110000000000000000000
000001110000000000000110000010000000000000001110000000000000001010000000000000000000000000000000000000110001100000101010000010000000000000000000000000000000000000000000110000000000000000000000000000000000000000000000000000100000000000000000
000000000000000000000111001100000000000000000000000000000000010001000000000000000000000000000000000000010000001000010100000010000000000001000000000000000000000000000000000000000000000000000000000011000000000000000000001000000000000001100000
000100000100000000000110000000000000000000000000000000000000110101000000000000000000000000000000000000011000001100000010000010000000000000000000000000000000000000000000000000000000000000000000000011000000000000110000111011000000000010010000
000100000100000000000111000000000000000000000000000000000000110101110000000011000000000000000000000000010000011000000000111000000000000000000000000000000000000000000000000000000000000000000000000000000000000000000000000100000000000001100000
000100000100000000000011000000000000000000000000000000011000001110111000000010100000000000000000000000001000001000000000000000000000010000000000000000000000000000000000100000000000000000000000000000000000000000000011000000011100000000000000
000000000000000000000000000000000000000000000000000000100100000111000000000001000000000000000000000000000000000000000000000000000000010100000000000000000000000000000000110000001100000000000000000000000000000000000011000000111100000000000000
000001110000011100000000001000000000000000000000000000011000000010110001100000000000000000000000000000000001110100001100000000000000000001100000000000000000000000000001001111001100000000000000000000000000000000000011001000100010000000000000
000000000000011100000000001000000000000000000011000000000000000001000010110000000000000000000000000000000001100111000000001000000000011100000000000000000000000000111000111000100000000000000000000000000000000000000001100000000100000000000000
000000000000010100000000001000000000000000000011000000000000000000000010001000000110000000000000000000011100000011011000010110000000011100000000000000000000000000000000100100010000000000000000000000000000000000000000110000000100000000000000
000000000000000000000000000000000000000000000000000000000000000000000001000100001001000000000000000000000001111011000001000110000000000000000000000000000000000000000000001110010000000000000000000000000000000000000000000000110000000000000000
000000000000000000000000000000000000000000000000000000000000000000000000111100000110000000000000000001000000001011011010000010000000000110000000000000000000000000000000011001110000000000000000000000000000000000000000000000000000000110000000
000000000000000000000000000000000000000000000000000000000000000000000000010000000000000000000000000001000000001011001000000000000000000010000000000000000000000000000000010011000000000000000110000000000000000000000000000000000000001001000000
000000000000000000000000000000000000000000000000000000010100000000000000000000000000000000000000000001000000000001000000001000000000000010000000000000000000000000000000000000000000000000001100100000000000000000000000000000000000100000000000
000000110001000000000000000000011000000000000000000000010010000000000000000000000000000000000000000000000000101101100000011000000000000000000000000000000000000000000000010000000000000000010000010000000000000000000000000000000001100011000000
000000001000100000000000000010001100000000000000000000010100000000000000000000000000000000000000000000000010100001000001000000000000000000000000000000000000000000000000100010000000000000010000001000000000000000000000000000000010000000000000
000000010000100000000000000110011100000000000000000000000000000000000000000000000000000000000000000000000110100001010110000000000000000000000000000000000000000000000000100011000000000000001111101000000000000000000000011000000001101100000000
000000011111000000000000000000000000100000000000000000000000011000000000000000000000011000000000000000000010000011000010000000000000000000000000010000000000000000000000110001000000000000000100010000000000000000000000001100000000111000000000
011000111110000000000000000000000001010000000000000110000000011100000000000000000100001100000000000000000000000001011000000000000001000000000000101000000000000000000000001001000000000000000000000000000000000000000000010100000000000000000000
011000000000000000000000000100000000001000000000001001000000000000000000000000011110001100000000000000000000000000110000000000011000100000000000101000000000000000000000001110000000000000000000000000000000000000000000010010000000000000000000
000000000000000000000000000111100010001000000000000110000000000000000000000000100001111100000100000000000000000000000000000000100001001100000000010000000000000000000000000000000000000000000000000000000000000000000110110100000001100000000000
000000000000000000000000000011100010010000000000000000001000000000000000000000101011001000011000000000000000000000000000000001000000001110000000000000000000000000000000000000000000000000000000000000000000000000000011110100000010010000000000
000000000001010000000000000000000010010000000000000000100100000000000000000000010001110000011100000000000110000000000000010000100001001100000000000001100000000000000000000000000000000000000000000000000000000000000011111000000001100000000000
000000000010001000000000000000000000000000000000000001000010000000000000000000000000000000011101100000001001000000000000111000011000100000001100011110010000000000000000000000110000000000000000000000000000000000000001001000000000000000000000
000000000111001000000000000000000000000000000000000001100010000000000000000000000000000000000001100000000110000000000001010110000001000000001100011010100000000000000000000010000010000000000000000000000000000000000001110000000000000000000000
000000000110111000000000000000000000000000000000000000001100000000000000000000000000000000000010011000000000000000000001000000000000000000000000000010000000000000000000001000000111000011100000000000000000000000000000000000000000000000000000
000000000111010000000000000000000000000000000000000001001100000000000111000000000000000000000011111000000000000000000101100000000000000000001110000110000000000000000000001000000100100111100000000110110000000000000000000000000000000000000000
000000000010100000000000000000000000000000000000000010001000000000000000000000000000000000000010010100000000000000000111001000000000000000010110000100000000000000000000000001000100111111000000000010000010000000000000000000000000000000000000
000000000000000000000000000000000000000000000000110011010100000000000000000000000000000000000011011000000000000000000000001010000000000000011000000000000000000000000000001101000010111100110000000000010110000000000000000000011000000000000000
000000001000100000000000000000000000000000000000001001011110011100000000000000000000000000000000110000000000000000000111001010000000000000000000000000000000000000000000001101000001000001110000000000001000000000000000000000011000000000000000
000000001101000000000000000000000000000111000000111000111011010010000000000000000000000000000000000000000000000001100001001100000000000000000000000000000000000000000000000110110000000101100000000100101000000000000000000000000000000000000000
000000000010000001000011000000000000000000000000000000110001000010000000000000000000000110000000000000000000000010100000000000000000000000000001000000000000000000000000000001110000000011000000000100011000000000000000000000000000000000000000
000000000000000001000100100000000000000000000000000000110000111001100000000000000000001110000000000000000000000010000110110000000000000000000011100000000100000000000000000000101000000001000000000010000000000000000000000000000000001110000000
000000000000000001000011000000000000000000000000000001000001000000010000000000000000011110000000000000000000000011100010110001100000000000000100010000001010000000000000000100111000000001100000000000000000000000000000000000000000000111000000
111000000000000000000000000000000000000000000011100000110111000110010000000000000000110000000000010000000000000000111100000010100000000000000010101000000010000000001100001001101000000010010000000000000110000000000000000000000000000000000000
010000000000011000000000000000000000000000000010100000000111010000110000000000000000000000000000011000000000000000011100000011000000000000000000000100001011000000001010001100000010010010010000000001100000000000000000000000000000001100000000
010000000000011000011000000000000000000000001000110000001000001100100000000000000100001101000001010100000000000000001100001100000000000000000001000000011010100000000100001110100001100001100000100000000000000000000000000000000000011000000000
011000000000000001100010000000000000000000001000100000000000000100100001000000011000000100100001001100000000000000000000010100011000000000000001011000000010110110000000000100010001010010000001001000000000000000000000000000000000100000011000
011000000000000010000001000000000000000000000001101000000000000000010010100000001110000000000001000000000000000000000000011000011000000000000011100011000001101000000000000010000000001100000000000100000000000000000000000000000000110000010000
000000000000000011100001000000000000000000010001000000000000000100100100011000000101100010100000000000000000000000000000000000000000000000000000000011000000000000000000000010000000000000000000011011000000000000000000000000000000000000000000
000000000000000000011111110000000111000000000000000000000000001000000011110100000011100010101100000000000000000000000000000000000000110000000000000000000000000000000000000000010110000000000000000011000000000000000000000000000000000000000000
000000000000000000001111110000000000000000010100000000000000001010000000000100000001000000000000000000000000000000000000000000000001001000000000000000000000000000000000000000000110000000000000001000000000000000000000000000000000000000000000
000000000000000000000000010000000000000000001000000000000000000100000000010100000000000000000000000000000000000000001100000000000001001000000000000000000000000000000000000000000001000000000000000100000000000000000000000000000000000000000000
000000000000000000000000001000000000000000000000000000000000000000000000000000000000001000000000000000000000000000010010000000000000110000000000000000000001110000000000000000000011000000000000000100010000000000000000000000000001000000000000
000100000000000000000000111101000000000000000000000000000000000000000001010000011000001000000011000000000000000000001100000000000000000000000000000000000010110000000000000000000110000000000000000000100000000000000000000000000111000000000000
000100000000000000000000110100110000000000000000000000000000000011111001110000100100001000000011000100000000000000000000000000000000000001100000000000000010011100000000000000001100000000000000000000000000000010000000010000001001000000000111
000100000000000000000000000011000000000000011100000000000000001000001000000000010110001100000011010000000000000000000000000000000000000010010001000000000011101110000000000000000100000000000000000000000000000010011000010000010010000000000101
100000000000000000000000000000000000000000010011000000000000001000001000000000010000001100000000110000000000000000000000000000000000000001100100000000000001010110000000000000001110000000000000000000000000000010001000010000001100000000001100
000000000000000000000000000000000000000000001110000000001100000010000000000000011010000000000000000000000000000000000000000000000000000000000000001000000001010110000000000001001110000000000000000000000000010001001000000000000000000000000111
000000000000000000000000000000000000000000000100000000010100000001110000000000011000000000000011000000000000000000000000000000000000010000010000000010000000000100000000000000110101001000000000000000000000010000000000000000000000000000000111
000000000000000000000000000000000000000000000000000000001000000000000000000000000101000110000001100000000000000000000000000000000000101000011111110001100000111000000000000001100001000000000000000000000000011000000000001100000000000000000101
110000000000000000000000000000000000000000000000000000000000000000000000000000000001000110000000000000000000000000000000000000000000101000001000101000100000000000000000000000111000010010000000000000000011000010000000010010000000000000010001
110000000000000000000000000000000000000000000000000000000000000000000001100000000000000000000000000000000000000000000000000000000000010000000000011011111000000000000000001100110000000001000000000000000011001101100000001100000000000000101001
000000000000000111000000000000000000000000000000000000000000000000000001100000000100000000000000010000000000000000000000000000000000000000000001000001111000000000000000000000000100000010000000001100000011000010000000000000000000000001000111
000000000000000000000000000000000000000000000000000000000000000000000000000001011100000000000000101000000000000001100000000000000000000000000001011000111000000000000000000000000110001100000000001100001100000000000000000000000000000001001110
000000000000010000000000000000111000000000000000000000111000100000000000000110111100000000000000110000000000000001100000000000000000000000000001001000000000000000000000000000000000110000000000000000011100000000000000000000000000000011011100
000000000000101000000000000000000000000000000000000011111001010000000000000001000000000111000000000000000000000000000000000000000000000000000011011000000100000000000000000000101000100000000000000000010010000000000000000000000000000100100000
000000000000101000000000000000000000000000110000000110000000010000000000000000000000000100100000000000000000000000000000000000110000000000000001100000001000000000000000000100000000000000000000000000011100000000000100000000000000000100110000
000000000000010000000000000000000000000000110000000011000011100000000000000000000000000100100000000000000000000001000000000000110000000000000000000000011010000000000000001100000000000000000000000000001100000000000001000000000000000111110000
000000000000000011000000000000000010000000000000000001000110000000000000010000000000000000000000000111000000000001000000000000000000000000000000000000001100000000000000010000000000000000000000000000000000000000000011000000000000000001101000
000000000000000011000000000000000101000000000000000000000000000000000000101000000000000000110000000000000000000001000000000000000000000000000000000000000100000000000000001100000000000000000000000000000000000000000000000000000000000000010000
000000000000000000000000000000000110000000000000000000000000000000000000110000000000000000010000010000010000000000000000000000000000000000000000000000000000011000000000000100000000000000000000000000000000000000000000000000000000000000010000
100000000000000000000000000000000000000000000000000000000000000000000000000000000000000000000000010000010000000000000000000000000000000000011000000000000000011000000000000000000000000000000000000000000000110000001110000000000000000000000011
001000000000000000000001111000000000000000000000000000000000000000000000000000000000000000000000010000010000000000000000000000000000000000001100000000000000000000000000000000000000000000000000000000000001000000001011000000000000000000000100
001000000000000000000100001000000000000000000000000000000000000000000000000000000000000000000000000000000000000000000000000000000000000000001110000000000110000000000000000000000000000000000000000000000000110000000110000000000000000000000100
000100000000000000000101010000000000000000000000000000000000000000000000000000000000000000000000000010000000000000000000000000000000000000001100000000000110000000000000000000000000000000000000000000000000000000000000000000000000000000000010
110010000000000000001001111000000000000000000000000000000000000011000000000000000000000000000000000101000000000000000000000000000000000100000000000000000000000000000000000000000000000000000000000000000000000000000000000000000000000000000000
001100000000000001100110000000000000000000000000000000000000000100100000000000000000000000000000000001100000000000000000000000000000001010000000000000000000000000000000000000010000000000001000000000000000000000000011000000000000000000000000
000000000000000001111000011000000000000000000000000000000000000011000111000000000000000000001110000000000000000000000000000000000000001010000000000000000000000000000000000000000000000000111000000000000000000000000011001110000000000000000000
000000000000000010000001110000000011000000000000000000000000000000000100100000000000000000000000000000000000000000000000000000000000000100000000000000000000000000000000000000000000000000110000000000000000000000000000001010000000000000000000
000000000000000001010100000000000011000000000000000001000000000000000000010000000000000000000000000000000000001100000000000000000000000000000000000000000000000000000000000010000000000000000000000000000000110000000000011001000000000000000000
000000000000000000010000000000000000000000000000000010100000000000000001100000000000000000000000000000000010001100000000000000000011000000011000000000000000000000000000000111000000000000000000000000000000110000000000001011000000000000000000
000000000000000000111011100000000000000000000000000010100000000000000001010000000000000000000000000000000101000000000000000000000100100000100100000000000000000000000000000000000100000000000000000000000000000000000000011110000000000000000000
000000000000000000110000000000000000000000000000000001000000000001000101100000000000000000000000000000001000100000000000000000000011000000011000000000000000000000000000000000011100000000000000000000000000000000000000100100000000000000000000