000000000000000001000000000000000000000000000000000000000000000001000000010100000000000000000000000000010001010000000000000000000000000000000000000000000000000000000000000110101011000000000000000000000000000000000000100000000000000000000000
000000000000000000100000000000000000000000000000000000000110000000101011101110000000000000000000000000011110100000000000000000000000000100000000000000000000000000000000001001101111000000010000000000000000000000000000010000000000000000000000
000000000000000000000100000000010000000000000000000000001001000000010111101100000000000000000000000000000010100000000000000000000000001010000000000000000000000000000000000001001011000000010000000000000000000000010000000000000000000000000000
000000000000000000001010000000010000000000000000000000000111000000000011101000000000000000000000000000000011100000000000000000000000001010000000000000000000000000000000110010001110100000010000000000000000000000010000000000000000000000000000
000000000000000000000000000000000000000000000000000000000000000000000000000000000000000000000000000000000011000000000000000000000000000100000000000000000000000000000000011000010011000000000000000000000000000000010000000000000000000000001100
000110000000000000010001000000000000000000000000000000000100011110000000000000000000000000000000000000000100100000000000000011000000000000000000000000000000000000000001010000000110000000000000000000000000000000000000000000000000000000010100
000110000000000000101011000000000000000000000000000001100110111101000000000000000000000000000000000000000011000000000000000011000000000000000000000000000000000000000000101101000100000000000000000000011100000000000000000000000000000000011000
000000000000000000000000000000000000000000000000000001101110000001000000000000000000000000000000000000000000000000000000000000000000000000000000000000000000000000000000011110001000000001000000000000100000000000000000001000000000000000000000
000000000000000000000000000000000000000000000000000000001100100010000000000000000000000000000000000000000000000000000000000000000001000000000000000000000000000000000000011101100000000010100000000000100001100000000000011100000000000000000000
000000000000000000000000000000000000000000000000000000000110000010000000000000000000001100000000000000000000000011000000000000000010100000000000000000000000000000000000000001100000000011100000000001101000100000000000100000000000000000000000
000000000000000000000000000000000000000000001100000000000001111000000000000000000000010010000000000000000000000000011000000000000010010000000000000000000110000000000000011000000000001011000000000000101010110110000001100101000000000000000000
000000000000000000000000000000000000000000001100000000000001000000000000000000000001011100000000000000000000000010000000000000100010110000000000000000000110000000000000010001100000111010000000000000011101100010000011100101100000000000000000
000000000000000000000000000000000000000000000000000000000000000000000000000000000010111000000000000000000000000000001000000000100010010000000000000000000000000000000000000011100001001010000000000000000001000010000001000001000000000000000000
000000000001000000000010000000000000000000000000000000000000000000000000000000000000000000000000000000000000000001110000000000100100010000000000000000000000000000000000000000010001101100000000000000000001000100000000111110000000000000000000
000000000010100000000101000000000000000001000000000000000000000000001010000000000011001000000000000000000000100000000000000000000100010000000000000011000000000011100000000000001000101010100000000000000000101000000000010000000000000000000000
000000000011000000000010000000000000000001000000000000000000000000010010000000000000111000000000000000000001010000000000001110000100010000000000000011000000000000000000000100001000001110111110000000000000000000000000000000000000000000000000
000000000000000000000000000000000000000001000000000000000000000000010001100000000000111000000000000000000011011000000000000000000100010000000000000000000000001000001000000011011000000100100001000000000000000000000000000000000000000000000000
000000000000000000000000000000000000000000000000000000000000000000010001100000000000000000000000000000000000010000000000000000100010100000000000000000000000001000001000000010000000000100101001000000000000000000000000000000000000000000000000
000000000000000000000000000000000000000000001000000000000000000000000000000000000000000000000000000000000000000011000000000000100001000000000000000000000000001000001000000000000000000001100011000000000000000000000000000000000000000000000000
000000000000000000000000000000000000000000010100110000000000000000100000100000000000001100000000000000000000011010000000000000100000000000000000000000000000000000000000000000000011100101100100000000000000000000000000000000000000000000000000
000000000000000001100100000000000000000000010100110000000000010000101100100001100000001010000000000000000000001101000000001110000000000000000000000000000000000011100000000000000011111010001000000000000000000000000000000000000000000000000000
000000000000000001000010000111000000000000001000000000110100010000000001000110011010000001000000010000000001010001100000010001000000000000000000000000000000000000000000000000000010110100000000000000000000000000000000000000000000000000000000
000000000110000001011000000000000000000000000000000001001100000000000010000100011101000001001100010011111101010001100000011000100000000000000000000000000000000000000000000000000001100000000000000000000000000000000000000000000000000000000000
000000000110000000111000000000000000000000010000000001000100000000011100000100000110100100010000010000000100000000000000010100100000000000000000000000110000000000000000000000000001100000000000000000000000000000000000000000000000000000000000
000000000000000000000000000000000000000000101000000001110111000000101000000011000100110000000000000001000000000000000001000010110000000000000000000000110000000000000000000000000000000000000000000000000000000000000000000000000000000000000000
000000000000000000000000000000000000000011000100000000000001000001000000000000000100000000011100001100001000000000000011000000110000000000000000000000000000000001100000001000001100000000000000000000000000000000000000000000000000000110000000
000000000000000000000000000000000000000000000100000000000001000000110000000000001100000000001100000110001000000000000011000000000000000000000000000000000000000001100000011100001100000000000000000000010000000000000000000000000110000110000000
000000000000000000000000000000000000000011010100000000000000000000000000000000000110000000001001000000000000000000000000000000110000000000000000000000000000000000000000100000000000000000000000000001001000000000000000000000000110000000000000
000000000000000000000000000000000000000001011000000000000000000000000000000000001001000000000110000001100000000000000000000000000000000000000000000000001110000000010000100100000000000000000000000000000110000000000000000000000000000000000000
000000000000000000000000000011000000000000110000000000000000000000000000000000000110000000000010000000100000000000000010000000000000000000000001110000000000000000011000100000000000000000000000000010011110000000000000000000000000000000000000
000000000000000000000000000011000000001101100000000000000000000000000000000000000000000000000000100001010000000000000110000000000000110110000110110000000000000000010100100100000000000001000011000100100110000000000000000000000000000000000000
000000000000000000000001110000000000000111000000000000000000000011000000000000000000000010000000110001010000000000001001101110000001100011000111110000000000000000000000101000000000000001000011000000100000000000000000000000000000000000000000
000000000000000000000000000000000001000010000001000000000001000010100000000000000000000001100001011000100000000000000000111110000000110110000000000000000000000001001100100000000000000001000000011000101000000000000000000000000000000000000000
000000000000000011000000000000000111110000000010001110000010100001000000000000000000000010000000011000000000000000000001110000000000011100000000000000000000000000000100101000000000000000000000011000011010000000000000000000000000000000000000
000000000000000011000000000000000110111000000011000010000010100000000000000011100000000000000001010000000000000000000100100000000000001000000000000000000000000000010100010000000000000000000000011011011010000000000000000000000000000000000000
000000000000000000000000000000000111110000000010000100000001000000000000000000000000000000000000110000000000000000000111000000000000000000000000000000000000000000010100000000000000000000000000000100011100000000000000000000000000000000000000
000000000000000000000000011000000101000000000100000000000000000000000000000000000000000000000001100000000000000000000010000000000110000000000000000000000000000000011000000000011100000000000000000000001100000000000000000000000000000000000000
000000000000000000000000100100001100000000000000000000000000000000000000000000000000000000000000000000000000000000000000000000001001000000000000000000000000000000011000000000011100000000000000000000000000000000000000000000000000000000000000
100000000000000000000000011000010100000000000000000000000000000000000000000000000000000000000000000000000000001100000000000000000110000000000110100000000000000000010000000000100100000000000000000000000000000000000000000000000000000000000011
000000110000000000000000000000010100000000000001000000000001100000000000000000000000000000000000000000000000010010000000000000000000000000000100100000000000000000000000100000110100000000000000000000000000000000000000000000000000000000000000
001000110000000000000000000000001000000000000010100000000001100000000000000000000000000000000000000000000000010010000000000000000000000000000011100000000000000000000100010000010010000000000000000000000000000000000000000000000000000000001000
001000000000000000000000000000000000000000000001000000000000000000000000000000000000000000000000000000000000001100000000000000000000000000000000000000100000000000000100100000001100000000000000000000000000000000000000000000000000000000001000
001000000000000000000000000000000000000000000000000000000000000000000000000000000000000000000000000000000000000000000000000000000000000000000000000000001000000000000011000000000000000000000000000000000000000000000000000000000000000000001000
000000000000000000000000000000000000000000000000000000000000000000000000000000000000000000000000000000000000000000000000000000000000000000000000000100110001000000000000000000000000000000000000000000000000000000000000000000000000000000000000
100000000000000000000000000000001110000000000000000000000000000000000000000000000000000000000000010000000000000000000000000000000000000000000000000100100001000000000000000000000000000000000000000000000000000000000000000000000000000000000011
000000000000000000000000000000010111000001100000000011000000000000000000000100000000000000000000010000000000000000000000000000000000000000000000000110000001000000000000000000000000000000000011100000000000000110000000000000000000000000000000
000000000000000000000000000000010000100000000000000110000000000000000000001010000000000000000000010000000000000000000000000000000000000000000000000000000000000000001000000000000000001110000101000000000000000110000000000000000000000000000000
000000000000000000000000000000001111100000000000000000010000000000000000000110000000000000000000000000000000000000000000000000000000010000000000000000000000000000001000000000000000000000001101000000000000000000000000000000000000000000000000
100000000000000000000000000000000000100000000000000000010000000000000000000000000000000000000111000111000000000000001100000000000000010000000000000000000000000000001000000000000000000000000100000000000000000000000000001100000000000000000000
110000000000000000000000000000000000000000000000000000010000000000000000000000000000000000000000000000000000000000010010000000000000010000000000000000000000000000000000000000000000011000000111001100000000000000000000001100000000000000000001
001000000000000000000000000000000000000000000000000000000000000000000000000000000000000000000000010000000000000000001100000000000000000000000000000000000000000000000000000000000000101000000000011000000000000000000000000000000001000000000001
011000000000000000000000000000000000000000011100000000000000010000000000000000000000000000000000010000000000000000000000000000000000000000000000000000000000000000000000000000000000001000000000000000110000000000000000000000000001000000000000
000000000000000000000000000000000000000000000000000000000010000100000000000000000000000000000000010000000000000000000000000000000000000000000000000010000000000000000000000000000000000000000000000000110000000000000000000000000001000000000000
000000000000000000000100000000000001000000000001000000000010000010000000000000000000000000000000000000000000100000000000000000000000000000000000000101000000000000000000000000000000000000000000000000000000000000000000000000000000000000000000
000000000000000000000100000000000001000000000001000000000010000000000000000011000000000000000000110000000001010000000000000000000000000000000000000101000000000000000000000000000000000000000000000000000000000000000000000000000000000000000000
000000000000000000000100000000000001000000000001000000000000100100000000000011000000000000100010010000000001010000000000000000000000000000000000000010000000000000000000000000000000000000000000000000000000000000000000000000000000000000000000
000000000000000000000000000000000000001000000000000000000000111000000000000000000000000010011000010000000000100000000000000000000000000000000000000000000000000000000000000000000000000000000000000000000000000000000000000000000010000000000000
000000000000000000000000011000011100001110000000000000000000000000000000000000000000000000000000100000000000000000000110000000000000000000000000000000000000011100000000000000000000000000000000010000000000000000000000000000001001000000000000
000000000000000000000000100100000000000001000000000000000000000001100000000000000000000100010000000000000000000000001001011000000000000000000000000000000000000000000000000000000000000000000000010000000010000000000000000000001000010001011100
000000000000111000011000011000000001011101100000000000000000000010010000000000000000000100010001100011000000000000000110100100000000000000000000000000000000000000000000000000000000000000010000010000000111000000000000000000011101011011011100
000000000000000000010100000000000001000001000000000000000000000001010000000000011100000010100001100110000000000000000000011000000000000000000000000000000000000000000000000000000000000000011100000000001010110000000000000000110010000001001110
000000000000000000001000000000000010100001000000000000000000000000100000000000000000000001000000000000000000000000000000000000000000000000000000000000000000000000000000000000000000000111001100000000001000000000000000000000011111100000110110
000000000000000000000000000000000010000000000000000000000000000000000000000000000000000000000000000000011000000000000000000000000000000000000000000000000000000000000000000000000000000111010000000000010100001000000000000000001110100000000000
000000000000000000000000000000000011100001000000000000000000000000000000000000000000000000000010100000100100000000000000000000000000000000000000000000000000000000000000000000000000000011000100000001110001010000000000000000000000100000010100
000000000000000000000000000000001100100101000000000000000000000000000000000000000000000000000001000000100100000000000000000000000000000000000000000000000000000011000000000000000000000000000110000000000000000000000000000000000000011111000000
000000000000000000000000000000000001001110000000000000000000000000000000000000000000000000000000000000011001100000000000000000000000000000000000000000000000000011000000000000000000000000110010000000011100000000000000000000000000001100001000
000000000000000000000000000000000001000100000000000000000000000000000000000000001100000000000000000000000000001000000000000000000000000000000000000000000000000000000000000000000000000000011100000000001010000000000000000000000000000100000000
000000000000000000000000000000000000000100100000000000000000000000100000000000010010000000000000000000010000010110000000000000000000000000000000000000000000000000000000000000000000000000010000000000000011000000000000000000000000000011000000
000000000000000000000000000000000000010001000000000000011000000001010000000000010100000000000100011000110011001000000000000000000000000000000000000000000000000000000000000000000000000000000000000000000110000000000000000000000000000000000000
000000000000000000000000000000000000010000000000001100100100000001010000000000001000000000001000000000001100000000000000000000100000000000000000000000000000000010000000000000000000000000000000000000000000000000000000000000000000000000000000
000000001100000000000000000000000000001010000100001100010110000000100000000000000000001100000000011001001000000000000000000001000000000000000000000000000000000010000100000000000000000000000000000000000000000000000000000000000000000000000000
000000001100000000000000000000000000000100001110000000010010000000000000000000000000010001100000010010010000000000001100000001110000000000000000000000000000000010001010000000000000000000000000000000000000000000000000000000011000000000000000
000000000000000000000000000000000000000000011011000000000000000000000000000000000000000000000000111111000000000000000000000000000000100000000000000000000000000000001001000000000000000000000000000000000000000011000000000000100100000000000000
000000000000000000000000000000000000000000001110000000010100000000000000000000000000000000010001111010000000000000001101100000000000100000100000000000000000000000000110000000000000000000000000000000000000000011011000000000010000000000000000
000000000000110000000000000000000000000000000100011100011000000000000001110000000000100000111000001110000000000000000110100000000000100011011010100000000000000000000000000000000000000000000000000000000000000100011000000011011000000000000000
000000000000100000000000000000010000000000000000000100000000000000000011111000000011000111000010001100000000000000000011000000000000000100010001010000000000000000000000000000000000000000000000000000000000000101111000001000000000000000000000
000000000000010000000000000000101000000000000000001000000000000001000011001100000100000000000010111000000000000000000000000000000000001100011100010000000000000000000000000000000000000000000000000100000000000101000000001000010010101000000000
000000000000000000000000000000101000000000000000000000000000000010100000001010000010001000000001110000000000000000000000000000001100000101011011100000000001100000000000000000000000000000000000001010000000000000000000001000001000110000000000
000000000000101000000000000000010000000000000000000000000000010010100000001100000010010000000000100000000000000000000001100100001001000010001011000000000001100000000000000000000000000000000000000110000000000000000000000011000000100000000000
000000001100010000000000000000000000000000000000000000000000101010010011011000000001110000000000000000000000000000000001001010011000100000000000000000000000000000000010000000000000000000000000000000000000000000000000000000000001000000000000
000000010010010000000000000000000000000000000000000000000000001000010001100000000000000000000000000000000000000000000000110100000000100000000000111000000000000000000010000000000000000000000000000000000011000000000000000000100010000000000000
000000110010000000000000000000000000000000000110000000000001101100000000000000000100000000000000000000000000011000000000111000000001100000000011001000000000000000000010000000000000000000000000000000000100100000000000000000010010000000000000
000000000011000000000000000000000000000000000110000000000001110000110000000110001010000000000000000000000111011010000000000001100100000000000001110000111000000000000000000000000000000000000000000000000011000000000000000000011100000000000000
000000100010000000110000000000000000110000000000000000000000010011000000000110001010000000000000000000000000001100000000000001101000110000000000100010000000000000111000000000000000000000000000000000000110000000000000000000000000000000000000
000000000010000000110000000000000000110000000000000000000000001100000000000000000100000000000000000000000000001001010000000010100001101100000000000010000000000000000000000000000000000000000000000000001010000000000000000001100000000000000000
000000100100000000000010000000110000000000000000000000000000000000000000000000000000000000000000000000000000000001010000000111000000000000000000000001000000000000000000000000000000000000000000000000010010000000000000000010100000000000000000
000000101000000000000101000000110000000000000000000000000000000000000000000000000001100000001000000000000000001010100000000011100001100000000000000000100100000000000000010000000000110000000000000000010000000000000000000001010000000000000000
000000010000001100000100000001101000000000000000000000000000001100111000000000000010010000010100000000000000000000000000000000100010001000000000000000011100000000000000110000000000010000000000000000110100100000000000000000000000000000000000
000000000000001000000000010011001100000000000000000000000000001100000010000000000010010000011000000000000000000000000000000000000011001000000000000000000000000000000001000000000000000000000000000000000110000000000000000000110000000000000000
000000000000000000000100101011001000000000000000000000000000000000100011000000000001100000000000000000000000000000000000000000000100001100000000000000000000000000000011000000000000000000000000000000000001101110000000000000100000000000000000
000000000000000000001101100000000000000000000000011000000000000000000000100000000000000000000000000000000000000000110000000110000111100000000000001100000000001100000001010000000000000000000000000000010000000101000000000000100000000000000000
000000000000000000000110000110000000000000000000011000000000000000000111000000000000000000000000000000010000000000110000000001000100001000000000010010000000001100000000111000000000000001000000000000000100000001100000000000000000000000000000
001010000000000000000000110000000000000000000000000000000000000000000010001100000000000000000000000000110000000000000000000110111011111000000000001010000000000000000000110000000000001000000000000001000100000101100000000000000000000000000000
000000001000000000000001100010000000000000000000000000000000000001100000011010000000000000000000000001100000000001000000000110001010100000000000000100000000000000000000000000000000000000000000000000000100000100100000000000000000000000000000
001010010100000000000010100000000000000000000000000000000000000010010000000010000000000000000000000000110000000011100000011111011111000000011000000000000000000000000000000000000000001000010000000001101100000100100000000000000000000000000000
000100001000000000000010100000000000000000000000000000000000000010011000000011000000000000000110000001010110000100010000001010001000000001101110000001000000000000000000000000000000000010100000000000010000000001100000000000000000000000000000
000000000000000000000000011000000000000000000000000000000000000001111000000111000000000100000100100011001110000110111000001010000000011111110001100010100000000000000100000000000110000000000000000000000011000001000000000000000000000000000000
010011000000000000000000000000000000000000001000000000000000000010000010000100000000000100000000100111000000000000110000000001100000000000000101001000000000000000001010000000001000100000000110000000110000100010001110000000000000000000000000
101100000000000000000000000000000000000000010100000000000000000110001111100000000000000000000000110100000110000000000000000111000000010000111001001110110000000000001010000000001010110000001100000001010000000000001110100000000000001100000000
101000000000000000000000000000000000000000100010000000000000000011011011100000000000000000000000011100001010000000000000000010000000001100011000110101110000000000000100000000001010110000000110000010100000000000001001011000000000011000000000
000000000000000000000000000000000000000000100010000000000000000001111000100000000000000001110000001100011100000000000000000000000000000010001000000001000000000000000000000001101010010000000000000101100000000000011000000000000000000100101000
000000000000000000000000000000000000000000011100000000000000000000110000000000000000000000000000000100001100000000000000000000000000000000000000000010110000000000000000000001101000010000000000001111100000000000011011100000000000000000011000
000000000000000000000000000000000000000000001000000000000000000000000000000000000000000000000000000011101000000000000011000000000000000000000000000010100000000000000000000001101000000000000000010101000000000000000000000000000000000000110100
000000000000000000000000000000000000000000000000011000000000000000000000000000000000000000000000000001110000000000000101100000000000000000001100000010000000000001100000000000000001000000000000000000001000000000000000000000000000000011000100
000000001000000000000000000000000000000000000000011000000000000000000100100000000000000000000000000000000000000000000100100000001000000000001100000000000000111001010000000000011110000000000000100100010100000000000000000000000000000000110100
000000000110000000000000000000000000000000000000000000000000000000001000001000000000000000000000000000011110000000000101100000001000010000011100000000000000000000110000000000000000000000000000101000100100000000000000000000000000000001000000
000000001101000000000000000110000000000000000000000000000000000000000000001000000000000000000000001110110000000000000010000011000100101101110000000000000000000001110010000000000000000000000000000000010000000000000000000000000000000001110011
100000001011000000000000000110000000000000000000000110000000000000010000000000000000000000000000001111010101100000000000000011111000101000000110100000000000000001000100000110000000000000000010000001100010100001110000000000000000000000000001
010000010010000000000000000000000000000000000001100111100000000000010000000000000000000011100000000000110000100000000000000011001100010011011010010000000000000001001100001011000000000000010001000010100010010010010000000000000000000000000010
100001000100000000000000000000000000000000000001010101100000000000000000000000000000000010010000000000000000000000000000000000011000000000000000100000000000000000000111111110000000000000110001000010100011010111100000000000000000000000000001
000111000000000011000000000000000000000000000000000000110000000000000000101110000000001101110000000000100000100000000000000000000101000010010000000000000000000000000011111100000000000001000000000000000000001000000000000000000000000000000000
000100000000000011000000000000000000000000000000000000000000000000000000011100000000011100101000000000011111100011000000000000000000100010010010000000000000000000000001000000000000000001001100000000000000000111000000000000000000000000000000
000011111000000000000000000000000000000000000000000110110000000000010010001000110000000100011000000000010011000010100011100001111100100000000000000000000000000000000000000000000000000000111000000000000000000111000000000000000000000000000000
000000100000000000000000000000000000000000000000000100100000000000010010000000110000011000011000000000001101100000110000101010100000100000000000000000000000000000000000000000000000000000010000000000000000000000000000000000000000000011000000
000000000000000000000000000000000000000000000000000100100000110110010001000000000000001110000000001000011001100001100000001101111100000000000000000000000000000000000000000000000000000000000000000000000000000000000000000000000000000110000000
000000000000000000000000000000000000000000000000000110000001111100001001000000000001100110000000110100000100110000000000000100110110000011100000000000000000000000000000000000000000000000000000000000000000000000000000000000000000101100000000
000000000000000000000000000000000000000000000000000000000001111000111110000000000000000001000000100110000000110000000000000000010010000000000000000000000000000000000000000000000000000000000000110000000000000000000000000000000000010000100000
000000000000000000000000000000000000000000000000000000000000000000100000000000000100100010000000010110000001000000000000000000001100000000000000000000000000000000000000000000001000000000110001001000110000000000000000000000000000010001110000
000000000000000000000000000000000000000000000000000000000000000000100000000000001100000000000000101110000000000000000000000000000000000000000000000000000000000000000000000001110010000000110000110000110000000000000000000000000000000011011000
000000000000000000010100000000000000000000000000000000000000000100000000000000000100010000000001101100000000000000000000000000000001100000000000000000000000000000100000000010000000000000000000000000000000000000000000000000000000000001110000
000000001110000000100100000000000000000000000000000000000000001110000000000000000010001000000000111000000000000000000000000000000001100000000000000110000000000001110000000000011110000000000000000000000000000000000000000000000000000000100000
000000000000000000010000000000000000000000000000000000000000011011000000000000000001010000000000010000000000110000000000000001000000000000000000001001000000000011111000000000011000000000000000000000000000000000000000000000000000000000000000
000000000000000000010111010000000000000000000000000000000000000011000000000000000000100000000000000000000000100000000000000110100000000000000000000000000000000100000100000000010100000000000000000000000000000000000000000000000000000000000000
000000000000000000010001010000000000000000000000000000000000011011100000000000000000000000000000000000000000000000000000001100000000000000000000010001000000001000100110000010011000000000000100000000000000000000000000000000000000000000000000
000000000000000000010000011100000000000000000000000000000000001101011000000000000000000000000000000000000000000000000000000100000000000000000000110001000000110001010111000001110000000000001010000000000000000000000000000000000000000000000000
000000000000000000001101110000010000000000000000000000000000001101010100000000000000000000000000000000000000000000000000000100001000000000000000000101000000100000100110000000000000000000001001000000000000000000000000000000000000000000000000
000000000000000000000000000000101000000000000000000000000011000100011100000000000000000111001110010000000000000000000000000001111000000000000000001000000000000000000100000000000000000000000110000000000000000000000000000000000000000000000000
000000000000000000000000000101101000000000000000000000000000000000000000000000000000001001010000010000000000000000000000000001010000000000000000000111000000000000111000000000000000000001000000000000000000000000000000000000000000000000000000
000000000000000000000000000111110000000000000010000000000101110100100000000000000000000001010000000000000000000000000000011000000000000000000000010000000000000000110000000000000000000001000000000000000000000000000000000000000000000000000000
000000000000000000000000000000100000000000000111100000001000101110000000000000000000010110000001000000000000000000000001001110000000010000000000001101100000000000100000000000000000000001000000000000000000000000000000001100000000000000000000
000000000000000000000000000111010000000000001001100000011000011101000000000000000000001000100010000000000000000000000001000011000000100100110000000011100000000000000000001100000000000000000000000000000000000000000001111110000000000000000000
000000000000000000000000000111110000000000000100100000110000010000000000000000000000000000100100000000000000000000000000100110100000010010010000000001100001000000000000001010000000011100011100000000000000000000000011001001000000000000000000
000000000000000000100000000001010000000000000010000001110000000000000000000000000000000000000100000000000001100000000000000000010000000001100000000000111010000000000000000110000000000000010000000000000000000000000011000010000000000000000000
000000000000000000000000000001110000000000000001000000100000000000000000000000000000000000000000000000000001100000000000000000000000000100000000000000011100000000000001000000000000000000111010100000000000000000000000000000000000000000000000
000000000001100000000010000000000000000000000000001000010000000000000000000000000000000000000000000000000000000000000000000001110000000000000000000000001000000000000010100000000000000000011010110000000000000000000000010000000000000000000000
000000000001100000010001000000000000000000000000001000000000000000000000000000000000000000000000000000000000000000000000000000111011000000000000000000000000000000000010100000000000000010001000011010000000000000000000110000000000000000000000
000000000000000000001111100000000000000000000000000000000000000000000000000000000000000000000000000000000000000000000000000000001111100000000000000000000000000000000001000000000000000010000001001010000000000000000000111110000000000000000000
000000000000000000000100100000000000000000000010000000000000000000000000000000000000000000000000000000000000000000000000000000000010010000000000000000000000000000000000000000000001110010000011000100000000000000100000000011000000000000000000
000000100000000000000001010000000000000000000010000000000000000000000001000000000000000000000000000000000000000000000000000000000110000000000000000000000000000000000001010000000010010000100011000000000000000001100000000110000011100000000000
000001010000100000000101011000000000000000000010000000000000000000000001000000000000000000000000000000000000000000000000000000001110000000000000000000000000000000000001111000000000010000011001000000000000000010100000000000000000000000000011
000011011011100000011001101100000000000000000000000000000000000000000001000000000000000000000000000000000000000000000000000011000100000000000000000000000000000000000000001000000100010000000001000000000000000111000000000000000000000000000000
000000000011000000011001011000000000000000111000111000000000000000000000000000000000001110000000000110000000000000000000000000000100000000000001110000000000000000000000000000000111000000001110000000000000000000000000000000000000000000001001
000000000010011110000100000000000000000000000000000000000000000000000000000000100000001110000000000101000000000000000000000011010100000000000000000000000000000000000000000000000000001001011000000000000000000001100000000000000000000101011000
100000000011010000000000000000000000000000000010000000110000000000000000000000100000010010000000000001000000000000000000000000110011000000000000000000000000000000000000000000000000010000110000000000000000000000100000000000000000000110001001
100001110000110001000000000000000000001000000010000000110000000000000000000000100010001100000000000110000000000000000000000000011100000000000000000000000000000000000000000000000000000000110000000000000000000000100000000000000000000000000100
100000001100000001000000000000000000010101111010000000000000000000000000000000000010000010001000000110000000110000000000000000000000000000000000000000000000000000000000000000000000000010000000000000010000000000000000000000000000000000000100
100001100100000010000000000000000000010000010000000000000000000000000000000000000010000100010100000000000000110000000000000000000110000000000000000000000000000000000000000000000000000111000000000000101000000000000000000000000000000000010001
111000011000011000000000000000000000110000100000000000010000000000000000000000000000111000000010000000000000000000000100000000000111000000000000000000000000000000000000000000000000000111000000000101101000000000000000011100000000000000010000
111000000000010000000000000000000010001000000000000000101000000000000000000000000000011011000010000000000000000000000100000000000100100000000000000000000000000000000100000000000000000000000000001011010000010000000000001010001000000000000000
010000000000000000000000000000000010000110100100000000101000000000000000000000000000000100001010000000000000001110000100000000000010010000000000000000000000000000000100000000000000000001100000011011000000111000000000100011111000000000000000
000000000000000000000000000000000000000000010010000000010000000000000000000000000000001000000010000000000000000000000000000001010100010000000000000000000000000000000100000000000001000001100000011011000001101000011000011000001000000000000001
000000000000000001100000000000000000001101110010000000000000000000000000000000000000000000000100000000000000000000000000000000000100010000000000000000000000000000000000000000110010100000000000111110000011000000110000001011000000000000000111
000000000000000010100000000000000000000110000111000000000000000000000000000000000000000001000000000000000000000000000000000001110110010000000000000000000000000000000000000000110010100000000000111000000001101000000000000000000000000000000100
000000000000000011000000000000000000001100001010000000000000000001100000100001000000000001001000000000000000000000000000000000111000100000000000000000100000000000000001000000000001000000000000111000000000111000000000000000000000000000000011
000000000000000000000000000000000000000000000000000000000000000000000000010010100000000000110000000000000000000000000000000000011110000000000000000000011000000000000010100000000000000000000000011000011000010000100000000000000000000000000000
000000000000000000000000000000000000000000000000000000000110000101010000100001100000000000000000000000000000011000000000001100000110000000000000001001110000000000000010100000000000000000000000011000101000000000110000000011000000000000000000
000000000000000000000000000000000000000000000000000000000111011010001100000000000000000000000000000000000000011000001110000000000000000000000000001001100000000000000001000000000000000000000001010001111010000000010000000111000000000000000000
000000000001100000000000000000000000000000000000000000000110100000100000000000000000000000000000000000000000000000001101100000000000000000000000000000000000000000000000000000000001000000000011000010010000100000000000000000000000000000000000
000000000001100000000000000000000000000000000000000010000001000000011000000000000000000000000000111000000000000000000000000000000000000000000000000000000000000000000000000001100011000000000001011101000101000001100000000000000000000000001100
000000000000000000000000000000000000000000000000000001000001101110000000000000000000000000000000000000000000000000001100100000000000000000000000000000000000000000000000000001010000100000000000111010000010000001100000000000000000000000001100
000000000000000000000000000000000000000000000000010000100000000000000000000000000000000000000010000010000000000000000000110000000000000000000000000000000000000000000100000000011111000000000000000000000000000000000000000000000000000000000000
000000000000000000001000000000000000000000000000100001000001110000000000000000000001000000000010000010000000000000110000011100000000000000000000000000000000000000011000000000010110000000000000000000000000000000000000000000000000000000000000
000000000000000000011100010000000000000000000001100010000000010000000000001100000001000000000010000010001100000001000001001100000000000000000000000000000000000010010000000000000000000000000000000000000000000000000000000000000000000000000000
000000000000000000000010000100000000000000100001001100000000000000000000001100000001000000000000000000010000000110100010000100110000000000000000000000000000000001100000000000110000000000000000000000000000000000000000000001100000000000000000
000000000000000000000010000010000000000000100010010000000000000000000000000000000000000000000000111000000000000100000010011100110000000000000000000000000000000000100000000000000000000000000000000000000000000000000000001000000000000000000000
000000000000000000000000000001000000000000000011000000000000000000000000000000000000000000000000000000010101100000110001111000000000000000000000000000000000000000000000000000000000000000000000000000000000000000000000010001000000000000000000
000000000000000000000100110001000000000000000101000000000000011100000000000000000000000000000000000000100100000010000010110000000000000011100000000000000000000000010000110000000000000000000000000000000000000000000000000000000000000000000000
000001110000000000011100010001000000000000001100000000000000100010000000000000000000000000000000000000101010001111100010000010000000000000000000000000000000000000100000110000000000000000000000000000000000000000000000000000000000000000000000
000000000000000000011100000110000000000000000110000000000000110101000000000000000000000000000000000000000000111100100010001110000000000000000000000000000000000000000000000000000000000000000000000011000000000000000000010000000000000001100000
000100000100000000000000000000000000000000000000000000000000110010000000000000000000000000000000000000111000010100001100000100000000000000000000000000000000000000000000000000000000000000000000000011000000000000000000000001000000000010010000
000100000100000000000000000000000000000000000000000000000000000000000000000011000000000000000000000000111000010000000000110000000000000000000000000000000000000000000000000000000000000000000000000000000000000000000011000011000000000001100000
000100000100000000000000000000000000000000000000000000011000010000011100000010100000000000000000000000000000000000000000000000000000000000000000000000000000000000000001000100000000000000000000000000000000000000000010001101010100000000000000
000000000000001000000000000000000000000000000000000000100100001000010000100001000000000000000000000000000000000000000000000000000000011000000000000000000000000000000001000001010100000000000000000000000000000000000011000001110110000000000000
000001110000011100000000001000000000000000000000000000011000000001110001010000000000000000000000000000000011000010100000000000000000010010000000000000000000000000000010000000000000000000000000000000000000000000000000000000000011000000000000
000000000000110110000000001000000000000000000011000000000000000001100010000000000000000000000000000000000011000010100000000100000000110000000000000000000000000000111001100100000100000000000000000000000000000000000001100000000110000000000000
000000000000000000000000001000000000000000000011000000000000000000000010001000000110000000000000000000011010000000101000001010000000000100000000000000000000000000000001100010000000000000000000000000000000000000000001100000000100000000000000
000000000000000000000000000000000000000000000000000000000000000000000000000100001001000000000000000000000101101100000100000001000000001010000000000000000000000000000000000011001000000000000000000000000000000000000000100000000000000000000000
000000000000000000000000000000000000000000000000000000000000000000000000000000000110000000000000000001000000101000010010000110000000000100000000000000000000000000000000011100011000000000000100000000000000000000000000000000000000000110000000
000000000000000000000000000000000000000000000000000000000000000000000000111000000000000000000000000001000000001000010100001100000000000111000000000000000000000000000000011000000000000000001010000000000000000000000000000000000000101000000000
000000000000000000000000000000001000000000000000000000011100000000000000000000000000000000000000000001000000111000111000011000000000000000000000000000000000000000000000000000000000000000010010000000000000000000000000000000000001010111000000
000000010000000000000000000000001000000000000000000000010100000000000000000000000000000000000000000000000011011001100000011000000000000000000000000000000000000000000000000000000000000000010000110000000000000000000000000000000010001101000000
000000101001100000000000000110010100000000000000000000011100000000000000000000000000000000000000000000000100100011000111000000000000000000000000000000000000000000000001110011000000000000010000001000000000000000000000001000000010010110000000
000000010010100000000000000110001000000000000000000000000000000000000000000000000000001000000000000000001000000001000101000000000000000000000000000000000000000000000001000000000000000000010000001000000000000000000000001100000010000000000000
000000000011100000000000000000001000110000000000000000000000000000000000000000000000001000000000000000000101000000010011000000000000000000000000010000000000000000000001110000100000000000001000010000000000000000000000010000000001000100000000
011000011010000000000000000000000000101000000000000110000000010100000000000000000000111100000000000000000010000010000100000000000000000000000000101000000000000000000000001001100000000000000000100000000000000000000000000000000000111000000000
011000011000000000000000000010000000000000000000001001000000001000000000000000011000100000000000000000000000000001101000000000110000110000000000101000000000000000000000001010000000000000000000000000000000000000000000000001000000100000000000
000000001000000000000000001101100010000100000000000110000000000000000000000000101000100000000000000000000000000000010000000001010000011100000000010000000000000000000000001110000000000000000000000000000000000000000000000000000001100000000000
000000000000000000000000000011100010111000000000000000000000000000000000000000110010010000010000000000000000000000000000010001000000100011000000001111000000000000000000000000000000000000000000000000000000000000000000001100000010010000000000
000000000000010000000000000000000010000000000000000000000110000000000000000000000010110000111011000000000110000000000000011001010000011100000000001111100000000000000000000000000000000000000000000000000000000000000000001100000001100000000000
000000000000101100000000000000000000000000000000000001100110000000000000000000000000110000010101000000001001000000000000000100110000110000001100010000100000000000000000000000000010000000000000000000000000000000000000111000000000000000000000
000000000000100100000000000000000000000000000000000010001011000000000000000000000000000000001101000000000110000000000000101000000000000000001010011011000000000000000000000000000101000000000000000000000000000000000001110000000000000000000000
000000000000001000000000000000000000000000000000000001001100000000000000000000000000000000001010000000000000000000000011000000000000000000001010001011000000000000000000000000000001100000000000000010000000000000000001110000000000000000000000
000000000100010000000000000000000000000000000000000000000000000000000111000000000000000000000110001100000000000000000000010000000000000000000011001001000000000000000000001010001001000000000000000100011100000000000000000000000000000000000000
000000000011000000000000000000000000000000000000000110011000000000000000000000000000000000000101000000000000000000000011000000000000000000010010000110000000000000000000001011001011000000000000000100110010000000000000000000000000000000000000
000000001001000000000000000000000000000000000000000000010001101100000000000000000000000000000011011000000000000000000000000000000000000000011100000000000000000000000000001001100110100000000000000011100010000000000000000000011000000000000000
000000001001000000000000000000000000000000000000000000000011000100000000000000000000000000000011110000000000000000000011000000000000000000001000000000000000000000000000000001000001100000000000000000010010000000000000000000011000000000000000
000000000001000000000000000000000000000111000000010001100000000010000000000000000000000000000000110000000000000001100000000000000000000000000001000000000000000000000000000110000000100000000000000000000100000000000000000000000000000000000000
000000001001000001000011000000000000000000000000011011000010001110000000000000000000000000000000000000000000000110110100000100000000000000000010100000000000000000000000000100011000000000000000000000011100000000000000000000000000000000000000
000000000000000001000100100000000000000000000000000011000000000000100000000000000000010111000000000000000000000110110100000000000000000000000100010000000000000000000000000000011000000001000000000000000000000000000000000000000000001110000000
111000000000000001000011000000000000000000000001000001001111011111011000000000000000101010000000000000000000000110000010110001100000000000000011011000000110000000000000000001000000000011100000000000000000000000000000000000000000011100000000
111000000000000000000000000000000000000000000110000000101111011000001000000000000000100100000000011000000000000001000110000010100000000000000000111000000011000000001100000001100110000110010000000000000000000000000000000000000000000000000000
001000000000011000000000000000000000000000000110110000010001000110001000000000000000100010000000110000000000000000000110000011000000000000000000101000011010000000001010000110111101100110010000000000000000000000000000000000000000000000000000
110000000000011001010000000000000000000000000110000000000011011000000000000000000000000010000000110100000000000000000000001100000000000000000000110000010010011000000100000001100010010000100000000000000000000000000000000000000000100000000000
101000000000000001010000000000000000000000000001000000000000001110000011000000011111001001000000001100000000000000000000010100011000000000000000000110001110000100000000000001000011010000100000000000000000000000000000000000000000100100011000
010000000000000010000110000000000000000000000001010000000000000000111011110000011111000110000000000000000000000000000000011000011000000000000011011101000011011100000000000110000000010000000000001110000000000000000000000000000000110000011000
000000000000000010001110000000000000000000000001010000000000000000000100001000000001000000100000000000000000000000000000000000000000000000000011000101000000000000000000000000000100000000000000000001000000000000000000000000000000000000000000
000000000000000010000000000000000111000000000000000000000000000000000011010110000000100000000000000000000000000000000000000000000000110000000000000000000000000000000000000000001010000000000000011001000000000000000000000000000000000000000000
000000000000000000011010101000000000000000011100000000000000001100000011010110000001000000000000000000000000000000000000000000000001001000000000000000000000000000000000000000000001000000000000010001000000000000000000000000000000000000000000
000000000000000000000011111100000000000000000000000000000000000000000000101000000001000000000000000000000000000000001100000000000001001000000000000000000000100000000000000000000101100000000000001110000000000000000000000000000000000000000000
000000000000000000000010100110000000000000000000000000000000000000100000101000000000001000000000000000000000000000010010000000000000110000000000000000000001100000000000000000001101100000000000000000000000000000000000000000000011100000000000
000100000000000000000001111111000000000000000000000000000000000001001001011000011100010100000010000000000000000000001100000000000000000000000000000000000111000000000000000000001110000000000000000000000000000000000000000000000001100000000010
100100000000000000000000000100110000000000011000000000000000000000000111010000100010100100000101000000000000000000000000000000000000000001100000000000000111000000000000000000000000000000000000000000000000000010000000010000001101100000000001
110100000000000000000000000011100000000000010110000000000000000001001100100001000001010100000011011000000000000000000000000000000000000010010000000000000110000000000000000000000000000000000000000000000000000101111100010000010010000000000011
110000000000000000000000000001000000000000010001000000000000000000001000000001000010001000000010001000000000000000000000000000000000000001110000000000000000000000000000000000000000000000000000000000000000000101111100010000001100000000000000
110000000000000000000000000000000000000000011001000000001100000011010000000000101110000000000000000000000000000000000000000000000000000001110011100000000000000010000000000000000010000000000000000000000000000000000000000000000000000000000001
000000000000000000000000000000000000000000001110000000010100000000000000000000011010000000000000010000000000000000000000000000000000010000110100010001100000001100000000000000100001100000000000000000000000101000000000000000000000000000001100
000000000000000000000000000000000000000000000100000000001000000001100000000000000011000110000010100000000000000000000000000000000000101000110000000101100000011100000000000000001111000000000000000000000000001000000000001100000000000000000100
000000000000000000000000000000000000000000000000000000000000000000000000000000000100000110000001000000000000000000000000000000000000101000011010000000000000011000000000000000000000000000000000000000000010000111000000010010000000000000100000
000000000000000000000000000000000000000000000000000000000000000000000001100000000000000000000000000000000000000000000000000000000000010000000000010001000000000000000000000000011000000111000000000000000000011100100000001100000000000001000100
000000000000000111000000000000000000000000000000000000000000000000000001100000000000000000000000010000000000000000000000000000000000000000000001000001001100000000000000000000001010000001000000001100000000000101000000000000000000000001000000
000000000000000000000000000000000000000000000000000000000000000000000000000011000110000000000000101000000000000001100000000000000000000000000011101000011100000000000000000000000000000010000000001100000000000010000000000000000000000000011000
000000000000010000000000000000111000000000000000000000011000000000000000000100011100000111000000110000000000000001100000000000000000000000000001000100011000000000000000000000000101000100000000000000110000000000000000000000000000000011000000
000000000000101000000000000000000000000000000000000110011100110000000000000011111000001001000000000000000000000000000000000000000000000000000010011000000000000000000000000000000001001000000000000000110111000000000000000000000000001100000000
000000000000101000000000000000000000000000110000001100001010010000000000000001110000001101000000000000000000000000000000000000110000000000000011111000011000000000000000001100000000000000000000000000111110000000000000000000000000001110000000
000000000000010000000000000000000000000000110000000101101000100000000000000000000000000000110000000000000000000001000000000000110000000000000001100000110000000000000000010100000000000000000000000000001000000000000011000000000000001100000000
000000000000000011000000000000000010000000000000000011000100000000000000010000000000000000110000000111000000000001000000000000000000000000000000000000010100000000000000010000000000000000000000000000000000000000000011000000000000000000001100
000000000000000011000000000000000101000000000000000000000000000000000000101000000000000001001000000000000000000001000000000000000000000000000000000000001100000000000000010100000000000000000000000000000000000000000010000000000000000000011000
000000000000000000000000000000000110000000000000000000000000000000000000110000000000000000110000010000010000000000000000000000000000000000001000000000000000011000000000001100000000000000000000000000000000000000000110000000000000000000000011
000000000000000000000000101000000000000000000000000000000000000000000000000000000000000000000000010000010000000000000000000000000000000000001100000000000000011000000000000000000000000000000000000000000000000000001011000000000000000000000001
101000000000000000000001001000000000000000000000000000000000000000000000000000000000000000000000010000010000000000000000000000000000000000010010000000000000000000000000000000000000000000000000000000000001100000001000100000000000000000000101
100100000000000000000011001000000000000000000000000000000000000000000000000000000000000000000000000000000000000000000000000000000000000000000011000000000110000000000000000000000000000000000000000000000000000000000111000000000000000000000110
010010000000000000001101011000000000000000000000000000000000000000000000000000000000000000000000000001000000000000000000000000000000000000000100000000000110000000000000000000000000000000000000000000000000000000000010000000000000000000000000
100010000000000000001001000000000000000000000000000000000000000011000000000000000000000000000000000000100000000000000000000000000000000100000000000000000000000000000000000000000000000000000000000000000000000000000000000000000000000000000000
011100000000000000010000000000000000000000000000000000000000000100100111000000000000000000000000000010100000000000000000000000000000001010000000000000000000000000000000000000000000000000010000000000000000000000000011000100000000000000000000
001000000000000011001000001000000000000000000000000000000000000011000100100000000000000000001110000001000000000000000000000000000000001010000000000000000000000000000000000000000000000000001100000000000000000000000011000011000000000000000000
000000000000000001000010001000000011000000000000000000000000000000000100000000000000000000000000000000000000000000000000000000000000000100000000000000000000000000000000000010000000000000000000000000000000000000000000011011000000000000000000
000000000000000000000110100000000011000000000000000001000000000000000001010000000000000000000000000000000000001100000000000000000000000000000000000000000000000000000000000101000000000000000000000000000000110000000000000001100000000000000000
000000000000000000011111100000000000000000000000000010100000000000000000011000000000000000000000000000000111001100000000000000000011000000011000000000000000000000000000000000000000000000000000000000000000110000000000011011100000000000000000
000000000000000000000101100000000000000000000000000010100000000000000000010000000000000000000000000000001000011000000000000000000100100000100100000000000000000000000000000111000000000000000000000000000000000000000000000011000000000000000000
000000000000000000100000000000000000000000000000000001000000000000100000010000000000000000000000000000010001100000000000000000000011000000011000000000000000000000000000000000001110000000000000000000000000000000000000100000000000000000000000