000000000000000000000000000000000000000000000000000000000000000001001000011110000000000000000000000000100001011000000000000000000000000000000000000000000000000000000000000111101101000000000000000000000000000000000000000000000000000000000000
000000000000000000000000000000000000000000000000000000000110000001000000000011000000000000000000000000100011001000000000000000000000000100000000000000000000000000000000001100100000000000010000000000000000000000000000000000000000000000000000
000000000000000000000000000000000000000000000000000000001001000000100100000010000000000000000000000000010010000000000000000000000000001010000000000000000000000000000000110111101001110000010000000000000000000000010000000000000000000000000000
000000000000000000000000000000000000000000000000000000001101000000001000000100000000000000000000000000001100110000000000000000000000001010000000000000000000000000000000101101110000000000010000000000000000000000010000000000000000000000000000
000000000000000000000010000000000000000000000000000000001000000100000000000000000000000000000000000000001110000000000000000000000000000100000000000000000000000000000000001100010100000000000000000000000000000000010000000000000000000000001100
000110000000000000000011000000000000000000000000000000101110110110000000000000000000000000000000000000000101000000000000000011000000000000000000000000000000000000000000000000001000000000000000000000011000000000000000000000000000000000010100
000110000000000000000011000000000000000000000000000001010010100101000000000000000000000000000000000000000011000000000000000011000000000000000000000000000000000000000000000000011010000000000000000000001100000000000000001000000000000000011000
000000000000000000000000000000000000000000000000000001000000110101100000000000000000000000000000000000000000000000000000000000000000000000000000000000000000000000000000110000101100000001000000000000101000000000000000010100000000000000000000
000000000000000000000000000000000000000000000000000000111111001001000000000000000000000000000000000000000000000000000000000000000001000000000000000000000000000000000000000010010000000000100000000000100000000000000000000000000000000000000000
000000000000000000000000000000000000000000000000000000001110000010000000000000000000011100000000000000000000000000000000000000000110100000000000000000000000000000000000010111110000000000110000000000010011100000000001100111000000000000000000
000000000000000000000000000000000000000000001100000000000101011000000000000000000000110010000000000000000000000000000000000000000000001000000000000000000110000000000000010000100000010101000000000001000010001111000010100000100000000000000000
000000000000000000000000000000000000000000001100000000000001010000000000000000000001011110000000000000000000000010011000000000100000000000000000000000000110000000000000011001000000010001000000000000111110100001000111000010010000000000000000
000000000000000000000000000000000000000000000000000000000000000000000000000000000010111100000000000000000000000001000000000000100000000100000000000000000000000000000000000110010001000010000000000000011111001101000001011100100000000000000000
000000000001000000000010000000000000000000000000000000000000000000000000000000000010001100000000000000000000000000000000000000110000000100000000000000000000000000000000000001000010010010000000000000000001100110000001100111000000000000000000
000000000010100000000101000000000000000001000000000000000000000000000110000000000001101100000000000000000001110000110000000000000000000100000000000011000000000011100000000001000111001010101010000000000000000000000000100110000000000000000000
000000000011000000000010000000000000000001000000000000000000000000100011000000000001101100000000000000000010001000000000001110000000000000000000000011000000000000000000000111100100110100101010000000000000000000000000000000000000000000000000
000000000000000000000000000000000000000001000000000000000000000000100010100000000000011000000000000000000010000100000000000000001000001000000000000000000000001000001000000100111100000100100101100000000000000000000000000000000000000000000000
000000000000000000000000000000000000000000000000000000000000000000010010010000000000010000000000000000000001000010000000000000100100010000000000000000000000001000001000000101100000000001000000100000000000000000000000000000000000000000000000
000000000000000000000000000000000000000000001000000000000000000000000001100000000000001000000000000000000000000010000000000011100011100000000000000000000000001000001000000000000000000101111100100000000000000000000000000000000000000000000000
000000000000000000000000000000000000000000010100110000000000000000000000000001100000001100000000000000000000100000100000001100000000000000000000000000000000000000000000000000000010000111101101000000000000000000000000000000000000000000000000
000000000000000011111000000000000000000000010100110000000000000000001001100100100000001011000000000000110000100000000000001000100000000000000000000000000000000011100000000000000110001011100000000000000000000000000000000000000000000000000000
000000000000000010010100000111000000000000001000000000110110000000000000101000010000000010000000010001000000000010000000110000000000000000000000000000000000000000000000000000000110000010000000000000000000000000000000000000000000000000000000
000000000110000011000000000000000000000000000000000011010110000000010001001000000001100010010000010010000000000000000000000000100000000000000000000000000000000000000000000000000010000000000000000000000000000000000000000000000000000000000000
000000000110000000101100000000000000000000011000000010010000000000000000001110001010010000001000001101010110000000000000001001100000000000000000000000110000000000000000000000000001000000000000000000000000000000000000000000000000000000000000
000000000000000000010000000000000000000001000100000010001011100000100100000000001101010000010000001000000000000000000000000001010000000000000000000000110000000000000000001000000000000000000000000000000000000000000000000000000000000000000000
000000000000000000000000000000000000000001000010000001110011100001110000000000000011100000001000010010000000000000000000100000100000000000000000000000000000000001100000010100001100000000000000000000000000000000000000000000000000000110000000
000000000000000000000000000000000000000010110010000000000000000000000000000000000010000000001100001001000000000000000001000000100000000000000000000000000000000000010000100010001100000000000000000000000000000000000000000000000110000110000000
000000000000000000000000000000000000000010001110000000000000000000000000000000000100000000000001000000100000000000000000000000000000000000000000000000000000000001100001000100000000000000000000000000001100000000000000000000000110000000000000
000000000000000000000000000000000000000100101000000000000000000000000000000000000001000000001001000011100000000000000000000000000000000000000001100000001110000000001000001000000000000000000000000000010110000000000000000000000000000000000000
000000000000000000000000000011000000000011000000000000000000000000000000000000000110000000000100000001010000000000000110000000000000100010000011110000000000000000100010000000000000000000000000000000010011000000000000000000000000000000000000
000000000000000000000000000011000000001100010000000000000000000000000000000000000000000000000000010000011000000000001000000000000001100011000100111000000000000000111000000000000000000001000010100001010010000000000000000000000000000000000000
000000000000000000000001110000000000001001100000000000000000000011000000000000000000000011000001010001010000000000000101000110000011000001100101110000000000000000000100010000000000000001000010001000001110000000000000000000000000000000000000
000000000000000000000000000000000000001111000000000110000001000010100000000000000000000011100000000000100000000000000000100110000001100011000011100000000000000000001000010000000000000001000000001000111100000000000000000000000000000000000000
000000000000000011000000000000000000001010000111001010000010100001000000000000000000000011000000000000000000000000000000000000000000111110000001000000000000000000000000110000000000000000000000101001000100000000000000000000000000000000000000
000000000000000011000000000000001100011100000000000010000010100000000000000011100000000000000000000000000000000000000000100000000000011100000000000000000000000000000001000000000000000000000000011010000000000000000000000000000000000000000000
000000000000000000000000000000000000000000000101000000000001000000000000000000000000000000000000010000000000000000001101100000000000001000000000000000000000000000110100000000001000000000000000001111000110000000000000000000000000000000000000
000000000000000000000000011000000000000000000010000000000000000000000000000000000000000000000000110000000000000000000101000000000110000000000000000000000000000001101000000000011100000000000000000100000000000000000000000000000000000000000000
000000000000000000000000100100001100000000000000000000000000000000000000000000000000000000000000100000000000000000000010000000001001000000000010000000000000000000101000000000111010000000000000000000000000000000000000000000000000000000000000
100000000000000000000000011000000110000000000000000000000000000000000000000000000000000000000000000000000000001100000000000000000110000000000111100000000000000000010000000001101001000000000000000000000000000000000000000000000000000000000011
000000110000000000000000000000010110000000000001000000000001100000000000000000000000000000000000000000000000010010000000000000000000000000000100010000000000000000000000000001000001000000000000000000000000000000000000000000000000000000000000
001000110000000000000000000000001000000000000010100000000001100000000000000000000000000000000000000000000000010010000000000000000000000000000010010000000000000000000001110000100010000000000000000000000000000000000000000000000000000000001000
001000000000000000000000000000000000000000000001000000000000000000000000000000000000000000000000000000000000001100000000000000000000000000000011100000000000000000000000010000011100000000000000000000000000000000000000000000000000000000001000
001000000000000000000000000000000000000000000000000000000000000000000000000000000000000000000000000000000000000000000000000000000000000000000000000000110000000000000011100000000000000000000000000000000000000000000000000000000000000000001000
000000000000000000000000000000000000000000000000000000000000000000000000000000000000000000000000000000000000000000000000000000000000000000000000000000000001000000000000000000000000000000000000000000000000000000000000000000000000000000000000
100000000000000000000000000000001010000000000000000010000000000000000000000000000000000000000000010000000000000000000000000000000000000000000000001101010001000000000000000000000000000000000011100000000000000000000000000000000000000000000011
000000000000000000000000000000011001100000000000000101000000000000000000000100000000000000000000010000000000000000000000000000000000000000000000001111100001000000000000000000000000000000000111100000000000000110000000000000000000000000000000
000000000000000000000000000000010110110000000000000101000000000000000000001010000000000000000000010000000000000000000000000000000000000000000000000000000000000000001000000000000000001110001001000000000000000110000000000000000000000000000000
100000000000000000000000000000001010110000000000000011110000000000000000000110000000000000000000000000000000000000000000000000000000010000000000000000000000000000001000000000000000000000001110000000000000000000000000000000000000000000000000
010000000000000000000000000000001010110000000000000000010000000000000000000000000000000000000111000111000000000000001100000000000000010000000000000000000000000000001000000000000000001000001000001000000000000000000000001100000000000000000001
011000000000000000000000000000000000000000000000000000010000000000000000000000000000000000000000000000000000000000010010000000000000010000000000000000000000000000000000000000000000011100000111110100000000000000000000001100000000000000000011
001000000000000000000000000000000000000000000000000000000000000000000000000000000000000000000000010000000000000000001100000000000000000000000000000000000000000000000000000000000000000100000110010100000000000000000000000000000001000000000000
011000000000000000000000000000000000000000011100000000000000000000000000000000000000000000000000010000000000000000000000000000000000000000000000000000000000000000000000000000000000001000000000001000110000000000000000000000000001000000000000
000000000000000000000000000000000000000000000000000000000010000000000000000000000000000000000000001000000000000000000000000000000000000000000000000010000000000000000000000000000000000000000000000000110000000000000000000000000001000000000000
000000000000000000000100000000000001000000000001000000000011000000000000000000000000000000000000110000000000100000000000000000000000000000000000000101000000000000000000000000000000000000000000000000000000000000000000000000000000000000000000
000000000000000000000100000000000001000000000001000000000000000000000000000011000000000000000000000000000001010000000000000000000000000000000000000101000000000000000000000000000000000000000000000000000000000000000000000000000000000000000000
000000000000000000000100000000000001000000000001000000000001001000000000000011000000000000000000001000000001010000000000000000000000000000000000000010000000000000000000000000000000000000000000000000000000000000000000000000000000000000000000
000000000000000000000000000000000000001000000000000000000001001000000000000000000000000000110000111000000000100000000000000000000000000000000000000000000000000000000000000000000000000000000000000000000000000000000000000000000000000000000000
000000000000000000000000011000011100011111000000000000000000111000000000000000000000000000011001010000000000000000000111110000000000000000000000000000000000011100000000000000000000000000000000010000000010000000000000000000000000000000001000
000000000000000000000000100100000000010000100000000000000000000001100000000000000000000000101001100010000000000000001000011000000000000000000000000000000000000000000000000000000000000000000000010000000011000000000000000000000011101011101000
000000000000111000011000011000000001101010000000000000000000000010010000000000000000000110110010010101000000000000000110000100000000000000000000000000000000000000000000000000000000000000111000010000000000100000000000000000000111100000000000
000000000000000000010100000000000011111001100000000000000000000001010000000000011100000100010001100101000000000000000011111000000000000000000000000000000000000000000000000000000000000011110000000000011101110000000000000001110001001110000000
000000000000000000001000000000000000110000000000000000000000000000100000000000000000000011100000000010000000000000000000000000000000000000000000000000000000000000000000000000000000000011100110000000011100000000000000000000110000100000011110
000000000000000000000000000000000110000000000000000000000000000000000000000000000000000000000000000000011000000000000000000000000000000000000000000000000000000000000000000000000000000001100000000000000000000000000000000000000000001101111110
000000000000000000000000000000000010101110000000000000000000000000000000000000000000000000000000000000100110000000000000000000000000000000000000000000000000000000000000000000000000000011100000000000111000000000000000000000000001001111011100
000000000000000000000000000000000100001110000000000000000000000000000000000000000000000000000000000000100110000000000000000000000000000000000000000000000000000011000000000000000000000010000001000000100100000000000000000000000000010010000000
000000000000000000000000000000000011101100000000000000000000000000000000000000000000000000000000000000100000011000000000000000000000000000000000000000000000000011000000000000000000000001110010000000010110000000000000000000000000010100000000
000000000000000000000000000000000001010100000000000000000000000000000000000000001100000000000000000000000000110100000000000000000000000000000000000000000000000000000000000000000000000000111000000000010011000000000000000000000000001100000000
000000000000000000000000000000000000000100000000000000000000000000100000000000010010000000000000000000000100100010000000000000000000000000000000000000000000000000000000000000000000000000000000000000001000100000000000000000000000000100000000
000000000000000000000000000000000000001000000000000000011100000001010000000000010100000000000000000001000010001100000000000000000000000000000000000000000000000000000000000000000000000000000000000000000011000000000000000000000000000000000000
000000000000000000000000000000000000010000000100001100100010000001010000000000001000000000000000000000100000000000000000000000000000000000000000000000000000000010000000000000000000000000000000000000000010000000000000000000000000000000000000
000000001100000000000000000000000000010100001110001100110001000000100000000000000000000000000000000000100010000000000000000001000000000000000000000000000000000010000100000000000000000000000000000000000000000000000000000000000000000000000000
000000001100000000000000000000000000001100010101000000000010000000000000000000000000000000000000000000111000000000000000000001010000000000000000000000000000000010001010000000000000000000000000000000000000000001000000000000010000000000000000
000000000000000000000000000000000000000000111011100000011000000000000000000000000000000000100000000000000000000000000111000001100000100000100000000000000000000000001001000000000000000000000000000000000000000011110000000000101000000000000000
000000000000000000000000000000000000000000010101001100010000000000000000000000000000000000001011000000000000000000001111100000000000100011011000000000000000000000000110000000000000000000000000000000000000000101011000000001001000000000000000
000000000000110000000000000000000000000000001110010100011000000000000000000000000011000010000101100000000000000000001000100000000000111111011011100000000000000000000000000000000000000000000000000000000000000100110100000001000000000000000000
000000000000110000000000000000010000000000000100000100000000000000000000000000000001100000000101100110000000000000000111000000000000001000001111010000000000000000000000000000000000000000000000000000000000001100101000000100101000000000000000
000000000000000000000000000000101000000000000000000000000000000001000000000000000101000110100010000100000000000000000010000000000000010010000011010000000000000000000000000000000000000000000000000100000000000010100000000110010001100000000000
000000000000000000000000000000101000000000000000000000000000000010110000000000000101001100000001111000000000000000000000000000000000001010011101110000000001100000000000000000000000000000000000001010000000000000000000000100000000000000000000
000000000000000000000000000000010000000000000000000000000000000110000000110100000110011000000000110000000000000000000001100100010100000100010000000000000001100000000000000000000000000000000000000110000000000000000000000000000001010000000000
000000011100111000000000000000000000000000000000000000000000101101010010011000000001001000000000100000000000000000000011001010000001110000000010001000000000000000000010000000000000000000000000000000000000000000000000000000000000000000000000
000000100011010000000000000000000000000000000000000000000001101001000010010000000001110000000000000000000000011000000001111100000000010000000010001000000000000000000010000000000000000000000000000000000011000000000000000000100011000000000000
000001000000000000000000000000000000000000000110000000000011011000110001100000000100000000000000000000000000111000000000111000100001000000000010001000000000000000000010000000000000000000000000000000000000100000000000000000110011000000000000
000000110001000000000000000000000000000000000110000000000000100000000000000110001010000000000000000000000110101100000000010001100010001000000010011000011000000000000000000000000000000000000000000000000000000000000000000000000100000000000000
000000000000000000110000000000000000110000000000000000000000000000100000000110001010000000000000000000000001000010000000000010000010001000000001110011000000000000111000000000000000000000000000000000000011000000000000000001000100000000000000
000000000000000000110000000000000000110000000000000000000000001000000000000000000100000000000000000000000000001000000000000110000001001000000000100011000000000000000000000000000000000000000000000000011010000000000000000001001000000000000000
000000010110000000000000000000010000000000000000000000000000000100000000000000000000000000000000000000000000001000000000001110110001010000000000000011000000000000000000000000000000000000000000000000010110000000000000000010010000000000000000
000000101000000000000110000000001100000000000000000000000000000000000000000000000001100000001000000000000000000001100000000000000001010000000000000000110100000000000000110000000000110000000000000000000010000000000000000001110000000000000000
000000010000001100000000000000010000000000000000000000000000001100111010000000000010010000010100000000000000000000000000000000000100011000000000000000100100000000000000010000000000110000000000000000110011000000000000000001010000000000000000
000000000000001100000000101101010010000000000000000000000000001100000101000000000010010000011000000000000000000000000000000000000100000100000000000000011100000000000010000000000000000000000000000000011000110110000000000001010000000000000000
000000000000000000001110000101001100000000000000000000000000000000000000100000000001100000000000000000000000000000000000000000000000000000000000000000000000000000000100000000000000000000000000000000000011100001000000000001110000000000000000
000000000000000000010000011001000000000000000000011000000000000000000100100000000000000000000000000000000000000000110000000001111110000000000000001100000000001100000000011000000000000000000000000000000000001001000000000000000000000000000000
000000000000000000001010000010000000000000000000011000000000000000001000011000000000000000000000000000110000000001000000000011000011100000000000010010000000001100000011001100000000000000000000000000001000000000100000000000000000000000000000
000000000000000000000011111000000000000000000000000000000000000000000101010100000000000000000000000001010000000000000000000001001000010000000000001010000000000000000000010000000000000000000000000000011010000000110000000000000000000000000000
000000001000000000000000001000000000000000000000000000000000000001111110110010000000000000000000000000011000000010010000000000001110000000010000000100000000000000000000000000000000000000000000000001100000000101001000000000000000000000000000
000000010100000000000001110000000000000000000000000000000000000010110000000100000000000000000000000011011000000100110000000000111111000000011110000000000000000000000000000000000000000000000000000000000000000010000000000000000000000000000000
000110001000000000000001100000000000000000000000000000000000000110100100000010000000000000000101000010110000000100110000000000111111001010100111100000000000000000000000000000000000000000000000000001000010000100000000000000000000000000000000
000010000000000000000000000000000000000000000000000000000000000000110100000010000000000000000100101101111000000101101100000000010000010000000000010011000000000000000100000000000100000000000100000001000101000010110110000000000000000000000000
010001000000000000000000000000000000000000011100000000000000000100100000000010000000000000000000111110001010000001110000000001000000010011000000010110110000000000001010000000011000000000001100000001001000000001111111100000000000001000000000
000000000000000000000000000000000000000000100010000000000000001100010000000000000000000000000000100110001110000000000000000100100000010011000101000011011000000000001010000000011001010000010000000001011000000000000100010000000000011000000000
011010000000000000000000000000000000000000100010000000000000000110001000110000000000000000000000110000001011000000000000000111000000001100100101100000000000000000000100000000101000011000001100000000011000000000000010001000000000010100000000
000000000000000000000000000000000000000000100010000000000000000010000000000000000000000001110000011010010000000000000000000010000000001100011000000000110000000000000000000001001000011000000100000000000000000000001000010000000000000000000000
000000000000000000000000000000000000000000100010000000000000000000000000000000000000000000000000001101111100000000000001000000000000000000000000000110110000000000000000000010000000000000000000000000100000000000001101100000000000000000110100
000000000000000000000000000000000000000000010100000000000000000000000000000000000000000000000000000010111000000000000011100000000000000000000000000110010000000000000000000001110000000000000000000111000000000000001010000000000000000001100100
000000000000000000000000000000000000000000001000011000000000000000000000000000000000000000000000000000000100000000001100110000000000000000000100000011100000000001100000000001110010000000000000001111111000000000000000000000000000000010000110
000000000000000000000000000000000000000000000000011000000000000000000000000000000000000000000000000000100100000000001101010000000000000000001010000000000000111001010000000000011010000000000000011000110000000000000000000000000000000010111010
000000000110000000000000000000000000000000000000000000000000000000000000000000000000000000000000000000011110000000001101100000001100011100000110000000000000000000001000000000001010000000000000000000010000000000000000000000000000000010000010
100000011111000000000000000110000000000000000000000000000000000000000000000000000000000000000000001100011011100000000011100000000100100100001001000000000000000011010000000010000000000000000000000001001000000001110000000000000000000001110110
110000011001100000000000000110000000000000000000000000000000000000000000000000000000000011100000001011110010000000000000000110001000101100011000100000000000000011010111000011000000000000000000000010000010001001010000000000000000000001100010
010000101111000000000000000000000000000000000001101100000000000000000000000000000000000011100000000111001001100000000000000000001000010001101010100000000000000000011011000001100000000000110000000000011100010100010000000000000000000000000000
100011100000000000000000000000000000000000000001100001010000000000000000000000000000000010010000000010000010100000000000000000001100000001111100000000000000000000001100000011000000000001000000000000000111100011110000000000000000000000000001
000001000000000011000000000000000000000000000000000011100000000000000000000110000000000000111000000000000011000000000000000000101000000001110000000000000000000000000110000000000000000001000100000000000001101000100000000000000000000000000000
000100010000000011000000000000000000000000000000000000000000000000000000001011000000001011111100000000100011000011100001000001000110010000000000000000000000000000000010000000000000000001000100000000000000001111100000000000000000000000000000
000011010000000000000000000000000000000000000000001100010000000000010000001101110000001011100100000000110100000010110001010001001100010000000000000000000000000000000000000000000000000001100100000000000000000101000000000000000000000010000000
000000110000000000000000000000000000000000000000000000010000000000101011101000110000000111011000000000001000000000001001001101111111100000000000000000000000000000000000000000000000000000111000000000000000000010000000000000000000000111000000
000000000000000000000000000000000000000000000000000001000000000110001000100000000000010111000000111100001000000000110000000001000110000000000000000000000000000000000000000000000000000000010000000000000000000000000000000000000000010001000000
000000000000000000000000000000000000000000000000001110000000000010100001000000000001110101000000100100000000000000100000011111100011000011100000000000000000000000000000000000000000000000000000000000000000000000000000000000000000100110000000
000000000000000000000000000000000000000000000000000000000000100010101010000000000000000010000001001010000000100000000000000111111010000000000000000000000000000000000000000000000000000000000000110000000000000000000000000000000000110001110000
000000000000000000000000000000000000000000000000000000000000100001101010000000001001000000000000010000000000100000000000000000011100000000000000000000000000000000000000000001010000000000110001001000110000000000000000000000000000000010101000
000000000000000000000000000000000000000000000000000000000000011111000000000000010000000000000001010000000000000000000000000000000000000000000000000000000000000000100000000001010000000000110000110000110000000000000000000000000000000111011100
000000000000000000010000000000000000000000000000000000000000001110000000000000001000010000000011000000000000000000000000000000000001100000000000000000000000000001110000000001011000000000000000000000000000000000000000000000000000000010101000
000000001110000000100000000000000000000000000000000000000000010010000000000000000010001000000001011100000000000000000000000000000001100000000000000110000000000010101000000000100110000000000000000000000000000000000000000000000000000001110000
000000000000000001000010000000000000000000000000000000000000011000000000000000000000001000000000111000000000110000000000000001000000000000000000000110000000000011001000000000111110000000000000000000000000000000000000000000000000000000100000
000000000000000001000011100000000000000000000000000000000000000000000000000000000001110000000000010000000000110000000000001001000000000000000000000000000000001111000110000001100000000000000000000000000000000000000000000000000000000000000000
000000000000000000001000000000000000000000000000000000000000000000011000000000000000000000000000000000000000000000000000001001000000000000000000101000000000111111100001000001001000000000000100000000000000000000000000000000000000000000000000
000000000000000000111011010000000000000000000000000000000000000000011000000000000000000000000000000000000000000000000000000111000000000000000000000101000000000001010011100001010000000000001010000000000000000000000000000000000000000000000000
000000000000000000000000110000110000000000000000000000000000000100100100000000000000000110001100000000000000000000000000000000010000000000000000100010100000110001110001000001100000000000001001000000000000000000000000000000000000000000000000
000000000000000000000000110000101000000000000000000000000000001100110100000000000000000100110110000000000000000000000000000010001100000000000000000001000000000001100110000000000000000000000110000000000000000000000000000000000000000000000000
000000000000000000000000000010010000000000000000000000000000100001111000000000000000000000010100000000000000000000000000000101111000000000000000001111000000000001101000000000000000000001000000000000000000000000000000000000000000000000000000
000000000000000000000000000000000000000000000110000000001011111110000000000000000000000000000000000000000000000000000000101010100000000000000000000011000000000001001000000000000000000001000000000000000000000000000000000000000000000000000000
000000000000000000000000000000000000000000001110000000011111010010000000000000000000010000100000000000000000000000000001000011000000010000000000001100110000000000110000000000000000000001000000000000000000000000000000100000000000000000000000
000000000000000000000000000000011000000000001011110000101100100000000000000000000000001001100110000000000000000000000001101000000000010000110000001110000000000000000000001100000000000000011000000000000000000000000001110111000000000000000000
000000000000000000000000000000011000000000000110100001100000000000000000000000000000000000000110000000000000000000000000000100000000010110010000000010000000000000000000001010000000011100011000000000000000000000000000100000000000000000000000
000000000000000000000000000000101000000000000111000011100000000000000000000000000000000000000000000000000001100000000000000000000000000011100000000001000000000000000000000110000000000000010000000000000000000000000000000000000000000000000000
000000000000000000000000000000110000000000000000000000000000000000000000000000000000000000000000000000000001100000000000000000000000000001000000000000111100000000000001000000000000000000000000110000000000000000000001100000000000000000000000
000000000001100000000000000000100000000000000000000000000000000000000000000000000000000000000000000000000000000000000000000000100000000000000000000000011000000000000010100000000000000000101001101000000000000000000000000000000000000000000000
000000000001100000001100000000000000000000000000000000000000000000000000000000000000000000000000000000000000000000000000000000000000000000000000000000001000000000000010100000000000000011111100001000000000000000000000100100000000000000000000
000000000000000000010000110000000000000000000000000000000000000000000000000000000000000000000000000000000000000000000000000000000001110000000000000000000000000000000001100000000001110011101110001000000000000000000000011101000000000000000000
000000000000000000001110011000000000000000000010000000000000000000000000000000000000000000000000000000000000000000000000000000011101100000000000000000000000000000000001110000000001000101100010001100000000000001110000010000100000000000000000
000001110000000000001110011000000000000000000010000000000000000000000001000000000000000000000000000000000000000000000000000000011100000000000000000000000000000000000001011000000001000000101000110000000000000000010000000011000011100000000000
000010000001000000001001000100000000000000000010000000000000000000000001000000000000000000000000000000000000000000000000000000000000000000000000000000000000000000000001001100000001001000110011100000000000000100110000000010000000000000000000
000011010101101000010101000110000000000000000000000000000000000000000001000000000000000100000000000000000000000000000000000000000100000000000000000000000000000000000000010000000111100000110101100000000000000111100000000000000000000000000000
100000000010100100010101101100000000000000111000111000000000000000000000000000000000001110000000000110000000000000000000000000101110000000000001110000000000000000000000000000000111000000011110000000000000000000100000000000000000000000010000
100000000010110000001110001000000000000000000000000000000000000000000000000000100000011111000000001101000000000000000000000001001100000000000000000000000000000000000000000000000110000000001100000000000000000001000000000000000000000110100001
000000100000000110000000000000000000000000110000000000110000000000000000000000100000010011000000001101100000000000000000000001000010000000000000000000000000000000000000000000000000000001000000000000000000000001110000000000000000000110000000
000000100000100101000000000000000000000000100110000000110000000000000000000000100010011011000000001101000000000000000000000000111011000000000000000000000000000000000000000000000000000000010000000000000000000000000000000000000000000000000000
010000100001100000000000000000000000011001000110000000000000000000000000000000000011100010001100000110000000110000000000000000010001000000000000000000000000000000000000000000000000000010110000000000110000000000000000000000000000000000011010
110000100100000000000000000000000000000000101100000000000000000000000000000000000001011010001010000000000000110000000000000000000101000000000000000000000000000000000000000000000000000101000000000000101000000000000000011100000000000000000101
000000111000011000000000000000000000000110000000000000010000000000000000000000000001101010001001000000000000000000000100000000001101100000000000000000000000000000000000000000000000000000000000001000101000010000000000010000000000000000000000
011000010000011000000000000000000000000110000000000000101000000000000000000000000000110011000000000000000000000000000100000000000000110000000000000000000000000000000100000000000000000010100000001000000000111000000000000010101100000000000000
110000000000000000000000000000000000010110001100000000101000000000000000000000000000000110000100000000000000001110000100000000000000001000000000000000000000000000000100000000000000000000010000000000000001101100010000001010101100000000000000
110000000000000000000000000000000000001010000100000000010000000000000000000000000000000000000011000000000000000000000000000000010000000000000000000000000000000000000100000000000001000001100000000000000011000000101000000011011100000000000011
100000000000000001100000000000000000001111000010000000000000000000000000000000000000000000000000000000000000000000000000000000100000000000000000000000000000000000000000000000110010100000000000000000000111000000101000010100000000000000000001
000000000000000010100000000000000000000000001111000000000000000000000000000000000000000000000000000000000000000000000000000011001110001000000000000000000000000000000000000000110010100000000000000010000011000000010000001000000000000000000100
000000000000000011000000000000000000000111110011000000000000000000000000000001000000000000010000000000000000000000000000000001100100000000000000000000000000000000000001000000000001000000000000000000000001101100000000000000000000000000000000
000000000000000000000000000000000000000100000000000000000000000011000000000010100000000000110000000000000000000000000000000000000011000000000000000000111000000000000010100000000000000000000000000010000000111000110000000000000000000000000000
000000000000000000000000000000000000000000000000000000000000100000001000000001100000000000000000000000000000011000000110000000000011000000000000000011011000000000000010100000000000000000000000001010110100010001001000000000000000000000000000
000000000000000000000000000000000000000000000000000000001111000001111100000000000000000000000000000000000000011000001011000000000000000000000000000000100000000000000001000000000000000000000011011101101100000001000000000101000000000000000000
000000000001100000000000000000000000000000000000000000000000000001000000000000000000000000000000000000000000000000000000000000000000000000000000000000000000000000000000000000000010100000000100010111100001000000000000000010000000000000000000
000000000001100000000000000000000000000000000000000000000001010000000000000000000000000000000000111000000000000000000010010000000000000000000000000000000000000000000000000001100010100000000010000101000000000000010000000000000000000000001100
000000000000000000000000000000000000000000000000000001100000110110000000000000000000000000000000000000000000000000000000010000000000000000000000000000000000000000000000000001010010100000000001100000000011000001100000000000000000000000001100
000000000000000000001000000000000000000000000000100011100001001100000000000000000000000000000010000010000000000000010000110000000000000000000000000000000000000000011000000000011001100000000000000000000000000000000000000000000000000000000000
000000000000000000010100000000000000000000000001011001100000110000000000000000000001000000000010000010000000000001101000000000000000000000000000000000000000000000100100000000000000000000000000000000000000000000000000000000000000000000000000
000000000000000000000010000000000000000000000000000110000000110000000000001100000001000000000010000010000000000100000000101111000000000000000000000000000000000001000000000000111000000000000000000000000000000000000000000000000000000000000000
000000000000000000011000000000000000000000000010000010000000000000000000001100000001000000000000000000011100000000010011101110110000000000000000000000000000000010001000000000010000000000000000000000000000000000000000000000000000000000000000
000000000000000000000000000011000000000000000100001100000000000000000000000000000000000000000000111000011000000100100110001111110000000000000000000000000000000001010000000000000000000000000000000000000000000000000000000000000000000000000000
000000000000000000000000000100100000000000001100110000000000011100000000000000000000000000000000000000011010000100010111001100000000000000000000000000000000000000000000000000000000000000000000000000000000000000000000000000000000000000000000
000000000000000000000001101100100000000000001101100000000000011100000000000000000000000000000000000000010100000000000011011000000000000011100000000000000000000000000000110000000000000000000000000000000000000000000000000000000000000000000000
000001110000000000000111101100100000000000010000000000000000100010000000000000000000000000000000000000110100000001101111011000000000000000000000000000000000000000000000110000000000000000000000000000000000000000000000000000000000000000000000
000000000000000000010100010000000000000000001100000000000001001001000000000000000000000000000000000000100100000000111010000011000000000000000000000000000000000000000000000000000000000000000000000011000000000000000000000000000000000001100000
000100000100000000001000000000000000000000000100000000000001000010000000000000000000000000000000000001101000000000000000001110000000000000000000000000000000000000000000000000000000000000000000000011000000000000000000000011000000000010010000
000100000100000000000000000000000000000000000000000000000000101000011000000011000000000000000000000000101000000000000000000000000000000000000000000000000000000000000000000000000000000000000000000000000000000000000010000101100000000001100000
000100000100001000000000000000000000000000000000000000011000000000011000000010100000000000000000000000010000000000000000000000000000000000000000000000000000000000000000000000000000000000000000000000000000000000000100000101000110000000000000
000000000000011100000000000000000000000000000000000000100100000000111001100001000000000000000000000000000000000000000000000000000000000000000000000000000000000000000011000000000000000000000000000000000000000000000111000011010101000000000000
000001110000100010000000001000000000000000000000000000011000000000000010100000000000000000000000000000000000000000000000000000000000100000000000000000000000000000000110100000000000000000000000000000000000000000000010100001111101100000000000
000000000000110110000000001000000000000000000011000000000000000000000011100000000000000000000000000000000001000000100000000110000000100100000000000000000000000000111010110010000000000000000000000000000000000000000001110000001101000000000000
000000000000000000000000001000000000000000000011000000000000000000000000000000000110000000000000000000001010111110010000000110000000100000000000000000000000000000000000001101100000000000000000000000000000000000000000010000000110000000000000
000000000000000000000000000000000000000000000000000000000000000000000000000000001001000000000000000000001110001110110110001001000000000010000000000000000000000000000001000000011000000000000000000000000000000000000000100000000000000000000000
000000000000000000000000000000000000000000000000000000000000000000000000011000000110000000000000000001000100000000000010001111000000001001000000000000000000000000000000000001111000000000000100000000000000000000000000000000000000011000000000
000000000000000000000000000000000000000000000000000000001000000000000000110000000000000000000000000001000000001110001110001010000000000111000000000000000000000000000000000110000000000000010010000000000000000000000000000000000001001010000000
000000000000000000000000000000001000000000000000000000011100000000000000000000000000000000000000000001000010100000001010101000000000000110000000000000000000000000000000000000000000000000100010000000000000000000000000000000000010000011100000
000000010000000000000000000000010100000000000000000000110110000000000000000000000000000000000000000000000100001001001010110000000000000000000000000000000000000000000001100000000000000000000000000000000000000000000000000000000100011001000000
000000101111100000000000000110100010000000000000000000011100000000000000000000000000000000000000000000001000111000010000000000000000000000000000000000000000000000000001100000000000000000000100001000000000000000000000010100000100010001000000
000000100010010000000000000110010100000000000000000000001000000000000000000000000000000000000000000000001000100011010000100000000000000000000000000000000000000000000010010001100000000000101000011000000000000000000000010000000100000010000000
000000100010000000000000000000001000110000000000000000000000000000000000000000000000000000000000000000001001000010000001000000000000000000000000010000000000000000000001111000000000000000000000011000000000000000000000011100000000000000000000
011000011001000000000000000010000000110000000000000110000000000000000000000000000001101100000000000000000110000001000010000000000000000000000000101000000000000000000001000100100000000000000000000000000000000000000000000000000001001000000000
011000000100000000000000000111000000110000000000001001000000000000000000000000011110001100000000000000000000000000000000000000110000011100000000101100000000000000000000000010000000000000000000000000000000000000000000000000000000001000000000
000000000000000000000000001000100010111000000000000110000000000000000000000000100101001000010000000000000000000001001000000011010000101110000000111000000000000000000000011010000000000000000000000000000000000000000000000000000001110000000000
000000000000000000000000000110100011000000000000000000000000000000000000000000110110011000111110000000000000000000000000011000000000010001000000111001000000000000000000000100000000000000000000000000000000000000000000000000000010010000000000
000000000000011100000000000011000010111000000000000000000100000000000000000000000000001001101111100000000110000000000000010000010000101110000000111001110000000000000000000000000000000000000000000000000000000000000000001100000001100000000000
000000000000000100000000000000000000000000000000000001101010000000000000000000000000110000110000100000001001000000000000001111110000011100011100110000110000000000000000000000000001000000000000000000000000000000000000000000000000000000000000
000000000000000100000000000000000000000000000000000001100010000000000000000000000000100000010011000000000110000000000001000000000000000000011010011100110000000000000000000000000010100000000000000000000000000000000000100000000000000000000000
000000000000001000000000000000000000000000000000000001100010000000000000000000000000000000011011100000000000000000000001010000000000000000000010001000100000000000000000000000000011100000000000000000001100000000000000100000000000000000000000
000000000110110000000000000000000000000000000000000000010010000000000111000000000000000000001101000000000000000000000001110000000000000000000100001011000000000000000000000111111001100000000000000110011100000000000000100000000000000000000000
000000000100100000000000000000000000000000000000000000100011000000000000000000000000000000001101010000000000000000000000000000000000000000001101000110000000000000000000001010111100000000000000000100110001000000000000000000000000000000000000
000000000100010000000000000000000000000000000000000000101010101010000000000000000000000000000101011000000000000000000000000000000000000000110100000000000000000000000000000100001100100000000000000011100001000000000000000000011000000000000000
000000000100010000000000000000000000000000000000000000100000000010000000000000000000000000000000011000000000000001100000000000000000000000010110000000000000000000000000001101100010010000000000000011100000000000000000000000011000000000000000
000000000010100000000000000000000000000111000000010011100010111000000000000000000000000000000000000000000000000011100000000000000000000000001101100000000000000000000000001000110001110000000000000000110000000000000000000000000000000000000000
000000000001000001000011000000000000000000000000010000100011101111100000000000000000001011000000000000000000000110001110000000000000000000000011110000000000000000000000000111101000000001000000000000010010000000000000000000000000000000000000
010000000000000001000100100000000000000000000000000100100000000000001000000000000000011001000000000000000000001100111111000000000000000000000100010000000010000000000000000011000000000011100000000000001100000000000000000000000000001110000000
101000000000000001000011000000000000000000000000000010000000010010000100000000000001100001000000010000000000000101101011000001100000000000000010001000000111000000000000000000000000000010110000000000000000000000000000000000000000011100000000
001100000000000000000000000000000000000000000100000000000000100101001100000000000001111001000000010000000000000000000001000010100000000000000011000000011001000000001100000000010001101000010000000000000000000000000000000000000000000000000000
001100000000011000000000000000000000000000001100000000010001011000000000000000000100101000000000101000000000000000000000000011000000000000000000100000011010000000001010000000001001101110001000000000000000000000000000000000000000000000000000
001100000000011100000000000000000000000000000001100000000001110100000000000000001111000101000000010100000000000000000000001100000000000000000001110010010011000000000100000001010110000000010000000000000000000000000000000000000000000000000000
101000000000000111000000000000000000000000000000100000000001010100010100000000010101100000100000011100000000000000000000010100011000000000000010000110000100110100000000000001000111001000100000000110000000000000000000000000000001110000011000
010000000000000000100000000000000000000000000011100000000000000100100010011000010010100011000000001000000000000000000000011000011000000000000000000100000001011100000000000001000110110000000000001110000000000000000000000000000001110000011000
000000000000000101100010000000000000000000000000000000000000000000010110001100001010010010000000000000000000000000000000000000000000000000000010100000000000001100000000000000000101000000000000010000100000000000000000000000000000000000000000
000000000000000010001000000000000111000000000000000000000000000000000100110010000000010000000000000000000000000000000000000000000000110000000001000000000000000000000000000000001101000000000000111010100000000000000000000000000000000000000000
000000000000000000000100000100000000000000011100000000000000000000000011011100000001100000000000000000000000000000000000000000000001001000000000000000000000000000000000000000000001000000000000010000100000000000000000000000000000000000000000
000000000000000000000010000110000000000000000000000000000000000000000000101000000000000000000000000000000000000000001100000000000001001000000000000000000001100000000000000000001111100000000000001110000000000000000000000000000001000000000000
000000000000000000000010100011100000000000000000000000000000000000000011101100011100001000000000000000000000000000010010000000000000110000000000000000000001100000000000000000001011000000000000001110000000000000000000000000000011100000000000
000000000000000000000001010001100000000000001000000000000000000000000001000000100001010110000011000000000000000000001100000000000000000000000000000000000000000000000000000000000111000000000000000000000000000001110000000000001111110000000000
000000000000000000000001010001010000000000110110000000000000000000000001011001000000000110000100000000000000000000000000000000000000000001100000000000001110000000000000000000000110000000000000000000000000000011111000010000001101100000000000
000000000000000000000000000010010000000000000000000000000000000001101111110000001000000110000100001000000000000000000000000000000000000010110000000000000000000000000000000000000000000000000000000000000000000000010100010000010011000000000000
000000000000000000000000000011100000000000000101000000000000000001111100000000000000011000000011001000000000000000000000000000000000000000000011100000000000000000000000000000000000000000000000000000000000000000110100010000001110000000000011
100000000000000000000000000001000000000000010001000000001100000010111000000001101011000000000000000000000000000000000000000000000000000000000100000001000000000000000000000000000000000000000000000000000000000000111000000000000000000000000001
100000000000000000000000000000000000000000010011000000010100000000000000000000001000000000000000000000000000000000000000000000000000010000000100100010100000000000000000000000000000100000000000000000000000011000010000000000000000000000001011
000000000000000000000000000000000000000000001110000000001000000000000000000000011011000110000001100000000000000000000000000000000000101000011111000100010000001000000000000000000110100000000000000000000000111111000000001100000000000000001010
000000000000000000000000000000000000000000000100000000000000000000000000000000000111000110000001100000000000000000000000000000000000101000011000000010100000000000000000000000010000000011000000000000000000011111000000010010000000000000000000
000000000000000000000000000000000000000000000000000000000000000000000001100000000000000000000000000000000000000000000000000000000000010000010000000000010000000000000000000000100010000101000000000000000000000000100000001100000000000001110000
000000000000000111000000000000000000000000000000000000000000000000000001100000000000000000000000010000000000000000000000000000000000000000000011100000110000000000000000000000010000000101000000001100000000000011000000000000000000000010000000
000000000000000000000000000000000000000000000000000000000000000000000000000000000110000111000000101000000000000001100000000000000000000000000010100000100000000000000000000000000010000110000000001100010000000010000000000000000000000110110000
000000000000010000000000000000111000000000000000000100000000000000000000000110000010000100100000110000000000000001100000000000000000000000000001000000000000000000000000000000000011000000000000000000110000000000000000000000000000000100100000
000000000000101000000000000000000000000000000000001111100000110000000000000110000100001000100000000000000000000000000000000000000000000000000000001100100000000000000000000000000000000000000000000001000011000000000000000000000000001001000000
000000000000101000000000000000000000000000110000010000000000010000000000000001000000001100000000000000000000000000000000000000110000000000000111000000110000000000000000001100000000000000000000000000000000000000000000000000000000011011000000
000000000000010000000000000000000000000000110000001100000000000000000000000000000000000101000000000000000000000001000000000000110000000000000000000001000000000000000000110100000000000000000000000000000000000000000010000000000000000100001000
000000000000000011000000000000000010000000000000000110000000000000000000010000000000000011011000000111000000000001000000000000000000000000000000000000110100000000000000110000000000000000000000000000000000000000000010000000000000000000010100
000000000000000011000000000000000101000000000000000001000000000000000000101000000000000001001000000000000000000001000000000000000000000000000000000000011100000000000000110100000000000000000000000000000000000000000000000000000000000000010011
000000000000000000000000000000000110000000000000000000000000000000000000110000000000000000110000010000010000000000000000000000000000000000010100000000000000011000000000001100000000000000000000000000000000000000000000000000000000000000000111
100000000000000000000001111000000000000000000000000000000000000000000000000000000000000000000000010000010000000000000000000000000000000000010000000000000000011000000000000000000000000000000000000000000000000000000101000000000000000000000011
111000000000000000000011100100000000000000000000000000000000000000000000000000000000000000000000010000010000000000000000000000000000000000010001000000000000000000000000000000000000000000000000000000000000000000001000100000000000000000000111
000110000000000000001100000000000000000000000000000000000000000000000000000000000000000000000000000000000000000000000000000000000000000000000000000000000110000000000000000000000000000000000000000000000000000000001000100000000000000000000110
000010000000000000010001011100000000000000000000000000000000000000000000000000000000000000000000000000000000000000000000000000000000000000000111000000000110000000000000000000000000000000000000000000000000000000000000100000000000000000000010
000010000000000000000011110000000000000000000000000000000000000011000111000000000000000000000000000000000000000000000000000000000000000100000000000000000000000000000000000000000000000000000000000000000000000000000000100000000000000000000001
100010000000000001000000000000000000000000000000000000000000000100101001000000000000000000000000000001100000000000000000000000000000001010000000000000000000000000000000000000000000000000000000000000000000000000000100000000000000000000000000
010100000000000010110000000000000000000000000000000000000000000011001000100000000000000000001110000000000000000000000000000000000000001010000000000000000000000000000000000000000000000000000000000000000000000000000010100110000000000000000000
001000000000000010100001010000000011000000000000000000000000000000000110100000000000000000000000000000000000000000000000000000000000000100000000000000000000000000000000000000000000000000000000000000000000000000000001000000000000000000000000
000000000000000000000001011000000011000000000000000001000000000000000001101000000000000000000000000000000110000000000000000000000000000000000000000000000000000000000000000111000000000000000000000000000000110000000000000000000000000000000000
000000000000000000000000010000000000000000000000000010100000000000000000000000000000000000000000000000001010010000000000000000000011000000011000000000000000000000000000000101000000000000000000000000000000110000000000001110000000000000000000
000000000000000000000000000000000000000000000000000010100000000000000000000000000000000000000000000000010000011100000000000000000100100000100100000000000000000000000000000010001110000000000000000000000000000000000000001110000000000000000000
000000000000000000100000000000000000000000000000000001000000000000100001000000000000000000000000000000100010100100000000000000000011000000011000000000000000000000000000000111011110000000000000000000000000000000000000111000000000000000000000