000000000000000000000000000000000000000000000000000000000000000001100000010001000000000000000000000001001010000100000000000000000000000000000000000000000000000000000000000000000101000000000000000000000000000000000000011000000000000000000000
000000000000000000000000000000000000000000000000000000000110000001100000001000100000000000000000000001000110000100000000000000000000000100000000000000000000000000000000000000000111000000010000000000000000000000000000000000000000000000000000
000000000000000000000000000000000000000000000000000000010001000000000000000111000000000000000000000000001110001000000000000000000000001010000000000000000000000000000000110000000110100000010000000000000000000000010000000000000000000000000000
000000000000000000000000000000000000000000000000000000011110100100000000000010000000000000000000000000011010010000000000000000000000001010000000000000000000000000000000101100000000000000010000000000000000000000010000000000000000000000000000
000000000000000000000010000000000000000000000000000000000000101110000000000000000000000000000000000000000011100000000000000000000000000100000000000000000000000000000000011100000000000000000000000000001000000000010000000000000000000000001100
000110000000000000000100000000000000000000000000000000101010110001000000000000000000000000000000000000000000000000000000000011000000000000000000000000000000000000000000001100000000000000000000000000001100000000000000000000000000000000010100
000110000000000000000010000000000000000000000000000001011000000101100000000000000000000000000000000000000011000000000000000011000000000000000000000000000000000000000000000000000000000000000000000000010010000000000000000000000000000000011000
000000000000000000000000000000000000000000000000000001001000000100010000000000000000000000000000000000000000000000000000000000000000000000000000000000000000000000000000011100000000000000100000000000001110000000000000001000000000000000000000
000000000000000000000000000000000000000000000000000000100001000001100000000000000000001100000000000000000000000000000000000000000011000000000000000000000000000000000000010011000000000001010000000000010101000000000001101110000000000000000000
000000000000000000000000000000000000000000000000000000011010000010000000000000000000011100000000000000000000000000000000000000000011000000000000000000000000000000000000000000000000000000010000000000000011001101000001101011000000000000000000
000000000000000000000000000000000000000000001100000000000111000000000000000000000000111010000000000000000000000000000000000000000000000000000000000000000110000000000000100000010000010110000000000000000001110100100011100100010000000000000000
000000000000000000000000000000000000000000001100000000000110111000000000000000000001000000000000000000000000000000000000000000000000000000000000000000000110000000000000100000010000000000100000000000000000000000100000100111010000000000000000
000000000000000000000000000000000000000000000000000000000000000000000000000000000010000000000000000000000000000000000000000001110000000100000000000000000000000000000000010000010001100111000000000000010000000001100000110110010000000000000000
000000000001000000000010000000000000000000000000000000000000000000000010000000000110000000000000000000000001110000000000000001110000000100000000000000000000000000000000000100100011110010000000000000000000100010000001011011100000000000000000
000000000010100000000101000000000000000001000000000000000000000000000010000000000010000000000000000000000000001000000000000000000000000100000000000011000000000011100000000000000001001010000000000000000000000100000001100010000000000000000000
000000000011000000000010000000000000000001000000000000000000000000001000000000000001000000000000000000000010001000000000001110000000000000000000000011000000000000000000001100001101110000101010000000000000000000000000000000000000000000000000
000000000000000000000000000000000000000001000000000000000000000000000111000000000000000000000000000000000011110110000000000000000011100000000000000000000000001000001000001101011100111000010000110000000000000000000000000000000000000000000000
000000000000000000000000000000000000000000000000000000000000000000000110010000000000010100000000000000000000000110000000000100110100010000000000000000000000001000001000000111011100000101000000010000000000000000000000000000000000000000000000
000000000000000000100000000000000000000000001000000000000000000000000001100000000000100100000000000000000000000010000000001000000100010000000000000000000000001000001000000001000100000000001000110000000000000000000000000000000000000000000000
000000000000000010001000000000000000000000010100110000000000000000000000010001010000000011000000000000000000000000000000000000100011100000000000000000000000000000000000000000000010000000001100000000000000000000000000000000000000000000000000
000000000000000010001000000000000000000000010100110000100000000000000001111011010000011011000000000001100000000000000000010010000000000000000000000000000000000011100000000000000001000100000000000000000000000000000000000000000000000000000000
000000000000000100000000000111000000000000000100000011010110000000000001101100100000000111000000000000010000000000000000010000000000000000000000000000000000000000000000000000000001100000000000000000000000000000000000000000000000000000000000
000000000110000010000000000000000000000000011100000100000110000000000000000000000001100000000000010000100000000000000000000001100000000000000000000000000000000000000000000000000011000000000000000000000000000000000000000000000000000000000000
000000000110000010000100000000000000000000000000000100110001000000100000001100000101010000011000100000000000000000000000000011010000000000000000000000110000000000000000000000000010000000000000000000000000000000000000000000000000000000000000
000000000000000000001000000000000000000001011010000110000010000001010000001100000100110000100000100010000000000000000000000011011000000000000000000000110000000000000000011100000000000000000000000000000000000000000000000000000000000000000000
000000000000000000000000000000000000000010000001000001110000100000000000000000000100000000000000010110000000000000000000000001010000000000000000000000000000000000000000000010001100000000000000000000000000000000000000000000000000000110000000
000000000000000000000000000000000000000000101001000001110011000001110000000000000111000000000000001111000000000000000000000000100000000000000000000000000000000000010000000010001100000000000000000000000100000000000000000000000110000110000000
000000000000000000000000000000000000000110100011000000000000000000000000000000000010000000001010000010100000000000000000000000000000000000000000000000000000000001001000001110000000000000000000000000001110000000000000000000000110000000000000
000000000000000000000000000000000000001000001100000000000000000000000000000000000110000000000010000110011000000000000000000000000000000000000000000000001110000001000000000000000000000000000000000000010101000000000000000000000000000000000000
000000000000000000000000000011000000001011111000000000000000000000000000000000000000000000000000000011000000000000000000000000000001100011000110011000000000000000000100000000000000000000000000000000011000000000000000000000000000000000000000
000000000000000000000000000011000000011100010000000000000000000000000000000000000000000000000000000000000100000000000000000000000010100010100110011100000000000000100010000000000000000001000000100000110000000000000000000000000000000000000000
000000000000000000000001110000000000010101100000000000000000000011000000000000000000000001000000000000101000000000000000000110000110000000110000011000000000000000010100000000000000000001000000101000000000000000000000000000000000000000000000
000000000000000000000000000000000000011000100000000111000001000010100000000000000000000110110000000000010000000000000000000110000011000001100011110000000000000000000000111000000000000001000000011101011000000000000000000000000000000000000000
000000000000000011000000000000000000000100000111000001000010100001000000000000000000000001000000000000000000000000000000000000000001000001000001100000000000000000000000101000000000000000000000001101010110000000000000000000000000000000000000
000000000000000011000000000000000000011100000101000010000010100000000000000011100000000000000000000000000000000000000011100000000000111110000001000000000000000000110000110000001000000000000000000001001110000000000000000000000000000000000000
000000000000000000000000000000000000011100000111000000000001000000000000000000000000000000000000110000000000000000001100010000000000011100000000000000000000000001111100000000011000000000000000001000000000000000000000000000000000000000000000
000000000000000000000000011000000100000000000000000000000000000000000000000000000000000000000001001000000000000000001000100000000110001000000000000000000000000010000100000000111100000000000000001000000000000000000000000000000000000000000000
000000000000000000000000100100000100000000000000000000000000000000000000000000000000000000000000110000000000000000000111000000001001000000000111000000000000000001101100000001100011000000000000000000000000000000000000000000000000000000000000
100000000000000000000000011000000010000000000000000000000000000000000000000000000000000000000000000000000000001100000000000000000110000000001101100000000000000000110000000011001000000000000000000000000000000000000000000000000000000000000011
000000110000000000000000000000000100000000000001000000000001100000000000000000000000000000000000000000000000010010000000000000000000000000001101010000000000000000000000110001000000000000000000000000000000000000000000000000000000000000000000
001000110000000000000000000000000100000000000010100000000001100000000000000000000000000000000000000000000000010010000000000000000000000000000100010000000000000000000001110000000001000000000000000000000000000000000000000000000000000000001000
001000000000000000000000000000000000000000000001000000000000000000000000000000000000000000000000000000000000001100000000000000000000000000000100100000000000000000000000010000100010000000000000000000000000000000000000000000000000000000001000
001000000000000000000000000000000000000000000000000000000000000000000000000000000000000000000000000000000000000000000000000000000000000000000011100000000000000000000011100000011100000000000000000000000000000000000000000000000000000000001000
000000000000000000000000000000001000000000000000000000000000000000000000000000000000000000000000000000000000000000000000000000000000000000000000000000000001000000000001100000000000000000000000000000000000000000000000000000000000000000000000
100000000000000000000000000000011000100000000000000010000000000000000000000000000000000000000000010000000000000000000000000000000000000000000000000001000001000000000000000000000000000000000010000000000000000000000000000000000000000000000011
000000000000000000000000000000110111100000000000000100000000000000000000000100000000000000000000010000000000000000000000000000000000000000000000001000100001000000000000000000000000000000001100000000000000000110000000000000000000000000000000
000000000000000000000000000000110101010000000000000101100000000000000000001010000000000000000000010000000000000000000000000000000000000000000000000111100000000000001000000000000000001100011000000000000000000110000000000000000000000000000000
110000000000000000000000000000011101010000000000000011011000000000000000000110000000000000000000000000000000000000000000000000000000010000000000000010000000000000001000000000000000010000011001100000000000000000000000000000000000000000000001
001000000000000000000000000000000000010000000000000011011000000000000000000000000000000000000111000111000000000000001100000000000000010000000000000000000000000000001000000000000000010100001000001000000000000000000000001100000000000000000010
000100000000000000000000000000000000000000000000000000000000000000000000000000000000000000000000000000000000000000010010000000000000010000000000000000000000000000000000000000000000110110001101000100000000000000000000001100000000000000000010
100100000000000000000000000000000000000000000000000000000000000000000000000000000000000000000000000000000000000000001100000000000000000000000000000000000000000000000000000000000000000000000000010100000000000000000000000000000001000000000001
011000000000000000000000000000000000000000011100000000000000000000000000000000000000000000000000011000000000000000000000000000000000000000000000000000000000000000000000000000000000000000000000001000110000000000000000000000000001000000000000
000000000000000000000000000000000000000000000000000000000011000000000000000000000000000000000000101000000000000000000000000000000000000000000000000010000000000000000000000000000000000000000000000000110000000000000000000000000001000000000000
000000000000000000000100000000000001000000000001000000000100100000000000000000000000000000000000111000000000100000000000000000000000000000000000000101000000000000000000000000000000000000000000000000000000000000000000000000000000000000000000
000000000000000000000100000000000001000000000001000000000011000000000000000011000000000000000000011000000001010000000000000000000000000000000000000101000000000000000000000000000000000000000000000000000000000000000000000000000000000000000000
000000000000000000000100000000000001110000000001000000000011000000000000000011000000000000010000001000000001010000000001000000000000000000000000000010000000000000000000000000000000000000000000000000000000000000000000000000000000000000000000
000000000000000000000000000000000000011011000000000000000000101100000000000000000000000000011000001100000000100000000100000000000000000000000000000000000000000000000000000000000000000000000000000000000000000000000000000000000000000000000000
000000000000000000000000011000011100010111000000000000000000100100000000000000000000000001000001001000000000000000000100001000000000000000000000000000000000011100000000000000000000000000000000010000000011000000000000000000000000100000000000
000000000000000000000000100100000100000001000000000000000000111001100000000000000000000000101001000010000000000000001000000100000000000000000000000000000000000000000000000000000000000000000000010000000001100000000000000000000010110000000000
000000000000111000011000011000000100001110000000000000000000000010010000000000000000000100001000000001000000000000001000000100000000000000000000000000000000000000000000000000000000000000001000010000001000010000000000000000110100101000001000
000000000000000000010100000000000110010010000000000000000000000001010000000000011100000100010001100001000000000000000100001000000000000000000000000000000000000000000000000000000000000000000000000000010000010000000000000001011000010000000100
000000000000000000001000000000000101000010000000000000000000000000100000000000000000000011100000000110001000000000000000001000000000000000000000000000000000000000000000000000000000000000000000000000110000110000000000000000011000110010000100
000000000000000000000000000000000100100000000000000000000000000000000000000000000000000011100000000000011100000000000000100000000000000000000000000000000000000000000000000000000000000000000000000000100110000000000000000000000000111000000000
000000000000000000000000000000000000001000000000000000000000000000000000000000000000000000000000000001000010000000000000000000000000000000000000000000000000000000000000000000000000000001110000000001101010000000000000000000000000000000000000
000000000000000000000000000000000100000000000000000000000000000000000000000000000000000000000000000001110111010000000000000000000000000000000000000000000000000011000000000000000000000010110000000001000110000000000000000000000000110010000000
000000000000000000000000000000000100010000000000000000000000000000000000000000000000000000000000000000100001111000000000000000000000000000000000000000000000000011000000000000000000000011111000000000110101000000000000000000000000110101000000
000000000000000000000000000000000010001110000000000000000000000000000000000000001100000000000000000000000000001100000000000000000000000000000000000000000000000000000000000000000000000000111000000000110101100000000000000000000000000000000000
000000000000000000000000000000000000000110000000000000011100000000100000000000010010000000000000000000000001100110000000000000000000000000000000000000000000000000000000000000000000000000000000000000001100100000000000000000000000001110000000
000000000000000000000000000000000000001000000100000000010010000001010000000000010100000000000000000000000000000000000000000000000000000000000000000000000000000000000000000000000000000000000000000000000100100000000000000000000000000000000000
000000000000000000000000000000000000010000000100001100100001000001010000000000001000000000000000000001100000000000000000000000000000000000000000000000000000000010000000000000000000000000000000000000000101000000000000000000000000000000000000
000000001100000000000000000000000000010100000100011101101011000000100000000000000000000000000000000000000000000000000000000001000000000000000000000000000000000010000100000000000000000000000000000000000000000000000000000000000000000000000000
000000001100000000000000000000000000001100000000010000101100000000000000000000000000000000000000000001010000000000000000000010000000000000100000000000000000000010001010000000000000000000000000000000000000000000000000000000010000000000000000
000000000000000000000000000000000000000001110000101000101000000000000000000000000000000000000011000000110000000000000101000011100000000000111000000000000000000000001001000000000000000000000000000000000000000010000000000001001000000000000000
000000000000000000000000000000000000000000000000011110100000000000000000000000000001000000001111000000000000000000011101110000000001100001011000000000000000000000000110000000000000000000000000000000000000000010001000000010001000000000000000
000000000000110000000000000000000000000000000100010010010000000000000000000000000001100010001000100000000000000000001010100000000000100000110100100000000000000000000000000000000000000000000000000000000000000001000000000000001000000000000000
000000000000110000000000000000010000000000000100000100000000000000000000000000000010111001001110000110000000000000001000100000000000101000011000111000000000000000000000000000000000000000000000000000000000001000111000001000001000000000000000
000000000000000000000000000000101000000000000100000000000000000011100000000000000011001000000011001010000000000000000100100000000000011100000100011000000000000000000000000000000000000000000000000100000000001101110000001000010000000000000000
000000000000000000000000000000101000000000000000000000000000000110110000000000001100000010000000001000000000000000000100000000000000100000110101000000000001100000000000000000000000000000000000001010000000000000000000001010000000000000000000
000000011011011000000000000000010000000000000000000000000000011010010000100000001100001000000000101000000000000000000010100000000000100000010101010000000001100000000000000000000000000000000000000110000000000000000000000000000010100000000000
000000100000000000000000000000000000000000000000000000000001010111010001001000000000001000000000010000000000000000000110000000000001000100001000000000000000000000000010000000000000000000000000000000000000000000000000000000000010100000000000
000000000000001000000000000000000000000000000000000000000010010110010010010000000100010000000000000000000001110000000011000011000000011000000101110100000000000000000010000000000000000000000000000000000000000000000000000000111100000000000000
000001000000110000000000000000000000000000000110000000000010110000000001111100000000010000000000000000000000101100000001111011100011100000000000100010000000000000000010000000000000000000000000000000000011100000000000000001000101000000000000
000000100001000000000000000000000000000000000110000000000001110000110000000110001000000000000000000000000010001100000000111000100011101000000100010001000000000000000000000000000000000000000000000000000001100000000000000000100000000000000000
000000000000000000110000000000000000110000000000000000000000100000000000000110001010000000000000000000000011110000000000000111000100000100000011000001100000000000111000000000000000000000000000000000001111000000000000000000100000000000000000
000000001000000000110000000000000000110000000000000000000000000000000000000000000100000000000000000000000000001000000000001001000100000000000001110000100000000000000000000000000000000000000000000000011000000000000000000011100000000000000000
000000010100000000000000000000011000000000000000000000000000000000000000000000000000000000000000000000000000000000000000001010000100000000000000100001100000000000000000000000000000000000000000000000000100000000000000000100000100000000000000
000000100100000000000000000000100100000000000000000000000000001100010100000000000001100000001000000000000000000000000000000110000110000000000000000001111100000000000000110000000000110000000000000000000000100000000000000100000100000000000000
000000011000001100000000000000100100000000000000000000000000010010100001000000000010010000010100000000000000000000000000000000000001101000000000000000100010000000000000110000000000110000000000000001000011100000000000000100000100000000000000
000000000000001100001100001110010110000000000000000000000000001100010000100000000010010000011000000000000000000000000000000000000001001000000000000000010010000000000000000000000000000000000000000000100000011110000000000000000000000000000000
000000000000000000001110000000101100000000000000000000000000000000001000100000000001100000000000000000000000000000000000000000000010000000000000000000011100000000000000001000000000000000000000000000011011111101100000000011011000000000000000
000000000000000000000010001100000000000000000000011000000000000000000000100000000000000000000000000000000000000000000000000010001000000000000000001100000000001100000000011100000000000000000000000000001011100000010000000000100000000000000000
000000000000000000001000100000000000000000000000011000000000000000000111111000000000000000000000000000000000000000000000000100000010100000000000010010000000001100000000000100000000000000000000000000100110000010000000000000000000000000000000
000000000000000000000000110100000000000000000000000000000000000000001000000110000000000000000000000001100000000000110000000011000010100000000000001010000000000000000000000000000000000000000000000000000100000000001000000000000000000000000000
000000001000000000000100000100000000000000000000000000000000000011000100100000000000000000000000000011000000000011110000000000110000000000111000000100000000000000000000000000000000000000000000000000000000000100010000000000000000000000000000
000000010100000000000011011000000000000000000000000000000000000101000110100001000000000000000000000011000000001111110000000000000001100000110000000000000000000000000000000000000000000000000000000001110000000000000000000000000000000000000000
000101001000000000000000000000000000000000000000000000000000001000010000001000000000000000000010000000000000001100000000000000000011101100110011111111000000000000000000000000000000000000000000000010000110000001000000000000000000000000000000
000101000000000000000000000000000000000000011100000000000000000000101000000101000000000000000010100000000100000110011000000000000010000011000010000011110000000000000100000000001000000000001100000010110010000100000000000000000000000000000000
001110000000000000000000000000000000000000000000000000000000001011101000000010000000000000000000000000000000000001111000000000110001000011000010100000001000000000001010000000010100010000010100000010010000000001100001110000000000011000000000
000000000000000000000000000000000000000001000001000000000000011000010000000000000000000000000001000001101011000001110000000011100000000010010011011101000100000000001010000000100110010000010000000001000100000000100001001000000000110000000000
000000000000000000000000000000000000000000000000000000000000001010000000000000000000000000000001100110111011000000000000001101100000010001000011100000001000000000000100000001101100100000010100000000111000000000011110001000000000001000000000
000000000000000000000000000000000000000000000000000000000000000110000000000000000000000001110000100111001011000000000001000101000000001000011000000001111000000000000000000001010000000000001100000001011000000000011000001000000000000000110000
000000000000000000000000000000000000000001000001000000000000000000000000000000000000000000000000011001000000000000000111100010000000000000000000000011001000000000000000000011011000000000000000000000000000000000011000010000000000000001001000
000000000000000000000000000000000000000000100010000000000000000000000000000000000000000000000000001111000000000000000110010000000000000000000000000000110000000000000000000011101000000000000000000000000000000000011010100000000000000010000100
000000000000000000000000000000000000000000011100011000000000000000000000000000000000000000000000000011100000000000001110011000000000000000000100000011100000000001100000000000001110000000000000010100000000000000000000000000000000000110000011
000000000000000000000000000000000000000000000000011000000000000000000000000000000000000000000000000001010000000000011000011000000000011100001011000001100000111000011000000000011010000000000000011000011000000000000000000000000000000111000011
100000000000000000000000000000000000000000000000000000000000000000000000000000000000000000000000000111100000000000001111010000001100011100001000000000000000000000010100000000011100000000000000000000000000000000100000000000000000000011010000
110000000001100000000000000110000000000000000000000000000000000000000000000000000000000001000000001111000000000000000111100000000010100011001010100000000000000100010110000011110000000000000000000000011000000011011000000000000000000011100000
001000101110110000000000000110000000000000000000100000000000000000000000000000000000000011100000001010000111000000000011000000010100101000101110100000000000000010010101000010100000000000000000000000000000001011000000000000000000000000100110
010000101000100000000000000000000000000000000001011000000000000000000000000000000000000111010000000110001000000000000000000000010000011000000000000000000000000001010001100010110000000000000000000000001000000000000000000000000000000000000001
000000110000000000000000000000000000000000000001011001100000000000000000000010000000000010001000000010000000110000000000000000000000000110000000000000000000000000111011000001100000000010000000000000000000100010111000000000000000000000000000
000011000000000011000000000000000000000000000000101000000000000000000000000110000000000111001100000011100100100001100000000000000010000001000000000000000000000000001011000001000000000000100100000000000000000011100000000000000000000000000000
000001000000000011000000000000000000000000000000000100100000000000000000001010000000000010001110000000100001000010010001000001011100000000000000000000000000000000000110000000000000000000001110000000000000001100000000000000000000000010000000
000010011000000000000000000000000000000000000000000010100000000000001011101000100000000000000100000000100000000010001001100011010001100000000000000000000000000000000000000000000000000001100010000000000000011101000000000000000000000101000000
000011011000000000000000000000000000000000000000000000000000000000001100001100100000000000001000100100000010000001001001101000100001110000000000000000000000000000000000000000000000000001001100000000000000000000000000000000000000001101100000
000000100000000000000000000000000000000000000000000111000000000110000000011000000000111000000001000100000000000001001000011000000000100000000000000000000000000000000000000000000000000000111000000000000000000000000000000000000000011001000000
000000000000000000000000000000000000000000000000001000000000000010000100000000000000111010000001000010000000000000110000000000000011100011100000000000000000000000000000000000000000000000010000000000000000000000000000000000000000101011100000
000000000000000000000000000000000000000000000000000110000000000100000011000000000000100010000001000100000000000000000000000000000111000000000000000000000000000000000000000000000000000000000000110000000000000000000000000000000000110110000000
000000000000000000000000000000000000000000000000000000000000010000110000000000000000000000000001000100000000000000000000000000000110000000000000000000000000000000100000000000000000000000110001001000110000000000000000000000000000000110001000
000000000000000000000000000000000000000000000000000000000000010000000000000000000000000000000011011000000000000000000000000000000000000000000000000000000000000000100000000011010000000000110000110000110000000000000000000000000000001110001110
000000000000000000000000000000000000000000000000000000000000000000000000000000000000000000000100000000000000000000000000000000000001100000000000000000000000000001110000000001011100000000000000000000000000000000000000000000000000000000000000
000000001110000001100000000000000000000000000000000000000000011000000000000000000000111000000011101000000000000000000000000000000001100000000000000110000000000000001000000000110010000000000000000000000000000000000000000000000000000000100000
000000000000000001100111000000000000000000000000000000000000011000000000000000000001001000000001110100000000110000000000000001000000000000000000001000000000000000011000000000000100000000000000000000000000000000000000000000000000000000100000
000000000000000001110111000000000000000000000000000000000000000000000000000000000000000000000000011000000000110000000000000010100000000000000000000110000000000000010110000011100000000000000000000000000000000000000000000000000000000000100000
000000000000000000000001100000000000000000000000000000000000000000011000000000000000110000000000010000000000000000000000000000010000000000000000001100000000000000001100000000000000000000000100000000000000000000000000000000000000000000000000
000000000000000000100100000000000000000000000000000000000000000000100100000000000000000000001100000000000000000000000000001100010000000000000000000111000000000000010010110000010000000000001010000000000000000000000000000000000000000000000000
000000000000000000010000001001110000000000000000000000000000001011001110000000000000000111111110000000000000000000000000000100000000000000000000000110100000000110010000000011100000000000001001000000000000000000000000000000000000000000000000
000000000000000000000000010001001000000000000000000000000000011011001100000000000000000110000001000000000000000000000000000101110100000000000000000000110000000111000010000000000000000000000110000000000000000000000000000000000000000000000000
000000000000000000000000000000110000000000000000000000000000010001111000000000000000000001111110000000000000000000000000000011001100000000000000000000000000000011011000000000000000000001000000000000000000000000000000000000000000000000000000
000000000000000000000000000000000000000000000100000000000000000110110000000000000000000001010000000000000000000000000000000011000000000000000000000000000000000001101000000000000000000001100000000000000000000000000000100000000000000000000000
000000000000000000000000000000000000000000011001110000110000000011000000000000000000000001100000000000000000000000000001100111000000000000000000000101000000000000110000000000000000000000000000000000000000000000000001010000000000000000000000
000000000000000000000000000000011000000000011100110001000000000000000000000000000000000001100110000000000000000000000001100111000000011100110000000010100000000000000000001100000000000001100000000000000000000000000010001111000000000000000000
000000000000000000000000000000100100000000001100010010100000000000000000000000000000000000000110000000000000000000000000000000000000011111010000000100010000000000000000001010000000011100100000000000000000000000000010010000000000000000000000
000000000000000000000000000000100000000000000110000010000000000000000000000000000000000000000000000000000001100000000000000000000000001000110000000010011000000000000000000110000000000000111000100000000000000000000001010000000000000000000000
000000000000000000000000000001000000000000000010000001000000000000000000000000000000000000000000000000000001100000000000000000000000000011100000000000001000000000000001000000000000000000100111010000000000000000000000000000000000000000000000
000000000001100000000000000001110000000000000000000000000000000000000000000000000000000000000000000000000000000000000000000000000000000001000000000000101000000000000010110000000000000000011000001100000000000000000000100000000000000000000000
000000000001100000000000010000000000000000000000000000000000000000000000000000000000000000000000000000000000000000000000000000000001100000000000000000010000000000000110110000000001100000000101000100000000000000000001010110000000000000000000
000000000000000000011110110000000000000000000000000000000000000000000000000000000000000000000000000000000000000000000000000000001111010000000000000000000000000000000110010000000010100000000110110000000000000000110000110001000000000000000000
000001100000000000111010000000000000000000000010000000000000000000000000000000000000000000000000000000000000000000000000000000010001000000000000000000000000000000000110000000000000000000000000000100000000000001110000110100000000000000000000
000001100001000000111000011110000000000000000010000000000000000000000001000000000000000000000000000000000000000000000000000000000100000000000000000000000000000000000011001100000010100000001000111100000000000000001000000100100011100000000000
000010010001110000110000011110000000000000000010000000000000000000000001000000000000000100000000000000000000000000000000000000000000000000000000000000000000000000000000001100000010100000000110100000000000000100000000000011000000000000000000
000011001000110000110000001011000000000000000000000000000000000000000001000000000000001110000000000100000000000000000000000000001010000000000000000000000000000000000000000000000000000000000011000000000000000110000000000000000000000000000000
100000000001000000010000000010000000000000011000111000000000000000000000000000000000010110000000000111000000000000000000000000000010000000000001110000000000000000000000000000001111100000000001000000000000000011100000000000000000000010000001
100000000010000010001101000100000000000000101000000000000000000000000000000000100000110000000000001100100000000000000000000001011111000000000000000000000000000000000000000000000000000000010000000000000000000001010000000000000000000101000001
000000100000000000001100001000000000000001000000000000110000000000000000000000100000101000000000000010010000000000000000000001000001000000000000000000000000000000000000000000000000000000111000000000000000000001010000000000000000000101000000
000001010010000110000000000000000000000000000100000000110000000000000000000000100001010000000000001100100000000000000000000001000000000000000000000000000000000000000000000000000000000011011000000000000000000001100000000000000000000010000110
010010001000000000000000000000000000000100000000000000000000000000000000000000000000011011011100000111000000110000000000000000100000100000000000000000000000000000000000000000000000000000010000000001110000000000000000011000000000000000001000
011000001001001000000000000000000000001000011100000000000000000000000000000000000000000011010010000100000000110000000000000000010101000000000000000000000000000000000000000000000000000100010000000001100000010000000000010100000000000000001000
001000001100000000000000000000000000001000100100000000010000000000000000000000000001001010101100000000000000000000000100000000001101010000000000000000000000000000000000000000000000000010100000000000000000111000000000010100000000000000000110
011000101000011000000000000000000000000001100000000000101000000000000000000000000001111001000000000000000000000000000100000000000011011000000000000000000000000000000100000000000000000000000000000000000001100100000000001110000100000000000000
010000010000000000000000000000000000000000001010000000101000000000000000000000000000111111000000000000000000001110000100000000000000010000000000000000000000000000000100000000000000000000000000000000000010001100010000000010100010000000000000
000000000000000000000000000000000000000011010010000000010000000000000000000000000000000010000000000000000000000000000000000000111000000000000000000000000000000000000100000000000001000000000000000000000110000000101000001000111100000000000000
000000000000000001100000000000000000011100000010000000000000000000000000000000000000000000000000000000000000000000000000000001100010000000000000000000000000000000000000000000110010100000000000000000001110000000101000011010111000000000000000
000000000000000010100000000000000000001000000100000000000000000000000000000000000000000000000000000000000000000000000000000010000010000000000000000000000000000000000000000000110010100000000000000000000110000000001000001000000000000000000000
000000000000000011000000000000000000001100001000000000000000000000000000000001000000000000110000000000000000000000000000000011100001000000000000000000110000000000000001000000000001000000000000000000000010001100001000000000000000000000000000
000000000000000000000000000000000000000100000000000000000010000000000000000010100000000000110000000000000000000000000010000001000101100000000000000001101000000000000010100000000000000000000000001111100011100111001000000000000000000000000000
000000000000000000000000000000000000000000000000000000000101000001100100000001100000000000000000000000000000011000000101000000000011000000000000000010001000000000000010100000000000000000000000111111110101111000010000000000000000000000000000
000000000000000000000000000000000000000000000000000000001000000011000000000000000000000000000000000000000000011000000000100000000000000000000000000001110000000000000001000000000000000000000010000000100110010000000000000000000000000000000000
000000000001100000000000000000000000000000000000000000000101110011000100000000000000000000000000000000000000000000000101000000000000000000000000000000100000000000000000000000000000000000000100000000111001000000000000000000000000000000000000
000000000001100000000000000000000000000000000000000000000011011011000000000000000000000000000000111000000000000000000010000000000000000000000000000000000000000000000000000001110010110000000000001000100000000000000000000000000000000000001100
000000000000000000000000000000000000000000000000000001000000010001000000000000000000000000000000000000000000000000000000111000000000000000000000000000000000000000000000000001000000000000000011100000000000000000000000000000000000000000001100
000000000000000000001100000000000000000000000000101100110011001110000000000000000000000000000010000010000000000000110000100000000000000000000000000000000000000000101000000001000011110000000000000000000000000000000000000000000000000000000000
000000000000000000010100000000000000000000000000100011000001000000000000000000000001000000000010000010000000000001001001101111000000000000000000000000000000000000101000000001000000000000000000000000000000000000000000000000000000000000000000
000000000000000000000100000000000000000000000000000011000000100000000000001100000001000000000010000010001000000000111000101011100000000000000000000000000000000010000000000001001000000000000000000000000000000000000000000000000000000000000000
000000000000000000000000000000000000000000000100000010000000010000000000001100000001000000000000000000011000000000001000100000010000000000000000000000000000000011100000000000101000000000000000000000000000000000000000000000000000000000000000
000000000000000000000000000111000000000000000111000000000000001000000000000000000000000000000000111000110000000000011100110000010000000000000000000000000000000001000000000000010000000000000000000000000000000000000000000000000000000000000000
000000000000000000000000000100010000000000000000000100000000011100000000000000000000000000000000000000000000000000001000000000100000000000000000000000000000000000000000000000000000000000000000000000000000000000000000000000000000000000000000
000000000000000000000000001011110000000000001100001000000000110110000000000000000000000000000000000000111110000001101000011000000000000011100000000000000000000000000000110000000000000000000000000000000000000000000000000000000000000000000000
000001110000000000001111001111100000000000010000100000000000110000000000000000000000000000000000000000000000000000001100111110000000000000000000000000000000000000000000110000000000000000000000000000000000000000000000000000000000000000000000
000000000000000000000110111000000000000000010010000000000000001101000000000000000000000000000000000001000000000001001100110001000000000000000000000000000000000000000000000000000000000000000000000011000000000000000000000001000000000001100000
000100000100000000000000110000000000000000001100000000000001011100000000000000000000000000000000000001101100000000110000001101000000000000000000000000000000000000000000000000000000000000000000000011000000000000000000000011100000000010010000
000100000100001000000000000000000000000000000000000000000000100000001000000011000000000000000000000001001100000000000000000100000000000000000000000000000000000000000000000000000000000000000000000000000000000000000000000100110100000001100000
000100000100010100000000000000000000000000000000000000011000000000000110000010100000000000000000000000110000000000000000000000000000000000000000000000000000000000000010000000000000000000000000000000000000000000000000000000011111000000000000
000000000000100010000000000000000000000000000000000000100100000000010001100001000000000000000000000000000000000000000000000000000000000000000000000000000000000000001111100000000000000000000000000000000000000000001100100010001100100000000000
000001110000100010000000001000000000000000000000000000011000000000010000010000000000000000000000000000000000111000000000000000000000100000000000000000000000000000010000000110000000000000000000000000000000000000000000000001100010010000000000
000000000000110110000000001000000000000000000011000000000000000000000110100000000000000000000000000000000001001100000000000110000000100000000000000000000000000000100100000000000000000000000000000000000000000000000010011001000100100000000000
000000000000000000000000001000000000000000000011000000000000000000000001000000000110000000000000000000000010000010000000001001000000100000000000000000000000000000011001000000110000000000000000000000000000000000000000000000000111000000000000
000000000000000000000000000000000000000000000000000000000000000000000000110000001001000000000000000000011000100010000110001111100000000000000000000000000000000000000000111000001000000000000000000000000000000000000000000000000100001000000000
000000000000000000000000000000000000000000000000000000001000000000000000101000000110000000000000000001011011000001000001011001100000000000000000000000000000000000000000000100001000000000000000000000000000000000000000000000000000010100000000
000000000000000000000000000000000000000000000000000000011100000000000000101000000000000000000000000001000100001110101010100011000000000001100000000000000000000000000000000010010000000000000000000000000000000000000000000000000000100011000000
000000001110000000000000000000011100000000000000000000101010000000000000010000000000000000000000000001000000111000000000101110000000000010000000000000000000000000000000000001100000000000000000000000000000000000000000000000000110100001000000
000000010000100000000000000011000010000000000000000001110111000000000000000000000000000000000000000000001111100001000000000000000000000000000000000000000000000000000001100000000000000000000000000000000000000000000000000000001001100010000000
000001100000100000000000000100000010000000000000000000101010000000000000000000000000000000000000000000010000001000001001010000000000000000000000000000000000000000000010110000000000000000000000001000000000000000000000011000001010011100000000
000001101000100000000000001000000010000000000000000000011100000000000000000000000000000000000000000000010000111000000001000000000000000000000000000000000000000000000110101000000000000000000000000100000000000000000000100100000100000000000000
000001100001000000000000001000111100110000000000000000001000000000000000000000000110001000000000000000010000100110100000000000000000000000000000011000000000000000000011000000000000000000000000001000000000000000000000100100000000000000000000
011000010001000000000000001000000000110000000000000110000000000000000000000000010011111000000000000000000111000000000000000000100000000000000001101100000000000000000011000000100000000000000000000000000000000000000000011000000000000000000000
011000011000000000000000001000100000000000000000001001000000000000000000000000010000111000000000000000000000000000000000000001010000010100000001111100000000000000000000000011000000000000000000000000000000000000000000000000000001001000000000
000000000000000000000000001000100110000000000000000110000000000000000000000000100001111000100000000000000000000000000000000001010000110011000011000010000000000000000000011011000000000000000000000000000000000000000000000000000011001000000000
000000000000001100000000001000100110010000000000000000000000000000000000000000111111111111000000000000000000000000000000011010010001110011000011100010100000000000000000001100000000000000000000000000000000000000000000000000000010001000000000
000000000000001010000000000101000111110000000000000000100000000000000000000000011101100101100000000000000110000000000000010000010000110011001001100000100000000000000000000000000000000000000000000000000000000000000000000000000001100000000000
000000000000000010000000000010000000110000000000000001100111000000000000000000000001001000000001000000001001000000000000000000010000010100010100000000100000000000000000000000000001000000000000000000000000000000000000000000000000000000000000
000000000000010010000000000000000000000000000000000010011000000000000000000000000000110000000001000000000110000000000001100000010000000000010000100101110000000000000000000001100110100000000000000000000000000000000000100000000000000000000000
000000000011000100000000000000000000000000000000000011000000000000000000000000000000000000000000000000000000000000000011010111000000000000011010000000100000000000000000000111100110110000000000000000001110000000000000100000000000000000000000
000000001100001000000000000000000000000000000000000001010000000000000111000000000000000000000000110000000000000000000011010000000000000000010010000000000000000000000000000110100100110000000000000110001110000000000000100000000000000000000000
000000000000000000000000000000000000000000000000000000011001000000000000000000000000000000000000000000000000000000000000100000000000000000110100000101000000000000000000000100000010100000000000001100000110000000000000000000000000000000000000
000000000000000000000000000000000000000000000000000001110111000000000000000000000000000000000000000000000000000000000000000000000000000000000000000010000000000000000000001011000000100000000000000110000000000000000000000000011000000000000000
000000001000000000000000000000000000000000000000000000001100001100000000000000000000000000000000010000000000000001110000000000000000000000101000000000000000000000000000001111000110010000000000000000000000000000000000000000011000000000000000
000000000100010000000000000000000000000111000000000000001110101010000000000000000000001110000000010000000000000101110000000000000000000000001000100000000000000000000000001001000111010001000000000000111000000000000000000000000000000000000000
000000000011100001000011000000000000000000000000000000010010000010000000000000000000100001100000000000000000001100110000000000000000000000001100110000000010000000000000001100000001110011100000000000110100000000000000000000000000000000000000
001000000000000001000100100000000000000000000000000001100001101001000000000000000000100000000000000000000000011010110000000000000000000000001100111000001101000000000000000000000000000000010000000000011100000000000000000000000000001110000000
001000000000000001000011000000000000000000000000000000000001001010001100000000000001100010100000010000000000001111110001000001100000000000000101100000001101100000000000000000000000000000000000000000000000000000000000000000000000011100000000
001100000000000000000000000000000000000000001010000000000000000001001100000000000110001000000000101000000000000111000001000010100000000000000000100000011101000000001100000000011001101001000000000000000000000000000000000000000000000000000000
000000000000001000000000000000000000000000001011000000000011101000000000000000000100011100000001101100000000000000000000000011000000000000000010011000110010100000001010000000111000000011000000000000000000000000000000000000000000000000000000
001100000000000100000000000000000000000000000001100000000011000000000000000000001000011100000000100100000000000000000000001100000000000000000010000011000011100000000100000000101001000100011000000000000000000000000000000000000000100000000000
001000000000001111000000000000000000000000000010010000000011100110000000001000000001100001000000110110000000000000000000010100011000000000000010000001000001100000000000000001000001000000000000000011000000000000000000000000000001010000011000
001000000000000100010000000000000000000000000011100000000000001100011010111100001010000010100000010100000000000000000000011000011000000000000011001010000000000110000000000000000001010000000000010011000000000000000000000000000001010000011000
000000000000000100010000000000000000000000000001100000000000000000000000100110000000001011000000001000000000000000000000000000000000000000000011100000000000000000000000000000001111010000000000000010100000000000000000000000000000100000000000
000000000000000010001000000000000111000000000000000000000000000000001000100110000011010000000000000000000000000000000000000000000000110000000000000000000000000000000000000000000011100000000001100101000000000000000000000000000000000000000000
000000000000000000001100000110000000000000011100000000000000000000000111000000000000100000000000000000000000000000000000000000000001001000000000000000000000000000000000000000001101100000000000100110100000000000000000000000000001000000000000
000000000000000000000101001100000000000000000000000000000000000000000010001100011000000000000000000000000000000000001100000000000001001000000000000000000001100000000000000000000000000000000000010011000000000000000000000000000001100000000000
000000000000000000000000101000000000000000010100000000000000000000000000001100100100000100000000000000000000000000010010000000000000110000000000000000000000000000000000000000011100000000000000001011000000000000000000000000000001010000000000
000000000000000000000011100011010000000000010100000000000000000000000000000100101000000110000000000000000000000000001100000000000000000000100000000000000101100000000000000000001100000000000000000100000000000001000000000000000000111000000000
000000000000000000000000000011011000000000000010000000000000000000000000110100010000000011000110000000000000000000000000000000000000000001010000000000001100000000000000000000000000000000000000000000000000000000000000010000011000110000000000
000000000000000000000000000110010000000000010010000000000000000000000011001000000000000110000110000000000000000000000000000000000000000001010011000000000000000000000000000000000000000000000000000000000000000000000000010000010111100000000001
000000000000000000000000000110110000000000001011000000000000000000000011110000000000000100000000000000000000000000000000000000000000000000000011100000000000000000000000000000000000000000000000000000000000000000000000010000001111000000000011
100000000000000000000000000010100000000000000011100000001100000000000000000000110100000000000000000000000000000000000000000000000000000000000000100011100000000000000000000000000000000000000000000000000000000000001000000000001100000000000100
000000000000000000000000000001000000000000011011000000010100000000000000000000100100000000000000000000000000000000000000000000000000010000000001100100010000000000000000000000000000000000000000000000000000000011010000000000000000000000000111
000000000000000000000000000000000000000000011001000000001000000000000000000000000010000110000001100000000000000000000000000000000000101000000011000110000000000000000000000000000001100000000000000000000001110010000000001100000000000000000001
000000000000000000000000000000000000000000001110000000000000000000000000000000011101000110000000010000000000000000000000000000000000101000101110000010001000000000000000000000000011000011100000000000000000010000110000010010000000000001110000
000000000000000000000000000000000000000000000100000000000000000000000001100000000110000110000001110000000000000000000000000000000000010000010111000001001000000000000000000000000010001100100000000000000000000000100000001100000000000011110000
000000000000000111000000000000000000000000000000000000000000000000000001100000000110000111000000110000000000000000000000000000000000000000000110100001001000000000000000000000000000001001100000001100000000000110100000000000000000000100010000
000000000000000000000000000000000000000000000000000000000000000000000000000000000110001001000000101000000000000001100000000000000000000000000010100000110000000000000000000000000011001110000000001100110000000011000000000000000000000000110000
000000000000010000000000000000111000000000000000001001000000000000000000000110000110001001000000110000000000000001100000000000000000000000000011100000000000000000000000000000000011000000000000000001000000000000000000000000000000010000000000
000000000000101000000000000000000000000000000000010001100000110000000000000101000000010010000000000000000000000000000000000000000000000000000011000001010000000000000000001000000000000000000000000000110000000000000000000000000000000000010000
000000000000101000000000000000000000000000110000010001000000110000000000000010000000010011000000000000000000000000000000000000110000000000000011000001001000000000000000011100000000000000000000000000000000000000000000000000000000000000100000
000000000000010000000000000000000000000000110000010001000000000000000000000000000000001001110000000000000000000001000000000000110000000000000000000001001000000000000000110100000000000000000000000000000000000000000000000000000000011011001100
000000000000000011000000000000000010000000000000001001000000000000000000010000000000000100011000000111000000000001000000000000000000000000000000000001000100000000000001100000000000000000000000000000000000000000000000000000000000000100001110
000000000000000011000000000000000101000000000000000010000000000000000000101000000000000011001000000000000000000001000000000000000000000000000000000000100100000000000000110100000000000000000000000000000000000000000000000000000000000000001100
000000000000000000000000111000000110000000000000000000000000000000000000110000000000000001110000010000010000000000000000000000000000000000010000000000011000011000000000011100000000000000000000000000000000000000000000000000000000000000000000
001000000000000000000111101000000000000000000000000000000000000000000000000000000000000000000000010000010000000000000000000000000000000000010000000000000000011000000000001000000000000000000000000000000000000000000000000000000000000000000000
100010000000000000001010000100000000000000000000000000000000000000000000000000000000000000000000010000010000000000000000000000000000000000000000000000000000000000000000000000000000000000000000000000000000000000000011010000000000000000000000
100001000000000000000000110100000000000000000000000000000000000000000000000000000000000000000000000000000000000000000000000000000000000000000000000000000110000000000000000000000000000000000000000000000000000000000000000000000000000000000011
010000000000000000001001010000000000000000000000000000000000000000000111000000000000000000000000000000000000000000000000000000000000000000000011000000000110000000000000000000000000000000000000000000000000000000000001010000000000000000000011
100000000000000000000100011000000000000000000000000000000000000011111100100000000000000000000000000000000000000000000000000000000000000100000000000000000000000000000000000000000000000000000000000000000000000000000001000000000000000000000001
110001000000000001110011100000000000000000000000000000000000000100000000100000000000000000000000000000000000000000000000000000000000001010000000000000000000000000000000000000000000000000000000000000000000000000000011000000000000000000000000
010010000000000000000000110000000000000000000000000000000000000011000010110000000000000000001110000000000000000000000000000000000000001010000000000000000000000000000000000000000000000000000000000000000000000000000011100000000000000000000000
011100000000000001110000011000000011000000000000000000000000000000001000000000000000000000000000000000000000000000000000000000000000000100000000000000000000000000000000000010000000000000000000000000000000000000000011000000000000000000000000
000000000000000000000000000100000011000000000000000001000000000000000110110000000000000000000000000000000110000000000000000000000000000000000000000000000000000000000000000101000000000000000000000000000000110000000000000100000000000000000000
000000000000000000000000101000000000000000000000000010100000000000000001100000000000000000000000000000001000011000000000000000000011000000011000000000000000000000000000000001000000000000000000000000000000110000000000000010000000000000000000
000000000000000000000000010000000000000000000000000010100000000000000000000000000000000000000000000000110100010000000000000000000100100000100100000000000000000000000000000000100010000000000000000000000000000000000000011000000000000000000000
000000000000000000000000000000000000000000000000000001000000000000000000001000000000000000000000000001000011000110000000000000000011000000011000000000000000000000000000000000000000000000000000000000000000000000000000011000000000000000000000