000100010000001100010001000010000110100011000000011000000000001000000100000000001000000000000000001010101000001000000000000010001011000001100000000000000001000010011000000000100100001100001101010001110110000010000000000011101000001000000011
100010000000000000000011101111000101100100000010100100000100101000000000011100000000100000110000001111101010000100011010000010101000010110000100000000010100000101010101000000001000011101111111111000000110000100000000001011111000000000100100
000000100001101000100000001001100000011000000000000100000100010000000100111001000001000000000000000100011101001000001011000000011000010011000000000001101100000011000010110000000000001100100000001100000000000000000000001001000000000000011011
000010000000000011000000001100010000000000000000000000000100000000111100000001000011001000000100000000100010001110000000000000001110110000000000001111001000000001100000000000000000001100000000000110001000000000001000001111000000000010010000
110000001000000110000000000000010000000000000000001000001000000001001000011010001100011010001000011000000010000110000111000110011001000000000000001110010000000000000111110000000000001100001110000010010001000000000010000100100010000001100000
000000000000000000000000011100010000000001100000000110100000000001000111011000011000001001000000000001000110000100100100101000001100000000000000111000101000000000010000000000000011001100010010000000010001000001000010000111111111000001000010
000000000100000000000001101101100000000111000000111010110001101000101011110000010000000010000000000011110001000001100011001001000000111001100001010000011000000000010110000100000001011000000000100000100001000000000001000011101000100000000110
000000000110000000001101101101100000000010000001010001011101110001001000000000000000000010000010100010011011001000000001000100000000111001110001010000001000000001000111000010001100100000100110100000100000000100000001000011001001000000001000
001011100100000000011010101111011000001010000001010000000001010011001100000000000000001010000010110101101010000000000000000010000000011000111000100000000000000000001101000001001110010100010010110000111000000000000000000000110010000000001000
000010001100000000000110010111001100000110011000000000001101100011100001000110011010001010000000011101110010100010100000000000000000000011111100000000000001000000001100111100000000010100001000110000000000000000011000000000000000000000001001
110000101100001111000110011100000100000000101100000000001100001011000000000010000010001010000110110000001000010100110000000000000000000011000010000011000100100000000001111000001101000000001100000000011001100011000010000001000100000000001000
000000100110011111100000011100000110110111011100001100000011111110000000000110100000000100000110101000010000110110100000000001110000000001110010000011110000000100100000111000010000001000000000000011000000000011000101000000011000000000000001
000100100100100000000000000000110111101000001000010011010001111100000000000010011000000000000000001011000010100011000000000000001000011000011100000011111101100010110000000000011000001000011100000010100000100000001101100011000000000000001000
000000010101000000000000000000000011001111010000000010001000000000000000010010000000000000000001001000000011000110000001100000011000101100000001000000101000000000100000001000001100010000000111001100010001000000000000000010000000000000001110
000000100000000000000010000000000001101010000000000000001000000001111110100110110011000000000010010000000000100000000001100000111101101000000011000000000000000000000000010010000100000000000110000110110000000100011000000110110010001101000000
000000000000000000001101100000011010000000001000010011001000000011111110000010110001100000000011001000000000000000010000000000001110010000100000000000100001010000000000010010000100000110000100000010000100001010101000000110000101000111111000
110110001000000000000111101000011001000001001000100000000000000001011100000011011101100000000011010000000000000000001000000000111100000011110000000000000001000000011111000010000000000101011000000000000001101000001100000110000101000000100111
110110010111100000000110001000011000000001100000100100001110000000000000100000000100000000000000010000000000000000001100000001101000000101010000000000000000011000011111000000000011101111101000000000001011000110001010001001110010000000010111
000001000111100000000100010000001010000001100000011001000001000000000011000000000100010000000000010010000000000000001000000010000000010100000000010000100000001000000001000000000111010101001000000000011010000010010011000100100000000000001000
001010001110100000000100100000000100000001110000000011010000100001101010000000000010010000000010000011000000000000011100000010010000000110010001010000000000000000000000000000001111011001010000000000011011000001010000100110000000000000000000
001010001110000000000110000000000000000110001100000010000000100010101100000000110001110001101010000010010000000000100100000001100000110101110001000000110000000000000000000000100000000001110000000100010110000010000000000101000000000100000000
000000000000000000000000110000000000001101101100000101100000000010101100000000000001101101101100000000001000000000011000000000000001111001010011000000000111000100000000000011011000010110100000000011110110000011000000000001100000001100000000
000000000000000000000001010000000000001111010000000110100001000000100001110000010001100101010111001110110010011100000000000000000001100001100001001000000100011111100000000011101000010101100000010010000100000000100000000011000000011000000000
000000000000000000000000100000000001100000010110000000000000111000110001110000000000100000001101001001000001000000000001100000000011100010000001000100000000010110010000001101000000000001101000000000100100010000000000000001100000010000000101
000000011000000000000000000000000001111010001110100101000001110000110001001000000000000000011000001011000111000000000010000000000000101000000000000111110000000010010000001110000000000000000000000001001000100000000000110000000000110000000101
000001001000000000000000000000000101101101000100000001100001111011100001000000100011100000010000000111000000000000000100000100000000001100000000111011000000000001000000010000100000000000000000010010100001000001000001010000000000000001000111
000100000000000000000000000000000000110001000011010000000000001111000000100110100011000000100000000011000000000000000100000010000000001110000011100000000000000000000000010000100000000000000100100101111001100001000000010110000000000001100000
100100010000000000000000000000000000100000001000100000001100000100000000000011000110000000001100000000000000000000000000000010000000001010001110000000000000000001000000010000010000001100000110001101001000100000000000011111011000000000100000
100110000000000001000000000000000000000000001010111010000000001000000000000100001100011000101100001000000000000000010000110010000000011100011011000000000000000010000100010000010110011100000010000010000010111110000001010000011000000000000000
000000000000000101000000000000010000000000000000100010000000110000000111000100000110000110110000001000000000000000100001100010100000000000011001000000110000000001000011110101100111101000000000000110000000000000000100001111000110000000000000
010000000000001000100000000000000010000000000011100010000000000000001011000110000000010000010000001110000100000110100001011011010000000111000000000001100000001001000000001011000011001100000000000000000110000000001000011111100110000100000001
000000000000000000000010000001100000001100100000000100000001000100010110000110000000000000110000000110000000000011000100000010010000000101000000100101000000000001000001100000000000100000001100000000000100000000010001000000000100101101100010
010000000111010000000000000010000100100100110001110000000000100110100001011101100000100010100000001100000011100001011000000001100000000100000001001001000000000001111110000000000000011100010010000000000000000000001010000000001101101001100100
100000001111000100000001100110001000011000001101000100000010001001010000100001100000101010100000001100000001000001001000000000000000000000000001101000100000000010101100000101000000000110000000000000000000000100000000000000001100001010111000
000000011100001000001100001010111010011100011100000100001000100001110001000000000000000111000000011100001110000001010000000000000000110000000001000100010001110111000000000111000000000100001010000000000000010100000000000000001110011000100001
000000011110110010010011010111000001000100011100000100010000100000110001000001100000000111010010111100001110001111000000000000000001011000000100001100111101011100000000000010000000000101111100000000000000110000000000000000000000000010100100
000000101100110010100000100011110001000010000000000000000001001100000011001101100000000000110101000000011100001100001000000011000001001000000100001001000001011000000000000000000000000101011000000000000001100000000000000000011111100000000000
000001001010000000000000000011000000110010000000000000100000110001110011100010100000001000100110010000001100000110100000000011011011010100000000010011111001000000000000000000000000000110100000000000001010101100000000000000100100010001011000
000000111100100000000000000000000101100010000000000000000011111101111000000001010000110000111101001000011000000000011010000101100011010100010000011000001100110000000000110000000010001000001010000000000110101000000000000000000111001101010100
000000110011100000000111000001010001000100000000000000000010110001010000000010000011110000111000011000000000000000000010001111100000110000101000000011110001010010000010000000110100000000010000000000000000110000000000000011000110000000011110
110000000000000000000000100000100000000000000000000000001110100000000000000010000111000011100000100000000011100000000000011000000000000001000000000000010001110111111000010000010010100000000110001100010000010000000000000010000000000000000110
001000110011100110000000000000100000000000000011110000000000010000000000000010000000100001000000011011000010000000111000011100000000000110000001100000010001001011100000100010001111100001000000001100011000010000000000000100000000000000000110
001000001001010010000010001100000000000000001100001011000001011000000001001110110110100100000010011010000001001000111000010100000000000110000001001100000000101001000011000001110000110001000000000000011000010000000000000010000000000001000000
110000000010110011000000101000000000000000001100000011000001010000011100000010001000011101001101000010000000110000010100110101000000000000010001111100000001010101101000000000010000010000000000000000000010100000000000000100001000000110000010
000000000111000000011000011000011000000000001100001000100001010000011000000110000010001100010100000110000000000000001000111111100000000000000100001100010000000001110000000000000100010000000000001110000100000000000000001100000100001110000010
001110000110000000011000000100000000000011000000001111100000110000010000010110000011011011000101100010101000000000000110000000110100000000001100000001000000000000000000000000000100000000000000010010000001000000001100011110000110001000001000
010001001001000000000000000100000000100000000000000001110000110000000100000110011000110100000101100100111000000010000001000000011110000000011000000101000000000000000000000000000010000110000000100100000111000000010011111000000010001101000100
000001110001100000000000000000000110100011000100000100010000000000000010100000110000010101011000000111101000000000010001010100010011000000000000001100000000000000000000000000000000000010000000010010001000000000100010000100000000001100001111
000001101001100000000010010010111000101000000100000010000000000000000000000000000000100101110001000010000000000010000000110110011000000000010000000110000000000001000000000000000000100011000000011010011011000000110011000010000011101101000000
000001100000110000000100100001001100100010000110100000000000000000000000000000000000000110101001000000000000000001000000000111100000000001000000000000000000000010110000000000000000011000000000000010011000000000000000100010000000001101010010
000000000000011000001100000000000000100000000001000001000000000000000000000000000000000110101000000000010000000000100011110010010000000000000001100000000000011100110000000000000000110000000000011100000111011000000000001010000000001100001100
001000000011000100001100000010011010000010000000100011000000000000000011001100000000000001010000000001001000000000010001010110111110001000000001100000000000010000000000001110000000110000000000010100000011000100000001000000000000001000010110
000000000010000000001101010100011000010100010101101100010000011100111111001000000000000000000000000111000100000000000000000010010110001110000000000000000000011100000000010001100000101110000000000000000011000000110011101010000000010001101100
100000000100000100011001101000001100010000010001000100010000010000111000001000010000000000000000010011001000000000000000000110110010000101000000001100000000000000000000000001100010111110000000000000000000111000110101100100010000000000100011
000000000000100100000001000000001000011100000001010100000000011000000001011100010000000000000000110000011000000000000000000000100100110100100000000010000100000000000000000001100110000000001000000000000000000000110100000101101000010000011001
000000000000000100000010000000000100000010000000011000000000000000000001000010001000000000000001000010000001000000000100000000010100000100100000111100001011000000010010001100000000000000011100000000010000000001000110000001001000000000001010
110000000000010110111111100000000010110100000001000000000000000000000000000000000000000000000001110100000110101000010011000000000000000001000001001000010011000000000000001100000000000001000000000000100000000011000100000001001000001000010000
000100001100110111100000110000111111000000000100000000000000000000000000001001010000000000011101100000000110001000000000100000000010000000000000000011000011000000110000001100111000000011000100001110010000000001011000110000100000001000010000
000110000101100001000001010011111111000011101100000000000000000000000000100000110000000000000100110000000011000000000000010000011000010000000000000100000000000011000000001111111000000000000011100000000000000000100011010000001010001110000000
000011000101000000000000100011000001100011101000000000000000000000000000000000000000000000000000001000000000111000000010100000011000110000000011100000000010001101100001000111111110000000001110110000000000000000001101010000000101001111110000
110001000011000000000000111001000001010011000000000001000000000111010000000000111000000000000011110000000000010100000101000000000000110000000011011101000110011011000001100011000000000000000111110000000000000000011110110110001001010010111100
100001110000000000000000011110000001010011000000000001000000100010000000000000001000000000100000011111100000000100011000000000000001100011100000111000011110000100010000100000000000000000000000100000000000000000110000001110100111110000110001
100000100011000000000000001110000110001111010000000010111110100010001000111000000000000000001000000101100000000101100011010000000000000000100000000001110010001000001110100000000000000000000010100000000000000001111000001100111000101001010001
000000000000000000000110000000000110001100001000000010111110000000110000110000000000000000000000000100001000000011000111001100000000000001100000000000000010001100000111000000000000000000000101100000000011100001010000000000110001000101010000
110000000000100000000110000000000000101100111100000010010011100000000000011000000010000000000000110011001100000000001000011100000001000001100000000000000001101000000000000010000000000000101001000100000000100000011111100000000001000011100001
100000001001000000000000101000000000000000000100000010100001000000000000011100000001000000001001101001010111001110000101000000000110000011000000000000000010010010100000001101100000000000111111000100110000100000001011110000000001010001110000
000000000000000011000000000000000000000000000010000001000001000100001001010000000100100000000010011000011011001110000000000100000110000101001000000000111100000110011100011011000000000000001010001001110001000000100000001011000000000000000000
000010001110000011000010000100000000000000000000000010000000101110001001100000000000100000010001001100000000000000110000000110000011000111011000001110111001000001101100111011100000000000000101100110000000000000000000011110000001100000001110
000100000001000000000010000100000000000000000000000010100001010100010011100000000100110000000000000000001000001110010000010001000011000111001000000110111000001001000000001010000000000000000101000100000100000000000000000010000010000011100101
001010001011000000000110000000000000000000000000001100000001010000010011000000000100100000000001000000000010001010010000011010000110000000100100000011100000101010000000000010000000000000000010000000000000000001000000000001100000000000001000
010110011011000000001001000010000000000000000000001011010001011111010000000000011100100000000001001000000010010001100000001110000100001000000100000000001000111010001110000000000000000000000000001000010000000011100000000010000000000010000000
100110000000000000010001111110000000000000000011010100100000010010001000000000111010100000010001101000000001000001100000000000001000010000000011100000001000101100010000000000010000001000000000000100010000000010000001100010110000000000010011
100000000000001000001000100000110000001100001111100011010101000001001000000000011001000000000000000000000110000000000100011000111000010000100000000000011101000100010000000000111000010100000110011010000000000000000010010010001110100001101000
010100000000010100000101100000100000010110001111011001111100100010000000000000000001100010000000000000001001000000000100011100000000001111101010001000011100001000000001000011000100010010001011101010000000000001110000010001101010100001000000
001000000000110010000010100000000000000101100110010000011000100011001100000000000001000001100001000011000000010000000111000000000000000011000001110011000001000000001001000101111100001100000101100001010000000001100001000000100001000000000000
000000000000011100001000100000000000110010000100010000010000001101101110000000000111001001000110100000100000001000000001110100000000000100100000000000110110010100001110000110011000000000000001100000000000000000000100000001000100000000000000
000000000000001000001001000000100000110011000010010000001001011010010010000000000111000110011101100011100000001000000000000110000000000010000100000011111000000100001010000000000000000000000001100000000011000001000010000000001000000000000000
000000000000000000001010000001010000011001110001000000000100101011100000000000000000000000001010100000110101110000000100000001000000001010001010100001111000000000000011000000000000000000000001100000000100100001000010000010001000000000110000
000000000000000000000000000001010000000100010000000000000000110000000010101101100000000000001110000000010001000000000100000000100000000000000000000010000000000010000001110000101100000000000000000000000011000000100010000100110000000000111000
000000011110000000000000000000010000000110000000110000000001100010000011111100000110000000000110111000000101011000000010000000000000000001100000100010000000000010000001110000100011000000000000000000000000001111100100000000001000000000000010
001100100001100000000000100001110100001100000000001000000000010000000001010000001100000000000000011000001101011000000000000000011000011101110110011000000001100011100001010001000000100000000000000000000000010001000000011000001000000000000001
010000000000010000000001100001101000011001000000001000000000000000000000000001010001100000000111001000000101011001000001100000010001101000000000000000000010010001110000111000110110110000000000000000000000010000100000101010001000000000001001
010100000000000000000100000000011100000000110001110000000000000000000001011001100011110000000100001000000000000011100000110111000110111111011000000000000010011011111001000110011001000010001110000000000000000001111100000110110000000001000101
101001000000101000000101000000001100000000000110000000000110000000000001111101100110001000000000010000000000000111110000010101111111100010011000000000000001000110001100000000000000000011010011000000000000001100111101110000110000000100100101
011000001000001100000000000000001010000000110010000000010010000000000000110100001111110000000100000001000000000111011000010010010000000000101000000000100000110000100001001010000101000100010100000000101100000010000100000000110000000100011010
110110000000001100000000000000001111000000110001000000000001000000010000011010111111100000000011000011000000000110111000000010000000000101010000000001010000011010101010100000000001000101101000000001101000001100000000000110110000000000001111
110110000011010010000000000000011111000000111110000000001000100000000000010100000010000000000000000111100100000000011000000010110000000010101000000000100000000111101101000000000000111110000000000000100000000000000000000000000000111000110101
000000000001000110000000000001100000011000000000000000011000000001010011000000000000000000000000011000011000000001100110100000001000000000011000000000000000000000000011000000100010111000000010000000001000000000000000000000000000011111110000
000000000000000100110000000111110000011000000000000001110010000001010110000000000000000000000000011000000001110001101010000010010000000011110000000000000000000000011000000001111101000000010110000000001000110000000000000000000000100000000000
000000000000000000000110001100100011000100000000000010100000000000000101000010100000000000000000001110101101001001100000001000000000000011011001001000000000000000010010000001001011001000011000000000011001111000000000000000000110101110111100
100000000000000001000010000001100101011010000000000010000000000000110111100100010000000000000000000000110001000010001000000011100001110000100001001000000000000000010100000001000110001000000000000000011011001100000000000011001000100110001000
100001000000110001100010000000100000000101000000000001010011110000010000100101101000000010000100000000100000000010001001100011100000110000000010000100000000000000001000000000000111010000000000000000011111010010000000000000100001011000000010
000011110001000110011100000000010110000011100000000000110100001000010011001000010010000001001001000000000000100000010000000000101000111000000011011100000000000000000000000001100000010000000000000000000100000000000000000100100110110000000011
101101100000000010100000000001010001000100101101000110010100000000010000100000111110000110011000100000000110110011100000000000010100111000000011011011100000000000000000000000100000000000000000000000000010000000000000000110100000111000100100
010101010000000011100010000101001111000111000001000100100100000000011010000000110110000000011000000000000110000010111100000000010000010000000000000000100000000000000000000000100000011100000000000000001001000000000000000110100001000000111111
000011100001000110000001001001101001000111111010100000010001100110001100000010000011000000000111000000000110111000011100000000001001000000110000000000100000000000000000000000000000011000000010100011001001000100011000000010000110000000111100
001001100000010101110000100000011100000000000000000000000000101110000011001011100100110000000000000000000000010010011000100000000100000000111000000001100000000011100000000000000000001100000000000111001011010000100100000100000100000000000001
000100000000010110000001000001111010000000111000000000100000001110000000011010011000001000000000000000001000000011100001100000000011000000111000010001000000000010010000001000000000000000010000001100000001110000000100000000000000000000011000
000111000000111000000011000111110000000000100000011000000010010110000000000100011010101001010000000000011010000010000010000000000000000000111000100000100000111000010000001000000000000000010000001000000001010000000011001101100000000000000110
000110000011001100000001010000001000000000011000011000000000010001000000000000000000010000001000000001000000001100000110110000000000000000001000100110100001110011100000001000010100000001000101001000000111000010100100111110000000000000010000
100000000110000000000000111100111000000000000000000100001000100000000000001000000001100100010000000010010000010100001110111000000000000000001100100000000000000010000000000000010100000001110011000000000000001100100100000010000001100000000100
100000001010000000000000001000000000000000000000001100011000000000000000010100000010001100000000000011011100000000000000000100000000000000011000011000000000000000000010000000001000000000011011000100000111010000010011011100000001001110000100
100000001011000000011100000111111000000000000010001101000000010110000000000010000001010001100001110000110000100000000000000000000000000000011001001001000111000000000010000000000011110000000110110000000011101000000000110010000000101110000000
100010000110110001000000000000000000000000010110000011111110110100000001100000000011101100100001110011100001010010000111000010011000000000011001001100101000000110000000000000000010000110000100000000000001000000000000001110000000001110001000
000010000000000000100000000000011000011000001000000001001000011000000001000001000100000101101000000100010001000110001000100000101000000000000001001001011001000110000000000000000010001101100000000000000001000100000000000000000000000000011000
000010000110011010100000000000011100000100010010000000000111100000000000101000100111000001010100001100110000110001111000000001001000000000000000000000111100000000000011111100000001100001100000000000000001001000000000010000100000000000010011
000000000000101011101000000000000110000100010000000000000100000000000000001001001010100000110100001011001000001101100110110000110000000000100000001000110100000000001000000100000000001011000000111000000000010000000000000000010000110000000100
100000000100001000011000000000000011001000010000010000000100000000000000000110011001101000011000011111111000011011000000100111100011000010010000000001101101000000001000010010000001111100000001101000000000000000010000100011010001100000010011
010111000111110000000000000000000001101000100000000000000000100000000000000000011101011000001111100000000000000000101000000011000000111010000001101010001101100000110100010000000001100000000110101000001000000001001000100001100000101000001001
110100010001100000000000000000000000010001110000010000000100011000000000000000011001000000001110000000000000010001001100000001000110000110100001110000000001101100011010001000000000000000000000010000001110001111000000000100000000001100000010
011100001000000000000000000000110000010001110010010000000001000000001110000000011010010000010110000000000000000000011110000000000001101101000000010000000011111000111010000000000000000000000000000000000000000001000000100100000000001110010100
000000110000000001100001100000110000000000000000010000000000101000000011000010000101110011010100000000011000011110000110000011000000001100000001000110000011100001000000000010000111000000000000000000010000000000010000000000000000001101010000
000000000000000001010010011001010000000000000001010000000000001100000010100101000000000100011000000000011000001101000100100001000100000000000001000111000101000011000000001000000111100000000000000000010000000000001001100100000000000100100000
000000000000000000110001010100010000000000000010110100000000000110000000001001000000000000000000110000010000001100000100110000000100000000000000000110111111000011000110001000100000000000000000000000000010000100010000100000000000000100100001
000000000000010000100000000010100000000000000000001000000010000000000000001000011100000000000000110100000000000000000000000000000100000000000000000111111111110000001000000000100001100000000000000000000000000011100001110100000000000011000000
000000000000001100000000010001110000000000100000000000000011101010000001100101110100000000000000001100000000000000110000000000000100000001000000010100100000010000010110000011000000110100000000000000100000110000000001000100000000100000000111
110101010000000110000000010100011000000001000000000000000001100000001001100110010000000100101000000110000000000001010001100000000100011010100000001100000000010000110100000000000010000010000000000000100100110000000011010000000001110000000010
110000001000000000000000000000011000000110100001000000000000111010010100000000001100001011100000000101000000010001101110010000000000101100010000011100001100000101111001100010000010000010000000000000100000010000011000011000000001001000000011
110000011100000000000000000000000000000001011000000000000000010011010100000000000100001111100000010000100000101000010100001000000001101010000000000000000010001101000001100111000100010000000000000010111000000000011011000001000000110100000011
000000000000010100000000000000000000000001011001000000000000001011000000001110000000010000000001000001000000100100100101010000000001010000110000000000000001000010000000000010000000000000000000010001000000000000000100000100000000000100000110
000000000000000000000000000000000000000110000000001100000000011010000000001010000001100110001110000011000000001000111100000000110110001010000000000000000001101110000001100001100000000000000000010000000010000000000000001100001000101000000111
000011000000110110000000010000001000000000010011100000000000010010000001011011000000001100001011000000001110001100000110000000010111000000000000000000000000000110000000000000111000000000000000000011000110101000000000010000001001001000101010
001001001010000000100000001000001000000000101101100000000000010010000011100100100010010010110100001011010001001110010100001100000001000000000000011101100000000000000001100000011000000010000000001011000011001110000000011100101000100000011100
000000001000100111110001000000000000001100000111000000000000010100000010011111000001100011000000110011110000110011000100010000010000000000000000011101110000000000000000000000000000010101000000000110000001011111110000000100000000000000001100
010011000000000111110111101111000000001100011011010000000000011100000001111100000000100000000100010110000011110000000110001110000000000000110011101111000110000001100001100000000011000000010000000000000000101100011111100000000000000000000000
011111110000001000011111111000000111000000000000110000000101000000000001101100011000000011011001111010010000110001011110000100000000011000110011001000000001000011100000000000000010001111010000000000000000000110110101100000000000000000000000
010001000001100000001101111000100101000001000000000000001101000000000000000000111010110011000011000010011011001000001100000001011110000000000001001000000000100011001100000000000101111111010100000000000000000000011001000000000000000010000000
000011001100110000101000111000100000010010110000000000010100000010000000001100000010110000000011010100000011010000000111100000110111111000001101101000000000100011100100000000000011000110011100000000000000000001010000000111000010100001000000
000001001000000000001000001000100011010101110000000011000100001111100000000000000000101100000011000000110000011100000000111000011000010000000101111100000000000001011000000110000010001000001000011000000000000001000100011111000101100001100000
000110001000000000011100001100100011011000110000101000001100011001010000000000000000011000000010001011001000011100000000000100001000100000000000010010110101100000110001000000000010001100000001000000000000000000111000011111000100110011000000
001110000000000000011000010010110101100000100000100100000000101111100010111000000000010100000000001010000000000001000011001110000101000000000011000101000101011000000010010011110100010000100001000100011000011000111111000000000011101111000000
000000100000100000010001100010100111000001000000010111010000111010101111000010001100000000000001110000011000000000110100110000000010000000000111001101000100010110000100010000001000010011110000000100000001101000000100011000000000001111000000
101100000010100000010001000100011110000000000000010101110000011110110011000000000010011000000000000011000000000000010111000000000000000000000000000010001100011110000010010000000000001001000010000001011011001000001000011101000001001000000000
100001000000000000011011000011100000000001001000000000000000000100000110000000000101000010000000000000100000000000010010010001001000001000100000000000001010110100100011000000000000000110110001010011100010011000000000010101000001010000100001
100011010000000100000010100000000000000001001101110000000000000000000001100000000010001010000000000001010000000000001100010001100010001100101010000000000110000011100000000000000001110000000001011011011000000000010110000000000001000000000000
110011011101101100000101100000000010000000110000110000000000000010101000000000001010101000010000010010001000000001100011010010000000000100010001000000100010110001000110000010111000000000001001100000110001000000000000000000000001110000110111
100001101101101000000010000000001101100010110100101110111000000000111001110000001011100011010000000010000000000001100000000001110000111000000110000000111011010000001110000110111001000110000001010010001111110000010000000000100000011000111100
001001000000000110100110000000000100000111100010001011010001100000101000100000110000100000010000001010001000000010010001000000000000001000000000000001101000101001011100100111100000001110001001000001000000000001100000000000110100001000000010
000000111101110011100100000000000001011001100000010001100000110001110001000011100000000010110000011101000100000000010000100000000100110000000000000000110010000110011010000011000001101011000000000001000000010000000000000000101001101000010110
000100001011001111000000000000010010000011100100000110100000010001100111000000001110001100011001100000100000000000011010110000110100010000000000000000000010001001010101000000000000000001101000110010000011000100000110000000011010110000110100
001000000011000000001100000000110100000011101000100011000000000110000000000000001000000011100001000011011001000000011000010000001000110000000000000000000011001000010110000000000011000010000000001100000111100000100000000000110011010001100000
100000000111000000001000000000011000000000000110100010000000000011110000111011001110011010101110000001000001000000000010010000000001000000000000000000000011100001111110000000000111110100000001000000000000111101110000000000100011010011100010
000000000010000000000000000001010000001010101111110001000000000000000100010101000000011000110000001001110101100000000000010000000000000000110010000000000000000001110010000000001100100100000000000110100110000000110000000000000001000001100011
001101100101000101000110000000001100010110011000000001110000000000000001000100000000110100000000001010011000100000000010010000000000000001101101000000000100000000000111000000000001000001000000001000000000011000000000000000000000101011000000
010001000000000101001110000001101100001100101000000000000000000001000100000000000000001001000000000000011010011100000000110000000011110000000101000000000000000000000111000011000000100000000100000000010000001000000000000001000001101010000000
011010000000001101100000000000011000000010011001100000000000001100000000000011000000000000000000000000010011000011010000010000001111110000011100000110001000000000000011000010100000000010001010000000001000001100000110000001100001110110110100
010001000000100000000000000000000000000011110011110000000000010010000000000011000000000000000000111000100011000000001100000000000100010100000000000001000000000000000000100010000000000100001100000000001000100100000000000100000000111111110100
000001010000111000000001110000000000000001010010011000000000010010000000011000001110111000000000111000011000110001100000000000001010001100001000000101000000000000000000000000000000000000001100000000000100011000000000011101001000010110010100
000011100000001100000001101000000110000000000000001000000000001100000000000000010000101100010010101000001100100000001011000000000101101000000000000101100000000000000000000000000000000100001100100000001000010010000000001101000000011000000000
000011101011001110000111101000000100000000000000000010000000001100001110000000000000111010000001100000000001100000111000001100000000000000000000000001000001100000000000010000000000000100000000100110010000000000000000000101010100000000111000
011100100000011010000000000100000011011000100000001011000000000000000010000000100000000110001001100110000000000011110111000000000000000000000000000010100111100000000000010000000000000000000001100101000000000000000000000011010100000000000000
011000000000111110000011111000000001110001010000001000110000000111001110000000000010000110011001000110001000000110000110001010010000000000000001110011000111000000000000000000000011000000000011010001100000000000000000000001110010000001001000
001100000001100100000111010000000000000000000000000010000001010011000000000000100100000000111010000010110000000111000100011011001100000000000000000000001100001110000000000000000100101101100101010000000000000000001000000000000001000000101000
000000011110001000001000010000010000010001000100000000000110001100000000000000010110000010000100000100100011000010000001100011010000000000000001010000001100001110000001100100001100101001000011010101100000000000010100000000001010000000100000
000101110000000000000000010000011010000000000000001000000100000100000000000000000000000000111001000111000000000111100010000000011100000000000000100000111100010001000010001011011010100110000000001000000000000000000000000000000001000000011000
011010000000000000001100001000101100000000000011000100100000000000000000000000000010000000000000110011100000100000110011000000001100001010000000000000100000000011100010001010001010100000010000000000000000000001100000000000001001000000011000
001010000000000101001101010000010000100110100010000010101001010110000000000011001000100001000001000010010111000000000100000000001100011010000000000000100000000010000010000001001101100000100110000000000000000001001011000011001000000110000000
001110000000000110001001110000000000101001000000000000101000001110000000000011100001000010100011000001010101000000000011010111110000001000000000000000000000000000000001010000000001000000010001000000000010001000010111100010100101001110010100
000000000000000110000110001010000001001101011001000100110000000110000000111100000010000000000011000001100000000000000011011000000000000000100000000000010000000000000000010001010001000111101100110000000011011101111011010000110100111000011100
000000000000000000000000000001000000001000100000110001100000001000000000110111100000000100000001101000000000000000111100001000011010101100000000000000000000000000000000001010000001101111001000010000000010000010000000010001100010100001011100
000000000000000000000000000110011000110000000000000001100010000000100000001011100000000001100000101000000111000000110001100000100001111010011000000000100100000000001100000110000010010010000000010000000001101100010000100000000010101010000000
100000000001110000000000000000000000000000000000001011000011100001010000111000000000000000000000000000000111000000000000100001100001010101000100000000100100011101011011101000000000010100101111100000000001101101010000000000000000000100000001
011000000001110000000000000000000000000000000000010010000011000001000000000000000000000000000000100110001010000000000110000000000010011011000000000001000100010001100001100000000000001101000100001100000011000101011000000000000000000000000011
000000000001110100000111000000000001100000100000001001000000000000110000000010000000110001100100000110001100000000000000000100101110011011001000000001000000001101110000100000000000000000010000001110000011000101011000000000000000000001000001
000100000001100000000111000000000001100010010000001011100000011000010100000111000100000100011100010011101110000110000110000000000110011111000000011000110000000000000000000000000000000010000000100001100111000011101001100000000000000000100001
000000000001100001000111000111001011000011011000001000110000010100101000000000100111000110010100010011000011000000000100000000000000011100000000010100011001100000000001000000000000000101000000101011100010100000010001100000000000000101000000
000010000000001101000011100101111011000001001000010010101000010100101100000100100100000001111001000111101100100100000000000000000000001110000000001000000100100001000001000000000000000100000000100010000110110000000000000000010000000100000000
000001000000001100001101000001010000110011111011000000110000000110000000000000100010000010000101100000111100110001110000000000000110001110000000000000001000100001100000000000000000000000000000111000011110001001000000000001001000000000000010
000011000000000000101111000000011000010111010011000000100000000110011010000111000010000000111101000000100011100000110000000000000011000010000000000000000101000001100000000000001000000000000000000100110110100001000000110001000000000000000000
001011000000010000100000000000100000010110000011100000100000000010011010000000000010100011000110000000000001000000000000000000000011100000010100000000000011000000000000000000010010110000000001111000110101001001000000010000000000000000000100
000100000011101001000100000000011110000111111101000001100000000110000010110111000010001100010000000000000000011000000000000000000101100000101100000000000010100000000110000010010011111000010001101000010010001110000000100000000000000000001000
000000000000001110001000011000001000000001111110001100110100001110000010001010000000000000010000000000000000000000010000000000000000100010001010011000000111100000000110110010010001110000101000000000010100000101000000000000000000000010000101
000000011010100101100110011011000001000000011000001110010100001000000110101000100000000000000000000000011001000100101000000010100000100011100101010000001100000000000110010001010000000000000000000000000000110011000001110000000000000111000000
000001100011000010010000011101101110100000000000000110010100010000000111011011000001010100100000000000011100000001001000001110111000110000000110100000110111000010000001101000000000000000000000001100101000001000010101100000000000000100100000
000010100000000000010100001011111100100000000001000110000000101000000000010100000000000000100000000000001100001001101100100100100000110110111000100000000010111100000001101100000000000000000001001110010000000001100000000001000000000000110000
000001100100000000001000001000101100010000110010100000001000010000000000000000001000000000001010000110000000000001101000010110000000000101000000000000111011010010000000011100000010110000000001110100000000010101000000100001010000000010100001
100000001000010000001000001001001110010001110011100000000000000000001000010000000000000000101010001100000000100101101000111110000000000000110000011000000000000000000001110000000001100000000000100000000011001000000001000010000000000010100000
100000000000101000001000011000001111001001000001100000000111000000010100000000101000000011010000000100100000001100101010000000000000000110101001000000000000011000000010100000000000100000000000001000001000001100010000000001011000000011000000
100001100000100000010000011000101000011001110000000000000011000000000010000110010100100000110000000100100000000000011110000000110011100000010000001011000000011000000100010000000000000000000000000010001000110100010001001101001000000000000000
000000010000010100000010000000110000010000110000100111000000000000000010000000000110100000001001100000101100000000001000000000000001000110000000010001001100011001000010100000000001110000001110000011101001101101010100011000000000000000000011
000100011000010100000110000110001000000000000001110000000000110000001000000000000010100100000001000000001100000000000001000001110000011000000000000000000110101110100001000000000000010000001000000000100000000100000010000000000000000000000110
010001000000001010000000000001001000000000000110000000010000111000000000001010000000001000000100000000000000000010110001000011000100000100010100000000000010110110100000000000000010010000000001000110111000000000101000000000011011000000000010
000011000000000100000000000001100010000000000110000011100000110000000000001110000000000100000100001000011100000000111000100100011100000000010011000011000000001010000000000000000001100000000110001011011000000001000000000000100001000000000001
000000001000011010000000000000100010000000001110000101110000000001000000000100000000000100010111111000010100000001101001100000111010000100010100000111000000001000000001100000000000000000000110001011001000000011000110001110100000000000000000
000000000000111010000000000000000001000000011111001001001000000110101100000000110000000000011011011000010100000011100000100001100110001100000000000111100000000000000010010000000110000000000001000111000000000100000010001110000010000000000000
000000000000000001100000000110000000000011100001100011011000010000000000101100000000000010011001010000101000000001111100000001001111100100000010000000000000000000000000010001110010000000000000000000000000000000000000000000011111000110000000
000000000000100100010000000110100000001000011111000001010000010001100001100000000000000001000101110000010000000000011100000000011100000000000101011000110110000000000001000001111110001000000000000000000000010000000100000011111101110000000110
000000000010110000001000001110001010000000010011000000100000000001011111000100000111000000101100011100001100000000000000001000010000000000000100011000011011000001100000000011000000001000000000000000000110100000000101100000000100000010010010
000000110100000000110000111000000100001000000000000000000000010010010000000010001110000000110111010000100001000000000000101000000000000000000100001000010000000001100000000001110000001010000000000000000011000100001100010000000100000010010100
000000100000001000010000110001100000000100000000000000000001011011000110000110000100110000000000100100110010110000000011000111000001011000000010100000010011000001100000100001101000000011000000001000000001000000001100100000000010000000010000
000001101100000110000000101000000000000000000000000000101001100110000001001010000011100001100110001000010001000000000010100110000001000000000010000001100010011000000001110000101000000000001000011100000001100000000000010000000000101100000000
000001111000000010010000011000000010000000000000000110001000110010010111010010000001000000000000000000001001100000000000111110000010010000010100000001100010111000000111000010000100010000001000000110011000000000011001100000000001000111000010
000001010000001000110000001000000111100101100000010000001000000010010010011100000000000000000000010000001001000000001000001100000000000001001000000001100111110000100110000100001011010001100101001100010011001100101111001000000000000100000001
000000100001110100010000000000000000000001100000100000010000111000001100001000000000100000000000010010011010000000001000001000000000000000000000000000000111000001100000000000000100000000000101000110000000011000001011000000000000001100011001
000000000000111000000011000000000000000110000001100100000001010100001100000000000001110000000000100011000100000000001000010000000000000000001010000111000000000001000000100000001101110000000100100101100000011100000001000000000010110001000010
000000000000110000000110100000000100000100000001000001100011101100000100001011110000011000000000010100000000000000000000000000000000000000000100000000000000000001011000111000000000000000000001100011110000000000010010110000110101000001010100
000000100000000000000110000000000101010100000011010001010100011101110100010111110000110000000000000000000000000000000100111011000000000001000000000000011110000001000100000000000000000000000011100011110000000000000001110000100000110001100000
000100110000000101000011000000000010000110000011110101101000011000001100001100000110100000010110000000000000000000110000001011000000000000100000000000111001000001000000011100000000001001100011101100000100001000000000000001000010100101110010
011000100000000110001010000000000000000001000010000100010100010000000000100100100010000000100000000000000001000000000000101001110000000001000000000000110110000000010110000011101000011111100110011010000110010100000000000000100010110101000011
111100000000000110000001011000000001000000000010011101011011100000000010110000110001000001000000000000001010000000100010101101110000000000000000000000000000000000010111000000011000001000111000000011000110010000110000000000010010000000000001
010100000000000000000000100000000010001000011100000000010000000111000000011100010100100101011100100001011000000000100100001110000000000000000000000000000000000000011011100000001100000110010100001001000100000011100000000000000010100010000001
011000000000000111010000001000000011100000101110000000000000000110100000000011101101111100010000010001111011000000010000011110001100000000000000000000010000000000011000101010011000001001101000010001000000011110010000000000110001000010000011
011000010000100000011000000000100011101000100000100000000000000100100000010000111000010001101100111000000000000000000000011001100010000001100000000000011000000000001000111000101011010000100001000000000000000000100000000000001000000110000011
100000100001000000001000101100010000001100011110100000000000000010001000001100010101000000100010011100000011000000000000000000110000000001100000000000001100000000000111100101010000010010000110000100000000000000100000000000110000000000100011
000000010000010000000111010110001010010011100001000000000000000001111000000000001100001000000000010110000011000001100001000010100011000001100000000000011100000000000111010101011110000110000110000011000000000100000000001000000001000110110000
000000000000000000000110100010101011010101000010000100100000000000000010001010011001100000000000000000000000100011000011100001011111000101000000000000010000000110000000010101100100011000001000001111000000000111000011000000000100001000010000
000000000100001000000011011000000000000000011000001000001000000000000000001010010100000000000000000000000000011101000100000001000000000110110000000000000110000101000000110000000000001000001111000000000000000111100110001100001000000010110100
000000000100000100000001111100010011010000001000000100000000010000001110000001000110000000110000000001010000011110001100000001011000000010000000000000000000000111011100000110100000000100000111000000000000000000010000001100001000000000001100
010010000011000100000001001000001100000000001000000011101000101000010000001110000000000000110000000010101010000100001110000000111000001111110000000000000000000000100000000110110000110111010011000011111000000000010001110010111011000010001010
010010000000001000000001010000000011000011110000000100000001000010011100000000101100111001010111011100100010000000010011000111110111000010001111000000000000001000100010000000000000000001010000000100000001110000100000000001001000000010000100
001000101000000000000000000000000010001000000000000000000000000010101000000000100000000011000110100000000001001010001000000010011111011100111111100000000000001000010110000001100011100001101111100010001001010000000000000010000001000001100000
001100011000000011100000000000000010001000000000000000010000000010110000000000100000101011000101100000000001010101101110000001101010100001011010010000000000001000000010000001100101101001000001000100001001001110000000000001100001000000000000
001110000100000010000001000000000010000010000001001000011000100001100000000010100000000001001000000101010000010000100000000000001011011110011110000000000010000000000101000011001101101001000000001111001000110110001000000000001000100000000000
010001111000000000011011100000000001000001000001110000010100000000000000000011101100111000100001101010000000110100000000000000000000010000000110110000011101000100000101000010000010000001000001111100011000001010110100000000001000000000000000
011101111000000000111100010000000000110000000001001000110000000000000000000001010010111001100000110000000000100000001100000000001100000011100000000110000000000010000000100001100000000000110001010000001000001100000100000000001001000000000000
001011100000001111110100011000001000000000100000110000011000000010000000000001000000000011100000110011000110000101001100000000000000000111000000001100000111000011111011100001110000000001001011000000101000000000010110000000001000000000000100
000000000000010101100011010000100110100100100010010000000000000000000000000100000000000011100011100011000010100100100000000000000000011011000111000001001110001100000001100000000000000000110010100001000100000000100000000000000010000000001010
000000001100000000000001010000100110101111100011110000000000000000000000001010101000000001100011100111000010100011111000000000010000011000000011000000000010000011011010000010000000000000010011100011000010000000000010000000000000000000001100
011100001000001000100000000000011001001111100001010000000000000000000000000111010000000001100001101100000000011101011100001110001000000000000001110000010110000010000000000111000000000000000011001101010010000010000101000000000100001000000000
000000001100000100101100000000000000000000110000110000000000000010000000000000000000000000000111010110000011011110110010001010000000000000000000010000100001000011100000000000100010100100000000111111000010000001001001000000111000100000000000
001011011010000100111001000000011011000100110000100000000000010010000000000000000000010000000100110110000001000000001100000010001000000000000011111000101000000001011000000100110010111110000000100111011000100000101101110000000001000100110000
000100100000000000010100100000010011111110011000100000011100001011000010000000000000101000000000011100011001111110000000000000100000000000000011000000110000110001110000000111110000100010000000111011011000000001101101110000011001000000000010
000100000000000010010100000000101100000000010001111000010000000011000110000000000000110000000000000000011100100110000000000000000000000110000011100100010100101000111000000100000111000000000001000011000000000001100000000000000110000110000100
001101000000000001010000000000000110100010001110110110011000100110001100000001100000000000000000000000011100111000000001000000000000000110011000001110011100001100100000000011000100010000000010000000000001100001011000110000000000110110001100
001101000000000001111100100010111000000000010000000100000100011100000110000000100000000000000000011100011100000000000010011000000000000010001101111010000101000100001000000000001001010000000100011000000000000001011111000000000000110000000000
100101100000000000100111000100010110100000110111100100000100111000000010000001100000000000100000000100011010000000100010001110000000000000011011000100000001000110000000000001001011010000000010001000100000000000100000000000000001110000001000
000001100000000000011100000100000011001000011000000100000001000000100000000010100001010000110000011100011011000011100000110000000000000000000110000011010001000110000000000000100000100000000010001001010000000000000000000001000001110000011111
010110000000000000000000000001111001001000100000100100000000000001010000000001110011010000010000000000000001000010010011001001000000000000001001110000000010000000000000110000000000000110000001011000000000000000000000000010110001001000000000
101100000000000000000000000000000011010011000000000100000000000010011110000000010001001000000000000000100110001000011000010111000000000000001011111111110010000000000001100000000001111000000001011000000000000000000000000100001001110000100010
011100000010000000001110000011010011000011000000110010000000000000010110000000010000100000000000000000110000011110101011011000000000000000001001010001000010000000000011000001001001110111001000000000000000000000000000000010000000100000101010
001100000101000000000001100001100000000011000000000010111000000001110000000000010000110000000100000000110000010001000100011100000010000000000010000000001110000000000110000011011000000010001000000000000000000000111100000111110001000000000100
000000000101000000001001110000000000000011000000000011111100000000010000000000110000000000000111100010000000000010000000001000001011000000011010000110001100000000000011010100000000000000001100000000000000110001101011000111000000000001111100
000001011010000011100111010000000000000110010000000010000000000000110000000000111000000000000001000001000000011110000000011001010010000000000011000001111110000000000001110010000001110000000101000000001000110000101011000110011110000100001000
000001000000000010100000000000000000000001000000000010111101110000101001100000000000000000000000000011011100001000000000001110001000000001001111000000011110001100000000000100000000001000000101010110000000101000011011000001011100101000010000
000001110000000010000000000001000000000000000001000111100001110000101100110000000000000111000000101000101100000000000000000010000000000010000010000000101010011010000000001000000001000100000000010110000000000000000100000000000001110000000000
101000000000000001010000111001000000000000000000000100000111101000010101101101000000000110000000001010000010000000100010100000000000000010111100000000010100011001100000000000000000011100000000110100000000001000000000001000000001011000000000
011000000000000001111010001000010010000000000110000111000011000010010101101100001110000111000000001000000010000110100001100010010000000110010010000000000100000101000000000000000000000010000000101000000001010000000000111000100001100000000000
001000000000000000100100101000100101100000000011000001110001100000111000001000010100000100100000000011000000000010001000000001001000001110010010000000010100000100001000000000000000000010000000000000000000010000111000100001110000100001000000
000110000011000000001110100000001000011100000010000010000000000000110010000000010000000111000000000000000000001100000000000000001000110000010100000000010010000011000000000000000000000000110000000001010001001000010100110000100000010001000000
000100100010110011000110110111100000000011000001011110101001001000000100000000010100000111000010100000000110000100100100000010000000011000000000000000100010000001101000000000000000000001101100100001011011000100011000001101001000010100000011